Pedestrian 0.0 0 -1.729529857635498 588.7462768554688 174.46255493164062 618.406005859375 242.8976287841797 0.75523674 1.6989769 0.6410225 -0.21862166 1.7412156 18.356844 -1.741438865661621 0.39655205607414246
Car 0.0 0 -1.315781593322754 597.1307373046875 178.09475708007812 725.3478393554688 263.1297302246094 3.8528948 1.424879 1.620661 1.1122519 1.5452133 14.43002 -1.2388546466827393 0.9198995232582092
Car 0.0 0 2.0051839351654053 337.0205993652344 175.46807861328125 620.468505859375 360.3190612792969 3.6748896 1.4971371 1.5675046 -1.1860856 1.5332434 7.88089 1.8558036088943481 0.8689612746238708
Car 0.0 0 -1.8167991638183594 949.2779541015625 192.9246368408203 1242.0 375.0 3.166438 1.4315653 1.5197467 3.9139192 1.6531383 6.2088475 -1.2543420791625977 0.8531352877616882
Car 0.0 0 1.745952844619751 740.4887084960938 170.07095336914062 792.4825439453125 206.33302307128906 4.07179 1.5538933 1.6477181 7.1989803 1.4349933 33.112663 1.9600300788879395 0.7230865955352783
Car 0.0 0 -0.5963562726974487 0.0 183.7256622314453 399.4700012207031 375.0 3.815452 1.432285 1.5509228 -2.7707875 1.5135856 3.3217504 -1.291567325592041 0.6443494558334351
Car 0.0 0 -1.6022236347198486 887.6983032226562 180.1131591796875 952.6439819335938 238.3217315673828 2.9270563 1.460222 1.5546631 8.54582 1.6799225 20.153698 -1.2011728286743164 0.6249045133590698
Car 0.0 0 -2.855933904647827 596.5090942382812 166.8523406982422 703.5033569335938 207.0468292236328 3.925012 1.5102472 1.6300958 1.5480988 1.285102 28.530588 -2.8017261028289795 0.6157082915306091
Car 0.0 0 1.538337230682373 864.0145874023438 174.49684143066406 888.5640869140625 195.1702117919922 4.0285172 1.5064201 1.6220785 20.267717 1.6371396 55.085556 1.8908965587615967 0.5860604047775269
Car 0.0 0 -1.4868124723434448 878.6677856445312 180.81106567382812 939.2064819335938 230.24705505371094 3.6652951 1.5025721 1.6029236 10.187177 1.7958894 24.566463 -1.0937168598175049 0.48440834879875183
