Pedestrian 0.0 0 -2.4824459552764893 165.8499755859375 184.25320434570312 206.03927612304688 247.45278930664062 0.7236958 1.7332542 0.6577853 -11.966772 2.060105 20.291485 -3.015289783477783 0.24521887302398682
Pedestrian 0.0 0 -1.5851627588272095 896.0269165039062 153.927490234375 921.1299438476562 223.4997100830078 1.3285804 1.7894901 0.5966718 7.92012 1.3030334 19.283575 -1.1954506635665894 0.16687896847724915
Pedestrian 0.0 0 -2.815502643585205 441.1952209472656 177.48605346679688 468.92681884765625 234.351806640625 0.6907474 1.7749567 0.6518701 -4.9670734 1.9249327 22.940542 -3.028730630874634 0.15172822773456573
Pedestrian 0.0 0 2.9723150730133057 356.6704406738281 153.13723754882812 391.9408874511719 229.93954467773438 0.7325121 1.8495623 0.6213088 -5.8732004 1.3750988 17.81946 2.653933048248291 0.11167892813682556
Pedestrian 0.0 0 -1.3149285316467285 538.9407958984375 170.52310180664062 555.1787719726562 205.98849487304688 0.7894923 1.7998694 0.65331954 -3.2663758 1.6819341 37.059086 -1.4028409719467163 0.10733118653297424
Pedestrian 0.0 0 -1.227410078048706 558.0003662109375 167.69886779785156 572.9063720703125 199.32850646972656 0.75494015 1.8527796 0.6662873 -2.668482 1.5511634 42.718067 -1.2897963523864746 0.10032626986503601
Cyclist 0.0 0 1.5492817163467407 896.28564453125 153.5675506591797 921.5712890625 223.99105834960938 1.4822308 1.7990304 0.5859317 7.9044724 1.3066994 19.226465 1.9393413066864014 0.19861534237861633
Cyclist 0.0 0 -1.8814786672592163 1016.4202880859375 105.6629409790039 1118.458984375 271.2682189941406 1.7049888 1.7308033 0.49364582 5.225729 1.0289221 8.425205 -1.3263027667999268 0.1257520616054535
Car 0.0 0 -1.4353011846542358 669.5706787109375 170.0185089111328 716.59814453125 205.64840698242188 3.4129822 1.4872348 1.6250933 3.6885953 1.369236 31.969707 -1.3204312324523926 0.7068518400192261
Car 0.0 0 1.8470203876495361 590.4190063476562 176.2401580810547 636.5132446289062 204.16102600097656 3.8974457 1.4742172 1.598182 0.213224 1.6754014 40.696224 1.8522597551345825 0.6144067049026489
