Pedestrian 0.0 0 0.34308281540870667 140.1630859375 179.42295837402344 172.8404083251953 230.49456787109375 0.81335324 1.7722652 0.6364755 -16.087614 2.0087757 25.5374 -0.21907737851142883 0.5216888189315796
Pedestrian 0.0 0 0.09912681579589844 412.76080322265625 167.01853942871094 436.7167663574219 222.85560607910156 0.6882562 1.7648131 0.6201465 -5.9874086 1.580733 23.161667 -0.15384048223495483 0.3119736313819885
Pedestrian 0.0 0 -1.3911923170089722 661.949951171875 159.28982543945312 687.5906982421875 215.20651245117188 1.1510751 1.7913213 0.64772534 2.095464 1.3571438 23.752792 -1.3032004833221436 0.2823334038257599
Pedestrian 0.0 0 -1.7371331453323364 972.595458984375 142.85498046875 1007.684326171875 217.26116943359375 0.7328265 1.8231524 0.6659244 9.492701 1.0884537 18.128632 -1.254760503768921 0.2818743586540222
Pedestrian 0.0 0 -1.642436146736145 347.35394287109375 177.95948791503906 357.71484375 203.94174194335938 0.62212306 1.7951071 0.6385982 -18.023884 2.1552012 50.42396 -1.9857295751571655 0.2342296838760376
Cyclist 0.0 0 -2.44748592376709 662.9367065429688 161.58091735839844 723.745361328125 222.2904510498047 1.9146535 1.7863505 0.5907188 2.4888546 1.4550031 22.12347 -2.335458517074585 0.42264115810394287
Cyclist 0.0 0 -1.5883188247680664 652.7357788085938 167.58895874023438 669.6312866210938 216.6280059814453 1.8052604 1.6740054 0.5602038 1.7572032 1.4946349 25.543556 -1.5196346044540405 0.22053569555282593
Cyclist 0.0 0 -1.479220986366272 663.9421997070312 159.85011291503906 685.4805297851562 214.77325439453125 1.4795862 1.7630574 0.5818231 2.1120665 1.3459849 23.938787 -1.391221046447754 0.20388799905776978
Car 0.0 0 -1.3733872175216675 419.4294738769531 174.4977264404297 528.6221923828125 255.88038635253906 3.8587139 1.5735834 1.6328592 -2.9152312 1.6147547 15.969952 -1.5539439916610718 0.8667226433753967
Car 0.0 0 2.0015323162078857 234.09059143066406 185.19436645507812 323.164794921875 229.675537109375 3.946133 1.5128686 1.5906497 -12.602134 2.019242 27.608747 1.5733239650726318 0.8514823913574219
Car 0.0 0 1.55952787399292 585.384521484375 172.9205780029297 611.0724487304688 197.21388244628906 3.8370218 1.5091637 1.596938 -0.8190751 1.5140164 46.772415 1.5420176982879639 0.29790595173835754
Car 0.0 0 2.2644500732421875 0.0 183.25668334960938 114.57942199707031 235.80641174316406 3.851507 1.4890921 1.5740452 -18.101278 1.8515437 23.163603 1.6011208295822144 0.25564953684806824
