Pedestrian 0.0 0 3.0123417377471924 390.8770446777344 149.06082153320312 438.3589782714844 245.2980194091797 0.83457583 1.8441216 0.5924121 -3.9164577 1.3885486 14.258146 2.7442710399627686 0.3233988881111145
Pedestrian 0.0 0 2.549372911453247 699.677490234375 175.06875610351562 723.03466796875 218.0286102294922 0.83178014 1.8531231 0.57890534 4.3988814 1.9518735 31.609756 2.6876471042633057 0.2744348645210266
Pedestrian 0.0 0 -1.3127963542938232 668.15087890625 180.59844970703125 678.5079345703125 202.1904296875 0.7571167 1.7741328 0.689491 5.2534 2.4246147 60.09545 -1.2256004810333252 0.16933825612068176
Pedestrian 0.0 0 -2.113522529602051 308.46575927734375 125.39739227294922 376.9001770019531 257.5874938964844 0.75677603 1.8228698 0.62510574 -3.91698 1.1688123 10.426913 -2.472872257232666 0.11497379839420319
Cyclist 0.0 0 1.5656185150146484 431.8154296875 170.69041442871094 457.4237365722656 257.611572265625 1.6617734 1.8062505 0.52087855 -3.6926892 1.7616484 15.859674 1.336859107017517 0.11396662145853043
Cyclist 0.0 0 2.0852608680725098 386.95892333984375 148.30955505371094 439.5954895019531 247.2777099609375 0.98847395 1.8783046 0.5951348 -3.9203286 1.4128363 14.2430315 1.816666603088379 0.1090608686208725
Cyclist 0.0 0 -1.216416597366333 569.8577270507812 188.60987854003906 581.9483032226562 211.7907257080078 1.6072645 1.7499045 0.41372183 -2.685831 3.0004437 56.42053 -1.2639844417572021 0.10021645575761795
Car 0.0 0 1.4090960025787354 654.1605834960938 188.56552124023438 701.6030883789062 224.79042053222656 3.9614282 1.5400096 1.627066 3.1411965 2.3352609 34.468704 1.4999767541885376 0.7994606494903564
Car 0.0 0 -1.7434275150299072 815.2193603515625 178.51397705078125 1007.2526245117188 334.0523986816406 3.3301098 1.5038083 1.548102 3.4194562 1.5878855 8.886513 -1.3761000633239746 0.2247966229915619
Car 0.0 0 2.8688037395477295 0.0 166.06654357910156 220.59681701660156 375.0 3.9666631 1.5103614 1.5876034 -4.984151 1.4861987 4.7283115 2.057070255279541 0.11498093605041504
Car 0.0 0 1.3652235269546509 659.3400268554688 177.90362548828125 686.155517578125 196.29579162597656 3.7209702 1.4991344 1.5569608 5.3212156 1.9456956 61.814857 1.4510949850082397 0.10105270147323608
