Car 0.0 0 -1.3034050464630127 350.1280822753906 186.94638061523438 536.5297241210938 316.2286682128906 3.895754 1.4507425 1.6219126 -2.2388613 1.6955054 10.519534 -1.5131051540374756 0.9165788292884827
Car 0.0 0 -1.6427255868911743 728.0982666015625 182.16221618652344 802.6484375 249.08892822265625 3.1056607 1.4591113 1.5585039 3.7056463 1.7106751 17.827286 -1.4377802610397339 0.7788385152816772
Car 0.0 0 -2.8457274436950684 393.6282043457031 174.89151000976562 522.0050048828125 220.64892578125 3.9133873 1.4667048 1.604895 -5.090692 1.5381076 24.183996 -3.053196907043457 0.7660341858863831
Car 0.0 0 2.3293070793151855 0.0 198.88804626464844 340.1622009277344 375.0 3.6856084 1.4358333 1.5424747 -2.9065976 1.6294564 3.4673276 1.6316554546356201 0.7544714212417603
Car 0.0 0 1.6705799102783203 564.4995727539062 175.05262756347656 611.2659301757812 215.19619750976562 3.6980436 1.5497121 1.5808084 -0.90198237 1.647157 29.959318 1.6404820680618286 0.7030618786811829
Car 0.0 0 -1.606264591217041 717.6356811523438 184.28680419921875 775.1852416992188 238.64816284179688 3.7371423 1.4869361 1.612224 4.134736 1.8754188 22.52628 -1.4247336387634277 0.6625912189483643
Car 0.0 0 1.6038089990615845 686.5736083984375 179.08114624023438 709.2556762695312 200.10128784179688 3.9172235 1.4912307 1.5731082 6.637834 1.9793653 54.45975 1.7250958681106567 0.5502698421478271
Car 0.0 0 -2.32057523727417 910.4824829101562 187.01153564453125 1242.0 375.0 3.8472626 1.4236767 1.5730976 2.4814303 1.5104733 2.4472377 -1.5282396078109741 0.45727264881134033
Car 0.0 0 0.16025081276893616 512.3695678710938 169.20571899414062 581.5215454101562 196.36257934570312 3.7517402 1.5263196 1.6267923 -3.628942 1.3216301 41.498535 0.07302522659301758 0.3386971950531006
Car 0.0 0 1.8020002841949463 589.64892578125 176.5044708251953 637.3320922851562 207.69764709472656 4.0410376 1.5374482 1.6439304 0.20694883 1.7421091 38.222115 1.8074146509170532 0.329611212015152
