Pedestrian 0.0 0 2.788557291030884 752.40869140625 167.89654541015625 798.3344116210938 251.50518798828125 0.8618003 1.8468451 0.5796362 3.6744223 1.7376971 16.279058 3.010551929473877 0.36959579586982727
Pedestrian 0.0 0 -3.253948211669922 792.6904907226562 155.6451416015625 841.0472412109375 259.53240966796875 0.78743964 1.852438 0.595826 3.7275136 1.5459406 13.22083 -2.9791390895843506 0.2009923905134201
Pedestrian 0.0 0 -0.7194540500640869 767.1835327148438 154.88902282714844 818.1744995117188 248.4665069580078 0.82063675 1.8375268 0.58315873 3.6468585 1.4851171 14.612601 -0.4748806655406952 0.19410112500190735
Pedestrian 0.0 0 -2.208604097366333 670.1166381835938 173.00909423828125 688.6655883789062 209.4578857421875 0.7035548 1.7765235 0.6129805 3.386788 1.7846392 35.62864 -2.113830804824829 0.16602957248687744
Pedestrian 0.0 0 -3.6068708896636963 961.6626586914062 112.16740417480469 1054.7176513671875 294.6927490234375 0.60707927 1.815796 0.6783413 4.0758553 1.2124325 7.523718 -3.110395908355713 0.13696351647377014
Cyclist 0.0 0 -1.2137783765792847 525.107177734375 191.28709411621094 541.2239990234375 223.62503051757812 1.6232264 1.7319027 0.35468072 -4.3310456 2.7860713 40.416954 -1.3205301761627197 0.20908887684345245
Car 0.0 0 -1.7114721536636353 663.7295532226562 191.7673797607422 746.0435791015625 259.8692932128906 3.7920737 1.5193056 1.6104984 2.3520634 2.0695598 19.065405 -1.5887242555618286 0.890505313873291
Car 0.0 0 -1.7287256717681885 610.8373413085938 157.9958038330078 638.5992431640625 179.67237854003906 3.7376316 1.6991626 1.6789637 1.1363637 0.53483033 58.523262 -1.70931077003479 0.2505127489566803
Car 0.0 0 1.7924922704696655 530.9534301757812 188.3849639892578 570.68115234375 215.06959533691406 3.8590221 1.4947424 1.6512915 -3.6577995 2.5030463 44.798508 1.711022973060608 0.18404468894004822
Car 0.0 0 1.5978978872299194 643.9241943359375 186.00384521484375 666.9690551757812 208.97877502441406 3.9412 1.6158243 1.6526018 3.4753904 2.65775 55.111614 1.6608754396438599 0.17256131768226624
Car 0.0 0 2.185891628265381 562.3319702148438 169.5211639404297 602.8768920898438 190.2030792236328 3.616587 1.6836264 1.6189982 -2.2970786 1.4126714 60.691612 2.1480612754821777 0.1289704293012619
