Pedestrian 0.0 0 -1.1552680730819702 483.4893493652344 156.1901092529297 499.4701843261719 190.39451599121094 0.7073822 1.9475332 0.6801424 -6.850146 0.99908173 41.507526 -1.3188276290893555 0.32738715410232544
Pedestrian 0.0 0 1.791459560394287 0.0 141.22084045410156 60.641300201416016 254.68984985351562 1.0346898 1.7561506 0.56939304 -9.479565 1.2669245 11.754339 1.112783670425415 0.3265966773033142
Cyclist 0.0 0 1.791459560394287 0.0 141.22084045410156 60.641300201416016 254.68984985351562 1.0346898 1.7561506 0.56939304 -9.479565 1.2669245 11.754339 1.112783670425415 0.13356637954711914
Car 0.0 0 -1.8027961254119873 705.8057861328125 186.5117645263672 833.667236328125 273.4564208984375 3.6923962 1.4106864 1.5959395 2.9225526 1.7144763 14.159355 -1.5992501974105835 0.9009047746658325
Car 0.0 0 1.8821018934249878 166.38841247558594 182.12867736816406 430.0668029785156 363.3484191894531 3.6435597 1.4907981 1.5531439 -3.1685207 1.6179636 7.9933634 1.5047080516815186 0.8890578746795654
Car 0.0 0 1.7504956722259521 443.24407958984375 178.54434204101562 524.2802734375 234.6054229736328 3.9042592 1.4155651 1.5962952 -3.5380752 1.5936515 20.573717 1.580190896987915 0.8551698923110962
Car 0.0 0 1.4716100692749023 657.1279296875 180.19801330566406 707.4098510742188 220.75543212890625 4.05432 1.4964995 1.6272236 2.8310747 1.8166391 29.385544 1.5676560401916504 0.8056300282478333
Car 0.0 0 1.623544692993164 502.0001525878906 173.63064575195312 546.5189819335938 214.44964599609375 3.6934383 1.5197176 1.5741391 -3.4096062 1.5531459 28.826574 1.5058116912841797 0.7836880683898926
Car 0.0 0 -2.1767163276672363 863.92822265625 69.47819519042969 1242.0 375.0 4.107519 1.6025591 1.6531317 2.842086 1.3358215 3.9314113 -1.5507744550704956 0.381183385848999
Car 0.0 0 1.7911630868911743 528.7003173828125 177.51173400878906 574.08203125 207.50099182128906 3.8696313 1.476656 1.586667 -3.0813653 1.7365857 38.18141 1.7106343507766724 0.3797775208950043
Car 0.0 0 1.4858938455581665 645.4554443359375 174.90757751464844 681.6832885742188 205.51742553710938 3.872328 1.5214252 1.5729477 2.7415395 1.635675 38.06777 1.5577870607376099 0.37631314992904663
