Pedestrian 0.0 0 0.4382750988006592 123.79869842529297 155.38992309570312 221.18515014648438 300.9751892089844 0.8696335 1.6833333 0.49118212 -5.2095327 1.3946812 8.463544 -0.1134825348854065 0.6772093176841736
Pedestrian 0.0 0 -1.5626866817474365 840.0077514648438 174.09274291992188 868.9203491210938 244.76255798339844 0.7909874 1.7353777 0.67366517 6.25998 1.5796378 17.84362 -1.2252774238586426 0.28335559368133545
Pedestrian 0.0 0 0.6195331811904907 248.90054321289062 168.40724182128906 305.4486999511719 260.6805419921875 0.74283314 1.7264774 0.66214514 -6.34854 1.5018525 13.617469 0.18328475952148438 0.1707010716199875
Pedestrian 0.0 0 -3.3443288803100586 834.3649291992188 192.38194274902344 875.4232177734375 281.8658447265625 0.63208365 1.7042378 0.70779765 4.881255 1.9471143 13.958044 -3.007913112640381 0.13493765890598297
Pedestrian 0.0 0 -1.8574687242507935 837.401123046875 147.1782684326172 893.7640380859375 252.40811157226562 1.3420302 1.7649974 0.57527816 4.552486 1.2077485 12.5416355 -1.509268879890442 0.1335829496383667
Pedestrian 0.0 0 1.7586240768432617 525.7227172851562 165.90663146972656 566.2435913085938 263.6335144042969 0.75946075 1.7367494 0.61248475 -1.116623 1.4790468 12.969245 1.6727380752563477 0.12954960763454437
Cyclist 0.0 0 0.3968259394168854 35.530860900878906 190.55380249023438 111.08517456054688 251.44186401367188 1.6003385 1.6935198 0.6849044 -15.322702 1.9922298 20.363644 -0.2482437789440155 0.2901970148086548
Cyclist 0.0 0 -2.076603889465332 0.0 179.357421875 63.109893798828125 263.05401611328125 1.8145443 1.6089064 0.6289058 -11.868001 1.5885758 14.207254 -2.7725298404693604 0.2218264788389206
Cyclist 0.0 0 -1.8207975625991821 840.712646484375 146.72023010253906 898.5897827148438 253.0078582763672 1.6525687 1.7381809 0.54977065 4.5670586 1.1874137 12.4079 -1.46811044216156 0.17101934552192688
Cyclist 0.0 0 1.6511082649230957 82.67271423339844 162.86514282226562 122.60991668701172 258.197509765625 1.664345 1.676045 0.4826512 -9.447062 1.3676494 13.263853 1.0322139263153076 0.14392024278640747
Cyclist 0.0 0 -2.1083478927612305 1151.9630126953125 165.77418518066406 1224.0 267.15228271484375 1.6315279 1.6090496 0.5179488 10.07428 1.3769802 12.063521 -1.4125663042068481 0.12887509167194366
Car 0.0 0 2.3416295051574707 0.0 184.5170135498047 123.0800552368164 234.7798614501953 4.1857257 1.5201944 1.6437702 -18.714607 1.6698086 23.893978 1.6771947145462036 0.23400846123695374
