Pedestrian 0.0 0 -1.3342370986938477 418.1979064941406 152.4542236328125 438.9634094238281 200.77023315429688 0.85742426 1.8783939 0.6124615 -7.197953 1.0856645 28.480707 -1.5817842483520508 0.29293447732925415
Pedestrian 0.0 0 -0.17309671640396118 1122.6751708984375 168.0676727294922 1154.0133056640625 227.69789123535156 0.6566951 1.7499621 0.6322859 15.763166 1.6098561 21.60078 0.4573178291320801 0.2816428542137146
Pedestrian 0.0 0 -2.3318867683410645 1009.936279296875 175.97438049316406 1044.6641845703125 223.9165496826172 0.85056067 1.6483448 0.6482825 14.615256 1.7604997 25.35864 -1.8090442419052124 0.24931451678276062
Pedestrian 0.0 0 -1.4030247926712036 438.56549072265625 158.271484375 452.35406494140625 191.08770751953125 0.653521 1.9212966 0.69493294 -9.74281 1.0678896 42.58731 -1.6279271841049194 0.2089337855577469
Pedestrian 0.0 0 -0.8423969745635986 911.5037841796875 149.12635803222656 948.038818359375 213.226806640625 0.73774 1.8457897 0.6589388 9.357913 1.162904 21.226807 -0.4271751940250397 0.18570327758789062
Pedestrian 0.0 0 -0.7870495915412903 1130.814208984375 142.82296752929688 1189.8914794921875 234.35302734375 0.73519474 1.7985103 0.60246086 11.019131 1.2087766 14.5239725 -0.13801278173923492 0.18539148569107056
Pedestrian 0.0 0 -1.514861822128296 976.3142700195312 173.8402099609375 1047.00048828125 291.940673828125 1.0698639 1.7254695 0.9074581 6.218645 1.7421501 11.244998 -1.0097072124481201 0.18229316174983978
Pedestrian 0.0 0 -3.594233989715576 1063.6268310546875 146.68377685546875 1117.7620849609375 232.38658142089844 0.78757125 1.8088971 0.60286677 10.316015 1.2568898 15.577225 -3.0092954635620117 0.17468051612377167
Pedestrian 0.0 0 -3.603060722351074 1179.98095703125 165.5087127685547 1234.9814453125 236.26312255859375 0.8839118 1.794312 0.6908325 15.448315 1.6083958 18.731684 -2.9134297370910645 0.16505150496959686
Pedestrian 0.0 0 2.7991342544555664 823.101806640625 170.1244659423828 862.1021728515625 241.4746551513672 0.7880139 1.7875676 0.6037519 5.8725615 1.7195413 18.389097 3.108247756958008 0.14379021525382996
Pedestrian 0.0 0 -1.6787775754928589 585.0079956054688 154.2439727783203 601.1034545898438 196.18344116210938 0.5910918 1.9231318 0.6847306 -0.82711804 1.0701283 33.421562 -1.7035205364227295 0.1409224420785904
Pedestrian 0.0 0 1.188866376876831 1115.3839111328125 135.47784423828125 1155.607421875 192.44512939453125 1.6376921 1.8339117 0.5082583 17.471416 0.6310431 24.081322 1.8165136575698853 0.11645909398794174
Pedestrian 0.0 0 -2.014791965484619 1146.873046875 194.52786254882812 1242.0 375.0 1.5257118 1.5959334 0.50371164 5.9909234 1.8380371 7.2438583 -1.323782205581665 0.10424920171499252
Cyclist 0.0 0 -2.014791965484619 1146.873046875 194.52786254882812 1242.0 375.0 1.5257118 1.5959334 0.50371164 5.9909234 1.8380371 7.2438583 -1.323782205581665 0.24913151562213898
Cyclist 0.0 0 1.188866376876831 1115.3839111328125 135.47784423828125 1155.607421875 192.44512939453125 1.6376921 1.8339117 0.5082583 17.471416 0.6310431 24.081322 1.8165136575698853 0.2237602323293686
Cyclist 0.0 0 -2.304081916809082 1009.448974609375 175.790283203125 1045.84765625 223.84230041503906 0.93307817 1.6480619 0.64707375 14.610311 1.7536501 25.331928 -1.7809300422668457 0.13902497291564941
Car 0.0 0 -1.789039134979248 685.568115234375 179.8465118408203 804.9976196289062 259.7101135253906 3.9852629 1.4362162 1.6250092 2.6675782 1.6050733 15.3561325 -1.6170413494110107 0.8634173274040222
