Pedestrian 0.0 0 -0.6857140064239502 912.9046020507812 177.52423095703125 984.0182495117188 278.4391784667969 0.88934195 1.7209649 0.6992739 6.080127 1.654445 12.692554 -0.2389819324016571 0.541634738445282
Pedestrian 0.0 0 0.8087255954742432 986.5433349609375 152.82479858398438 1109.724365234375 333.5575256347656 0.8443977 1.7962952 0.7276411 4.666701 1.5126617 7.6264367 1.3578572273254395 0.5374047160148621
Pedestrian 0.0 0 -1.8415852785110474 536.0316772460938 168.53713989257812 562.2770385742188 225.10067749023438 0.93035096 1.7968578 0.6232188 -1.732156 1.3861679 23.359907 -1.9156006574630737 0.5223821401596069
Pedestrian 0.0 0 -1.8696879148483276 663.8878784179688 171.6222686767578 690.7445068359375 227.49095153808594 0.8821694 1.8487183 0.670359 2.532201 1.5229459 24.265041 -1.765708327293396 0.4967273771762848
Pedestrian 0.0 0 2.405123472213745 722.0895385742188 156.9495849609375 782.8356323242188 258.3340759277344 0.9273307 1.8563114 0.6621634 2.832727 1.4080689 13.6703825 2.609448194503784 0.4481085538864136
Pedestrian 0.0 0 -1.3391271829605103 842.8709716796875 155.3358917236328 938.1611938476562 350.08026123046875 0.7263693 1.7138935 0.69404674 2.7006466 1.4850123 6.8156595 -0.9618651866912842 0.41786840558052063
Pedestrian 0.0 0 -0.4186781644821167 1098.633056640625 130.65025329589844 1163.6868896484375 240.02706909179688 0.6801688 1.7239641 0.55946547 8.545697 0.923783 11.665026 0.21358799934387207 0.3869801163673401
Pedestrian 0.0 0 -1.372501015663147 706.6332397460938 177.8876190185547 741.1163330078125 255.00076293945312 0.8307962 1.7464 0.6445337 2.8298824 1.6658032 16.76883 -1.205317735671997 0.3722749352455139
Pedestrian 0.0 0 1.3514328002929688 966.8718872070312 125.3641586303711 1028.2613525390625 258.33282470703125 0.79438925 1.8268068 0.61101073 5.6347194 1.0568993 10.332456 1.8506925106048584 0.3356148898601532
Pedestrian 0.0 0 -0.11430667340755463 688.97216796875 167.68878173828125 715.1484375 223.29922485351562 0.8043272 1.8532302 0.6612309 3.3703794 1.3940518 24.276089 0.023646831512451172 0.326200932264328
Pedestrian 0.0 0 -0.24923205375671387 1078.1429443359375 125.36951446533203 1171.8642578125 283.7323303222656 0.77463406 1.8259449 0.677377 6.2930593 1.1801015 8.736896 0.37497901916503906 0.31844839453697205
Pedestrian 0.0 0 -1.3643486499786377 745.281005859375 182.89955139160156 793.6470947265625 287.8348083496094 0.7670519 1.7403907 0.6732729 2.8696122 1.7668055 12.413656 -1.1371734142303467 0.30921119451522827
Pedestrian 0.0 0 1.7582850456237793 12.445393562316895 186.82899475097656 52.97523880004883 252.6379852294922 1.232387 1.6097045 0.59526956 -14.553871 1.7521867 18.362494 1.088080644607544 0.24892500042915344
Pedestrian 0.0 0 0.13056617975234985 479.1192626953125 167.39451599121094 526.6371459960938 226.4835968017578 1.4007366 1.815773 0.6090942 -3.0879567 1.3834344 22.380522 -0.006543319672346115 0.16849128901958466
Cyclist 0.0 0 1.711010456085205 9.124783515930176 186.6830596923828 48.305850982666016 252.87234497070312 1.4575168 1.6124783 0.58914983 -14.680735 1.7520036 18.395956 1.0374648571014404 0.31552034616470337
Cyclist 0.0 0 2.001763343811035 348.026123046875 169.576416015625 423.11102294921875 268.18939208984375 1.9116194 1.7709066 0.6536917 -4.167106 1.5580515 13.889325 1.7102861404418945 0.3064289689064026
Cyclist 0.0 0 -1.2027734518051147 558.9482421875 184.3080291748047 577.4041748046875 220.58230590820312 1.4909154 1.6435074 0.34670675 -1.550322 1.7780591 33.42306 -1.2491250038146973 0.2811158299446106
Cyclist 0.0 0 0.13056617975234985 479.1192626953125 167.39451599121094 526.6371459960938 226.4835968017578 1.4007366 1.815773 0.6090942 -3.0879567 1.3834344 22.380522 -0.006543319672346115 0.2611076235771179
Cyclist 0.0 0 -0.6505895256996155 914.5421752929688 178.4013671875 987.0700073242188 277.9319763183594 0.9182682 1.6986504 0.695223 6.119025 1.6470487 12.689311 -0.2012677639722824 0.15434680879116058
Cyclist 0.0 0 2.4215033054351807 725.337646484375 164.8332061767578 788.852294921875 265.804931640625 0.9978277 1.8458669 0.65311074 2.918413 1.5424472 13.657727 2.632019519805908 0.11076132208108902
Cyclist 0.0 0 -3.052262544631958 670.3411254882812 171.26597595214844 698.9939575195312 226.81593322753906 0.9058688 1.8419834 0.6631761 2.7883306 1.5037183 24.233118 -2.9377036094665527 0.10881989449262619
Cyclist 0.0 0 -1.8058581352233887 536.26953125 168.4103546142578 561.903076171875 225.38246154785156 1.0084511 1.8084939 0.6116062 -1.7361562 1.3940852 23.37322 -1.8800016641616821 0.1011367067694664
Car 0.0 0 2.2587666511535645 0.0 196.69041442871094 392.0679626464844 374.0 3.690238 1.4179083 1.5245596 -2.757411 1.5494506 4.234294 1.681541919708252 0.7816202044487
Car 0.0 0 1.8117021322250366 53.29304504394531 193.65162658691406 116.60466003417969 227.24351501464844 3.9289513 1.4763353 1.6307414 -25.248278 2.1092029 35.231567 1.189896821975708 0.3509937822818756
