Pedestrian 0.0 0 1.368712067604065 796.1170654296875 156.41781616210938 840.1452026367188 250.96853637695312 0.841059 1.724066 0.6351963 4.032299 1.267977 13.542344 1.658107876777649 0.7644619345664978
Pedestrian 0.0 0 -1.672882318496704 470.4538879394531 180.3663787841797 504.9203186035156 260.6047668457031 0.79900223 1.614457 0.62585735 -2.4079888 1.5928916 14.9177685 -1.8329193592071533 0.6531729698181152
Pedestrian 0.0 0 -1.6307017803192139 550.5343017578125 166.9579315185547 575.6407470703125 224.7875518798828 0.91298264 1.7872488 0.7362876 -1.245513 1.3389325 22.693464 -1.6855310201644897 0.6068586111068726
Pedestrian 0.0 0 1.3190010786056519 576.1036376953125 164.9450225830078 608.64599609375 239.6306915283203 0.9205374 1.7982179 0.59367615 -0.26683936 1.4008173 17.81508 1.3040238618850708 0.5680525302886963
Pedestrian 0.0 0 2.1542177200317383 944.8031616210938 158.58273315429688 1022.8881225585938 300.2025451660156 0.6415454 1.7220496 0.6309524 4.8263683 1.4447244 9.163075 2.6390116214752197 0.5673259496688843
Pedestrian 0.0 0 -1.022505283355713 128.31317138671875 181.81686401367188 289.2799987792969 374.0 0.83431816 1.6173524 0.61752313 -2.6770542 1.6210961 4.8812056 -1.5241509675979614 0.5448650121688843
Pedestrian 0.0 0 -2.6956827640533447 512.8338623046875 164.43783569335938 550.4058837890625 229.48216247558594 0.84883434 1.7429842 0.60085166 -1.9398443 1.2869346 19.673553 -2.793966770172119 0.5104447603225708
Pedestrian 0.0 0 2.1085784435272217 699.0629272460938 153.75184631347656 734.2054443359375 215.0184326171875 0.9030983 1.7940094 0.6771184 3.4385016 0.98261976 21.595295 2.266477584838867 0.46373069286346436
Pedestrian 0.0 0 -0.7726184725761414 209.9650115966797 160.36334228515625 300.7215881347656 326.7833251953125 0.63122475 1.642319 0.57356817 -3.6414933 1.4351006 7.4803147 -1.225658655166626 0.44185471534729004
Pedestrian 0.0 0 1.417900800704956 539.3587036132812 166.34437561035156 555.2376708984375 206.68800354003906 0.9151336 1.857889 0.60676426 -2.546873 1.1608759 33.59228 1.3422284126281738 0.43367111682891846
Pedestrian 0.0 0 -1.7899365425109863 365.2090148925781 187.76905822753906 412.65472412109375 280.4635925292969 0.6677293 1.6441387 0.71034145 -3.9695964 1.7652497 13.266104 -2.0806853771209717 0.355929434299469
Pedestrian 0.0 0 -0.9163132905960083 780.2779541015625 177.27850341796875 816.27294921875 241.1856689453125 0.670712 1.6524235 0.6448651 5.1821933 1.5444441 19.03077 -0.6504533290863037 0.3425845801830292
Pedestrian 0.0 0 -1.9143201112747192 592.9716186523438 167.48658752441406 613.7870483398438 212.60195922851562 0.8167494 1.7857044 0.5964377 0.056477483 1.2320484 28.914356 -1.9123668670654297 0.27316179871559143
Pedestrian 0.0 0 -0.7492207288742065 802.6099243164062 144.90431213378906 849.4085083007812 226.05328369140625 0.76971763 1.8172306 0.68399996 5.137313 0.998932 16.55864 -0.4483872652053833 0.26787471771240234
Pedestrian 0.0 0 1.6457449197769165 426.8060607910156 164.947998046875 475.9859924316406 288.0691223144531 1.6298186 1.6947969 0.6037627 -2.2574925 1.4682753 10.7330885 1.438436508178711 0.17484258115291595
Cyclist 0.0 0 1.653239130973816 426.3970947265625 164.7417755126953 477.8900451660156 289.6914978027344 1.6916412 1.7147354 0.6207064 -2.2438667 1.4860774 10.7330265 1.4471455812454224 0.5860594511032104
Cyclist 0.0 0 -1.9871582984924316 687.334228515625 176.29391479492188 751.7347412109375 260.7899169921875 1.9683753 1.7264811 0.6386078 2.507043 1.6213472 15.7079935 -1.8288902044296265 0.49833443760871887
Cyclist 0.0 0 2.1597557067871094 1161.1749267578125 178.9688262939453 1238.0 279.5928955078125 1.7555144 1.6365315 0.67854726 10.507604 1.596656 12.24331 2.8690097332000732 0.37214207649230957
Cyclist 0.0 0 1.409285306930542 539.2099609375 166.70982360839844 555.9364624023438 207.1144256591797 0.98684585 1.8596423 0.6284404 -2.5360563 1.179845 33.61248 1.3339781761169434 0.1448877453804016
Cyclist 0.0 0 -1.783668041229248 516.8123168945312 164.29302978515625 545.9185180664062 230.2587890625 0.9457996 1.7547493 0.6037039 -1.9552505 1.2981932 19.648485 -1.8828530311584473 0.1316535919904709
Cyclist 0.0 0 1.8843952417373657 699.91650390625 153.2369842529297 733.1585693359375 214.97259521484375 1.0581516 1.8006283 0.6952296 3.4369023 0.9774215 21.578138 2.0423455238342285 0.12809011340141296
Cyclist 0.0 0 1.368712067604065 796.1170654296875 156.41781616210938 840.1452026367188 250.96853637695312 0.841059 1.724066 0.6351963 4.032299 1.267977 13.542344 1.658107876777649 0.11898672580718994
Cyclist 0.0 0 -1.016021490097046 127.07502746582031 176.58657836914062 288.5339050292969 374.0 0.83983725 1.6174506 0.6046076 -2.661507 1.5887113 4.840935 -1.518704891204834 0.10549335926771164
Cyclist 0.0 0 1.305001974105835 575.75732421875 164.66485595703125 609.2842407226562 240.76710510253906 0.9841328 1.8267977 0.589758 -0.26384377 1.423875 17.79515 1.2901763916015625 0.10003010928630829
Car 0.0 0 -1.5471222400665283 263.73077392578125 197.50494384765625 396.05267333984375 319.85089111328125 3.5818334 1.3921335 1.5409168 -3.9912806 1.673513 10.624263 -1.9064854383468628 0.3999131917953491
