Pedestrian 0.0 0 0.06672374904155731 403.2673034667969 155.12957763671875 496.394775390625 325.14501953125 0.916434 1.6923523 0.63777184 -1.6550425 1.4415067 7.4179754 -0.15279336273670197 0.5631986856460571
Pedestrian 0.0 0 -1.7095016241073608 838.5909423828125 171.83665466308594 870.0623779296875 242.56443786621094 0.76539916 1.7414199 0.6469938 6.246498 1.529713 17.842466 -1.372745156288147 0.20761291682720184
Pedestrian 0.0 0 -0.43196797370910645 821.183837890625 186.27474975585938 870.05419921875 276.8078918457031 0.7053133 1.7382535 0.65157104 4.7065 1.8570397 13.978228 -0.10718851536512375 0.17622898519039154
Pedestrian 0.0 0 -0.7385265231132507 982.6814575195312 191.45803833007812 1121.9237060546875 370.0 0.6613113 1.622639 0.5797851 3.2679572 1.7116154 5.2803063 -0.1843291074037552 0.14004600048065186
Pedestrian 0.0 0 0.49168550968170166 1129.36279296875 137.83094787597656 1202.806884765625 249.94091796875 0.7314225 1.7516781 0.6175799 9.074191 1.0866464 11.501052 1.1596755981445312 0.13604751229286194
Pedestrian 0.0 0 2.8761203289031982 635.1090087890625 171.92491149902344 701.094482421875 270.76416015625 1.0792257 1.7586502 0.6240472 1.1054159 1.607716 12.979405 2.9610822200775146 0.12377713620662689
Pedestrian 0.0 0 -2.125218391418457 1113.28857421875 185.26771545410156 1224.0 370.0 0.6811687 1.6653024 0.6572184 4.3149548 1.7053357 5.298732 -1.441796064376831 0.12118790298700333
Pedestrian 0.0 0 -1.5489546060562134 845.6632690429688 147.55422973632812 882.0375366210938 250.80380249023438 1.0545055 1.7725805 0.5914304 4.6266594 1.208617 12.732126 -1.2004059553146362 0.12034380435943604
Pedestrian 0.0 0 -2.5092673301696777 1138.06298828125 161.32723999023438 1224.0 262.8888854980469 1.4974034 1.6333482 0.52491647 10.061341 1.3266596 12.1561775 -1.8178788423538208 0.11256272345781326
Cyclist 0.0 0 -1.323163628578186 68.49859619140625 154.54539489746094 127.4668960571289 249.8610076904297 1.6731862 1.6589608 0.5008355 -9.455648 1.2088681 13.171336 -1.9457995891571045 0.19338664412498474
Cyclist 0.0 0 -2.5092673301696777 1138.06298828125 161.32723999023438 1224.0 262.8888854980469 1.4974034 1.6333482 0.52491647 10.061341 1.3266596 12.1561775 -1.8178788423538208 0.16760145127773285
Cyclist 0.0 0 2.199655771255493 936.4651489257812 138.76776123046875 1039.5716552734375 251.3010711669922 1.7031476 1.7434819 0.6028592 6.2427416 1.098581 11.589819 2.6937355995178223 0.14865241944789886
Car 0.0 0 1.8374886512756348 48.207862854003906 185.73959350585938 133.6107635498047 229.6322021484375 3.9767094 1.4712998 1.5779799 -19.055538 1.6839056 26.344437 1.2112805843353271 0.19003933668136597
Car 0.0 0 -1.2603994607925415 486.2040710449219 145.8682403564453 581.3161010742188 206.1563720703125 4.1062136 1.6212331 1.6520653 -2.045368 0.6915183 21.190338 -1.356624960899353 0.12535248696804047
