Pedestrian 0.0 0 -1.5352308750152588 445.4732360839844 164.63726806640625 477.1166687011719 243.4333953857422 0.9138551 1.7342687 0.6760972 -3.2077603 1.364348 16.312212 -1.7294011116027832 0.6889601945877075
Pedestrian 0.0 0 -1.5239895582199097 679.0361938476562 157.3891143798828 708.704833984375 235.09312438964844 0.9232379 1.7955598 0.660951 2.175174 1.2396209 17.108128 -1.3975253105163574 0.40275514125823975
Pedestrian 0.0 0 1.183995008468628 200.90231323242188 155.44338989257812 230.27621459960938 213.09646606445312 0.84418136 1.8373251 0.5648108 -12.584467 1.0080374 23.376247 0.6901445388793945 0.3930608034133911
Pedestrian 0.0 0 2.4476158618927 793.2158813476562 135.7836151123047 828.5284423828125 196.63726806640625 0.8557798 1.8697948 0.63371253 6.5398626 0.46622393 22.530558 2.730118989944458 0.35886523127555847
Pedestrian 0.0 0 -1.132049560546875 0.0 157.70909118652344 43.60356140136719 229.72561645507812 0.8123728 1.739026 0.71090245 -14.495732 1.1657279 17.823488 -1.814844012260437 0.3583165109157562
Pedestrian 0.0 0 1.3277922868728638 531.2325439453125 169.05145263671875 549.0206909179688 208.979248046875 0.78725666 1.7888271 0.63388145 -2.8028004 1.2320555 32.654747 1.242170810699463 0.3458510637283325
Pedestrian 0.0 0 -1.7778940200805664 716.5104370117188 165.2474365234375 737.0258178710938 210.0170440673828 0.791194 1.7975063 0.67302185 5.0805264 1.1459628 29.245806 -1.6058924198150635 0.3235425353050232
Pedestrian 0.0 0 0.43336138129234314 217.14608764648438 170.04188537597656 298.8724670410156 302.6949462890625 0.8133273 1.7208283 0.59763044 -4.629244 1.5735201 9.620834 -0.015107989311218262 0.31760460138320923
Pedestrian 0.0 0 -0.22763650119304657 725.6904907226562 168.02883911132812 745.4331665039062 209.85122680664062 0.73593754 1.7873975 0.5278726 5.766451 1.2126378 30.977165 -0.04359141364693642 0.2661117911338806
Pedestrian 0.0 0 1.566611647605896 741.6719970703125 158.76527404785156 758.999267578125 207.3257598876953 0.81347626 1.8504412 0.64786685 5.7472925 0.98513865 27.833061 1.7702412605285645 0.2562267482280731
Pedestrian 0.0 0 0.3458567261695862 397.50848388671875 178.98776245117188 436.3713684082031 250.8992462158203 0.77341235 1.7419324 0.59836936 -4.581669 1.6822718 17.73162 0.09299755096435547 0.2233717441558838
Pedestrian 0.0 0 -1.8477839231491089 569.4896240234375 169.5211639404297 587.8547973632812 202.8307342529297 1.7533967 1.7517072 0.5265676 -1.239152 1.1226032 38.688923 -1.879801630973816 0.13396157324314117
Pedestrian 0.0 0 -0.9738794565200806 302.88262939453125 154.62342834472656 392.0396423339844 259.1409912109375 1.8555721 1.7716403 0.60124034 -4.639005 1.3173476 13.147392 -1.3130874633789062 0.12995190918445587
Pedestrian 0.0 0 1.3781267404556274 557.945556640625 167.54876708984375 575.0021362304688 202.23541259765625 1.7809206 1.736233 0.5407639 -1.8107597 1.0387857 36.882793 1.3290711641311646 0.10485920310020447
Cyclist 0.0 0 1.9191333055496216 600.2221069335938 163.83660888671875 627.0985107421875 205.80352783203125 1.8687494 1.7390575 0.5471409 0.52260184 1.0080924 30.734756 1.9361352920532227 0.5592895150184631
Cyclist 0.0 0 -3.380347728729248 763.7011108398438 133.35537719726562 907.1527709960938 257.62841796875 1.9369364 1.786963 0.63431686 3.407086 1.0959895 10.709968 -3.0723483562469482 0.47157710790634155
Cyclist 0.0 0 1.224521279335022 568.588623046875 168.57960510253906 589.3588256835938 202.03504943847656 1.8188587 1.7540201 0.52686644 -1.2214545 1.0774727 38.601105 1.192888855934143 0.3631981611251831
Cyclist 0.0 0 -0.9738794565200806 302.88262939453125 154.62342834472656 392.0396423339844 259.1409912109375 1.8555721 1.7716403 0.60124034 -4.639005 1.3173476 13.147392 -1.3130874633789062 0.3566524386405945
Cyclist 0.0 0 1.4082118272781372 558.5077514648438 167.9130859375 574.0720825195312 202.409912109375 1.7205647 1.7297252 0.5243631 -1.8206109 1.0493339 36.912018 1.3589287996292114 0.29873111844062805
Cyclist 0.0 0 -1.547744631767273 445.917724609375 164.58245849609375 476.8521728515625 243.46621704101562 0.94241494 1.7356048 0.67077464 -3.2081487 1.3646052 16.32364 -1.7418051958084106 0.18122148513793945
Cyclist 0.0 0 -1.5385109186172485 679.1812744140625 157.0440673828125 707.9573974609375 235.61940002441406 0.99890405 1.8100564 0.64994806 2.1662037 1.2478998 17.089355 -1.4124258756637573 0.16817758977413177
Cyclist 0.0 0 -2.240297794342041 0.0 158.89622497558594 46.22629928588867 230.50131225585938 0.88676053 1.7361109 0.7077253 -14.538262 1.1892619 17.855232 -2.9236555099487305 0.118948794901371
Cyclist 0.0 0 1.5106028318405151 797.143798828125 134.790771484375 820.7080688476562 196.87754821777344 0.96108335 1.8970577 0.6492579 6.459892 0.47097728 22.485773 1.7903567552566528 0.10000300407409668
Car 0.0 0 1.9022831916809082 572.862548828125 172.36846923828125 608.0729370117188 192.54147338867188 3.8107157 1.508276 1.5801523 -0.79164034 0.8261153 55.76194 1.8880873918533325 0.24792250990867615
Car 0.0 0 1.9675428867340088 683.474609375 172.0713653564453 774.9805297851562 221.33663940429688 4.0712614 1.5392175 1.6351956 4.432211 1.2457428 24.593563 2.1458473205566406 0.2262992262840271
