Pedestrian 0.0 0 -1.586954951286316 598.9944458007812 171.4581756591797 617.3961181640625 221.7949981689453 0.75646317 1.7316581 0.628701 0.20810083 1.3872752 25.089828 -1.5786609649658203 0.5167279243469238
Pedestrian 0.0 0 1.5751094818115234 421.8606262207031 169.2518768310547 480.0447082519531 292.9060974121094 0.9486397 1.763396 0.8189927 -2.3018236 1.5900445 10.789359 1.36491858959198 0.43520790338516235
Pedestrian 0.0 0 1.3491628170013428 736.25634765625 186.4958038330078 790.9180297851562 295.67364501953125 0.95727855 1.7042915 0.67204946 2.5886824 1.7905426 11.734745 1.5662851333618164 0.3217579126358032
Pedestrian 0.0 0 0.36179739236831665 0.0 144.50048828125 62.770423889160156 243.99627685546875 0.97563356 1.7507589 0.5329435 -10.506816 1.1009789 13.042435 -0.31634098291397095 0.2862858176231384
Pedestrian 0.0 0 -1.1447503566741943 756.1896362304688 185.81234741210938 823.0955200195312 308.26348876953125 0.8278042 1.7016782 0.67056584 2.7256382 1.7695273 10.550011 -0.8919246196746826 0.24999016523361206
Pedestrian 0.0 0 -3.5661797523498535 962.7827758789062 147.9462432861328 1025.069091796875 265.4757080078125 0.65377825 1.7658739 0.60265833 6.0165253 1.2630366 11.114266 -3.070014715194702 0.2331351637840271
Pedestrian 0.0 0 1.1385819911956787 1139.7198486328125 58.92093276977539 1238.0 268.9015197753906 1.5793796 1.8147998 0.5795021 5.93079 0.7567695 7.043939 1.8383960723876953 0.2152964323759079
Pedestrian 0.0 0 -1.6891183853149414 758.1468505859375 152.7144012451172 782.9426879882812 211.40213012695312 1.4776247 1.8085049 0.59485126 5.3522086 0.9225696 22.900671 -1.459525465965271 0.21129539608955383
Pedestrian 0.0 0 1.2182306051254272 236.71951293945312 130.1754913330078 299.38250732421875 250.84629821777344 0.74024886 1.828938 0.68647796 -5.330871 1.0523465 11.389099 0.7804534435272217 0.20191733539104462
Pedestrian 0.0 0 -1.673265814781189 687.6604614257812 169.5019989013672 715.5535278320312 233.51780700683594 1.2322356 1.7278389 0.6428513 2.7483244 1.4051635 20.012527 -1.5367892980575562 0.18054652214050293
Pedestrian 0.0 0 -1.8335366249084473 1008.073486328125 126.70243835449219 1082.0777587890625 266.5111083984375 0.83277094 1.8036628 0.65721154 5.956363 1.0980549 9.756629 -1.285436749458313 0.1693442314863205
Pedestrian 0.0 0 0.7565217018127441 1077.159912109375 115.13455963134766 1154.5263671875 238.68731689453125 0.7594096 1.8414062 0.61491585 7.915896 0.8536161 11.135691 1.374497890472412 0.14877347648143768
Pedestrian 0.0 0 1.359137773513794 468.2580871582031 164.56268310546875 510.8905944824219 236.58685302734375 1.6479901 1.7485948 0.7400231 -2.908108 1.338586 18.339027 1.20187246799469 0.14596933126449585
Cyclist 0.0 0 1.11854887008667 1135.7884521484375 58.63676834106445 1238.0 267.8606262207031 1.6279798 1.8083397 0.57515794 5.929706 0.7478063 7.0655303 1.816765546798706 0.3830033242702484
Cyclist 0.0 0 -1.6891183853149414 758.1468505859375 152.7144012451172 782.9426879882812 211.40213012695312 1.4776247 1.8085049 0.59485126 5.3522086 0.9225696 22.900671 -1.459525465965271 0.28760090470314026
Cyclist 0.0 0 1.359137773513794 468.2580871582031 164.56268310546875 510.8905944824219 236.58685302734375 1.6479901 1.7485948 0.7400231 -2.908108 1.338586 18.339027 1.20187246799469 0.25520986318588257
Cyclist 0.0 0 -1.7683000564575195 681.4854736328125 171.55149841308594 712.1402587890625 235.30294799804688 1.2802233 1.7157193 0.6019802 2.6105165 1.4491404 19.988668 -1.6384352445602417 0.24024902284145355
Cyclist 0.0 0 -1.1921393871307373 700.2056884765625 157.12008666992188 735.5786743164062 217.1843719482422 1.4421018 1.7294097 0.5504075 3.4595604 1.028586 21.440273 -1.0321602821350098 0.19528935849666595
Cyclist 0.0 0 -1.422383427619934 441.0766906738281 181.21939086914062 503.9110107421875 292.2771911621094 1.6535263 1.6338023 0.7489778 -2.0537603 1.6309842 11.402564 -1.6005866527557373 0.19113808870315552
Cyclist 0.0 0 0.26212358474731445 0.0 137.85867309570312 82.91889190673828 239.42764282226562 1.2784809 1.7811772 0.5206375 -10.327207 1.0171309 13.0861635 -0.4059786796569824 0.16203300654888153
Cyclist 0.0 0 -1.5581928491592407 757.88623046875 186.56983947753906 810.6694946289062 302.4386901855469 1.8924489 1.629929 0.7322634 2.8120615 1.717384 11.19864 -1.3121721744537354 0.16081973910331726
Car 0.0 0 -0.38870859146118164 595.0179443359375 168.7914581298828 691.17822265625 201.91549682617188 4.46241 1.5772623 1.7048743 2.0595543 0.9730303 35.733757 -0.33113619685173035 0.2147315889596939
