Pedestrian 0.0 0 -2.560927391052246 153.4970703125 179.38531494140625 184.5436553955078 229.57052612304688 0.6443403 1.7163088 0.7009523 -15.395965 1.947406 25.127537 -3.110642194747925 0.4123430848121643
Pedestrian 0.0 0 -2.9884696006774902 727.1452026367188 169.4842529296875 746.2864379882812 210.14700317382812 0.7234795 1.724769 0.6315341 5.4092326 1.5821947 31.017244 -2.8158116340637207 0.21072575449943542
Pedestrian 0.0 0 2.1665468215942383 285.26934814453125 177.43093872070312 316.2269592285156 215.77931213378906 1.7069905 1.7878958 0.49959266 -14.9097805 2.014214 34.73378 1.7610745429992676 0.12145551294088364
Cyclist 0.0 0 2.1665468215942383 285.26934814453125 177.43093872070312 316.2269592285156 215.77931213378906 1.7069905 1.7878958 0.49959266 -14.9097805 2.014214 34.73378 1.7610745429992676 0.27424725890159607
Cyclist 0.0 0 -1.389290690422058 0.0 197.7945098876953 24.874929428100586 269.0984802246094 1.6025461 1.641369 0.5522923 -15.183309 2.2935503 18.021936 -2.0894088745117188 0.2428911179304123
Cyclist 0.0 0 -1.9413836002349854 998.5165405273438 170.89535522460938 1017.9200439453125 203.1046905517578 1.6633762 1.7113981 0.3411372 21.578913 1.6076864 39.182117 -1.4379773139953613 0.18258017301559448
Car 0.0 0 2.1957015991210938 0.0 197.1859588623047 208.6558074951172 295.81011962890625 3.893303 1.4915942 1.6029358 -9.654923 2.024665 13.8353405 1.5864232778549194 0.8867198824882507
Car 0.0 0 2.1070048809051514 159.8380584716797 184.73092651367188 285.7934875488281 244.20851135253906 4.1298914 1.6541219 1.6513757 -12.215768 2.0678155 23.005653 1.6188738346099854 0.84262615442276
Car 0.0 0 1.8719950914382935 445.8368225097656 181.87594604492188 483.2547302246094 203.29368591308594 3.9580736 1.4507394 1.5741247 -10.592278 2.135035 52.646584 1.6734498739242554 0.587895393371582
Car 0.0 0 1.5447534322738647 604.39453125 176.75376892089844 631.6351928710938 201.8152618408203 4.1304207 1.5117155 1.6302187 0.44340056 1.7732692 46.245735 1.5543410778045654 0.3584481179714203
