Pedestrian 0.0 0 -1.9516847133636475 973.8495483398438 147.94644165039062 993.2743530273438 184.65745544433594 0.7656903 1.9480009 0.6891655 19.994976 0.6266861 38.69841 -1.4747766256332397 0.42344099283218384
Car 0.0 0 1.988321304321289 171.48233032226562 197.32083129882812 366.4911804199219 307.16778564453125 3.9562433 1.5149537 1.6306698 -5.843651 2.0174596 12.819501 1.5606207847595215 0.8999670147895813
Car 0.0 0 1.8704472780227661 317.96734619140625 194.33749389648438 426.40887451171875 264.4815673828125 3.668505 1.4756825 1.5670887 -5.8938804 2.0715468 18.15247 1.5564980506896973 0.8833624124526978
Car 0.0 0 1.8425790071487427 382.01031494140625 190.50888061523438 463.833251953125 244.3621063232422 3.7256875 1.4812169 1.5721139 -5.8930845 2.0892348 22.953175 1.5912634134292603 0.8479204177856445
Car 0.0 0 1.7601295709609985 434.0741882324219 186.5753631591797 494.8607482910156 228.90809631347656 4.1083975 1.5008544 1.6463165 -5.800164 2.091477 28.97539 1.5625652074813843 0.8460543751716614
Car 0.0 0 2.7835729122161865 811.4605102539062 164.43821716308594 950.4818725585938 211.00425720214844 4.1714926 1.5535125 1.6704496 9.231641 1.2731076 24.910555 3.1384730339050293 0.7858163714408875
Car 0.0 0 1.8153462409973145 475.4772644042969 187.03933715820312 525.8543701171875 219.952880859375 3.9807951 1.4919231 1.6058095 -5.507501 2.2510514 36.5346 1.6657252311706543 0.7436188459396362
Car 0.0 0 -1.6212319135665894 670.93603515625 176.258056640625 714.195068359375 214.8986358642578 4.036759 1.5284196 1.6277481 3.4408207 1.6846123 30.96484 -1.5105656385421753 0.6755196452140808
Car 0.0 0 -1.655184030532837 659.2606201171875 174.8724822998047 697.94140625 206.2884063720703 3.9112566 1.4889138 1.6076115 3.3715513 1.5966171 36.407585 -1.5628416538238525 0.5282553434371948
Car 0.0 0 -0.6816677451133728 808.8031005859375 161.55587768554688 916.0902099609375 203.79364013671875 3.7063298 1.5403594 1.604555 9.63855 1.128689 27.695168 -0.3467554450035095 0.518450140953064
Car 0.0 0 2.331973075866699 775.444580078125 167.64340209960938 867.5296630859375 205.1460723876953 3.724135 1.4905323 1.5783893 8.853962 1.2837968 30.291063 2.616347312927246 0.4409908354282379
