Pedestrian 0.0 0 -3.165825843811035 894.5862426757812 182.8805694580078 927.3840942382812 248.50453186035156 0.81188613 1.7451094 0.7133503 8.206178 2.0274446 19.8101 -2.7731025218963623 0.31030455231666565
Pedestrian 0.0 0 -3.418302297592163 900.7974853515625 187.6192626953125 939.3523559570312 257.4932556152344 0.7366616 1.7249026 0.7014893 7.8364406 2.109308 18.370163 -3.015089750289917 0.27536407113075256
Pedestrian 0.0 0 -1.6903469562530518 715.6072387695312 189.2767791748047 738.466796875 234.73712158203125 1.3558586 1.7430288 0.7429685 4.6275773 2.4159498 28.854355 -1.531324028968811 0.2382463961839676
Pedestrian 0.0 0 -1.4824022054672241 1014.7166137695312 213.26898193359375 1139.60400390625 375.0 0.7150211 1.7468401 0.76906484 3.6245055 2.094286 5.675982 -0.9141049385070801 0.2338622510433197
Cyclist 0.0 0 -3.123485565185547 669.231689453125 192.56187438964844 695.1172485351562 219.65280151367188 1.8307216 1.8958708 0.7234021 5.1413865 3.3194299 51.63666 -3.0242440700531006 0.31646090745925903
Cyclist 0.0 0 -1.8839290142059326 707.4251708984375 189.45896911621094 738.8510131835938 235.708251953125 1.6921993 1.7508581 0.75319284 4.4651103 2.4358256 28.850483 -1.7303800582885742 0.27703192830085754
Cyclist 0.0 0 -1.055603265762329 911.0592041015625 181.8369140625 938.3378295898438 219.82498168945312 1.5991973 1.7284275 0.441924 14.7073765 2.1577392 33.79489 -0.6451289653778076 0.22814399003982544
Cyclist 0.0 0 -1.3984068632125854 426.39593505859375 158.8352508544922 450.5375061035156 215.8787384033203 1.6605167 1.7703904 0.4817393 -5.5557795 1.3356655 23.234406 -1.6331182718276978 0.21910807490348816
Cyclist 0.0 0 0.6246156096458435 1122.092041015625 186.0690460205078 1224.9295654296875 273.9240417480469 1.7198282 1.7090026 0.5298758 11.771815 2.004342 15.203412 1.2834805250167847 0.2134878784418106
Cyclist 0.0 0 -1.3484859466552734 449.63775634765625 185.58226013183594 474.37091064453125 237.09353637695312 1.666961 1.7489141 0.5124555 -5.3115597 2.2183008 25.747332 -1.5519274473190308 0.19600270688533783
Cyclist 0.0 0 -3.1842761039733887 891.7140502929688 183.20571899414062 928.71923828125 248.6668701171875 0.90509254 1.7371625 0.7268748 8.178266 2.0287197 19.798178 -2.792543411254883 0.10331147909164429
Car 0.0 0 1.72838294506073 541.2735595703125 195.25682067871094 588.4531860351562 233.13885498046875 3.7712798 1.5892767 1.6835388 -2.1409245 2.722942 34.54077 1.6664795875549316 0.803877055644989
Car 0.0 0 1.6357969045639038 669.2416381835938 194.02499389648438 695.451904296875 216.4850616455078 3.8152728 1.4745647 1.6803465 5.338371 3.0951006 53.195526 1.7358157634735107 0.42495885491371155
Car 0.0 0 -1.239388108253479 310.7672424316406 148.56927490234375 421.69268798828125 216.52841186523438 3.9016953 1.6559994 1.6543614 -6.5006123 1.0645977 19.53858 -1.5605744123458862 0.25561609864234924
Car 0.0 0 1.683738350868225 480.9205322265625 203.3759765625 530.762939453125 245.75364685058594 3.5654612 1.4943275 1.6495476 -4.2884827 2.8338635 29.848871 1.541041612625122 0.20350053906440735
