Pedestrian 0.0 0 0.1790810525417328 239.56300354003906 174.0843963623047 273.08258056640625 236.74815368652344 0.7485865 1.7356277 0.6465821 -9.8863945 1.5595086 19.992683 -0.2801573872566223 0.706295371055603
Pedestrian 0.0 0 -2.185816764831543 328.6300354003906 162.6163330078125 367.1668395996094 227.1183624267578 0.83761644 1.7459118 0.6394009 -7.175644 1.263426 19.63433 -2.536201238632202 0.6715705394744873
Pedestrian 0.0 0 0.8687355518341064 560.9178466796875 156.06097412109375 600.3375244140625 224.4781036376953 0.92872155 1.82808 0.63253874 -0.7092281 1.1766618 19.443405 0.8322751522064209 0.5678607821464539
Pedestrian 0.0 0 -1.5703495740890503 214.2631072998047 171.54083251953125 245.69598388671875 238.10055541992188 0.7976578 1.671159 0.7040768 -9.724346 1.4478091 18.264803 -2.059587001800537 0.5118546485900879
Pedestrian 0.0 0 -1.316364049911499 395.340087890625 156.95462036132812 434.1669616699219 231.01358032226562 0.86349815 1.7410018 0.71216244 -4.615843 1.189094 17.051823 -1.580723524093628 0.5116102695465088
Pedestrian 0.0 0 -2.015338897705078 1043.7310791015625 148.96119689941406 1080.5137939453125 195.9208984375 1.5967407 1.7081223 0.52028435 17.113459 0.5624425 26.538458 -1.4425889253616333 0.1938164234161377
Pedestrian 0.0 0 -0.5802818536758423 786.4297485351562 158.19284057617188 830.840087890625 197.80172729492188 1.777426 1.684289 0.6627027 8.803758 0.7372005 30.64044 -0.30049389600753784 0.11576047539710999
Pedestrian 0.0 0 -3.6247715950012207 989.0003662109375 144.22406005859375 1065.4444580078125 205.45614624023438 1.8227506 1.7528006 0.64283264 12.253353 0.71595335 20.604223 -3.0882575511932373 0.10692339390516281
Cyclist 0.0 0 -3.564605474472046 1077.522216796875 130.1376190185547 1191.8336181640625 214.69737243652344 1.8639128 1.758458 0.6572695 11.322557 0.7127724 15.219669 -2.924992561340332 0.7884725332260132
Cyclist 0.0 0 -0.4871276617050171 990.26708984375 143.42372131347656 1066.3609619140625 204.7532501220703 1.8052258 1.755435 0.65721077 12.286495 0.6957717 20.606659 0.0505218505859375 0.6755997538566589
Cyclist 0.0 0 -0.24936151504516602 277.3235778808594 164.9030303955078 363.85968017578125 239.57608032226562 1.8422711 1.7260277 0.660516 -6.921363 1.3671194 17.149252 -0.6329637169837952 0.5241273641586304
Cyclist 0.0 0 -0.5802818536758423 786.4297485351562 158.19284057617188 830.840087890625 197.80172729492188 1.777426 1.684289 0.6627027 8.803758 0.7372005 30.64044 -0.30049389600753784 0.5124109387397766
Cyclist 0.0 0 -1.2766790390014648 862.584228515625 152.11277770996094 892.8671875 198.7991180419922 1.96293 1.7623821 0.5614531 10.648738 0.6922917 27.632444 -0.9088473320007324 0.4478548467159271
Cyclist 0.0 0 -2.015338897705078 1043.7310791015625 148.96119689941406 1080.5137939453125 195.9208984375 1.5967407 1.7081223 0.52028435 17.113459 0.5624425 26.538458 -1.4425889253616333 0.4222777485847473
Cyclist 0.0 0 -2.1897084712982178 1132.052734375 142.77218627929688 1179.9814453125 191.64109802246094 1.7879832 1.7733366 0.46592018 20.642235 0.40580386 26.55512 -1.528941035270691 0.33160027861595154
Cyclist 0.0 0 -1.3209024667739868 394.76904296875 156.70880126953125 434.07171630859375 231.6865692138672 0.944765 1.7568564 0.7053608 -4.6193724 1.2009934 17.039948 -1.5856306552886963 0.14876198768615723
Cyclist 0.0 0 -1.5719263553619385 334.1405334472656 162.27999877929688 359.82989501953125 228.1299285888672 0.9542016 1.7724719 0.6537088 -7.1844835 1.2836291 19.58719 -1.923484206199646 0.1444576531648636
Car 0.0 0 -1.2951581478118896 332.60113525390625 183.77394104003906 485.8498229980469 280.00665283203125 3.7824645 1.4143537 1.5931958 -3.281456 1.4823366 12.420791 -1.5534474849700928 0.8909028768539429
Car 0.0 0 1.7680214643478394 470.1125183105469 170.03875732421875 500.6024169921875 191.27305603027344 3.6740425 1.5283467 1.554886 -8.878873 0.7766801 52.744984 1.601249098777771 0.5255395770072937
