Car 0.0 0 -2.0042331218719482 782.3798217773438 176.92381286621094 1150.343017578125 375.0 3.4843392 1.4771158 1.5441755 2.7651932 1.5246575 6.5934334 -1.60712730884552 0.9169037938117981
Car 0.0 0 -1.6919517517089844 679.6417236328125 183.42684936523438 752.4686889648438 240.5260772705078 3.5391855 1.4254712 1.6030083 2.8695757 1.7517388 20.454842 -1.5525730848312378 0.9121225476264954
Car 0.0 0 3.612022876739502 0.0 156.88124084472656 288.84759521484375 277.8902282714844 3.660945 1.5753694 1.6050885 -6.8555584 1.3677839 10.393894 3.0289456844329834 0.7735788822174072
Car 0.0 0 0.38573721051216125 285.0268859863281 183.39193725585938 469.21063232421875 245.5817108154297 4.0924344 1.4500685 1.6167094 -5.8103657 1.7289249 18.106342 0.07521605491638184 0.7721022963523865
Car 0.0 0 3.7837610244750977 0.0 193.20005798339844 276.1471252441406 340.91845703125 3.7706282 1.4466019 1.5715858 -6.0368648 1.6966655 8.066259 3.1412785053253174 0.7352532148361206
Car 0.0 0 0.432177871465683 219.61123657226562 185.32205200195312 431.5190734863281 257.3947448730469 4.042218 1.4640372 1.6132263 -6.2181935 1.7551656 15.899288 0.05936837196350098 0.7298621535301208
Car 0.0 0 -0.16773656010627747 731.01318359375 175.67393493652344 850.8771362304688 221.63436889648438 3.8738577 1.5517488 1.6424826 6.2556486 1.6552882 25.437328 0.07340216636657715 0.6803121566772461
Car 0.0 0 -2.5879526138305664 104.58488464355469 184.29049682617188 349.229248046875 269.0136413574219 3.723238 1.4279488 1.566231 -7.011003 1.653783 13.313264 -3.072667121887207 0.67265385389328
Car 0.0 0 -2.2668373584747314 0.0 216.22242736816406 154.9432373046875 375.0 3.8682435 1.4092705 1.5671124 -5.8658643 1.7867188 5.3962092 -3.0939137935638428 0.6548162698745728
Car 0.0 0 0.4209582805633545 347.26824951171875 181.06170654296875 493.5041809082031 231.6800994873047 4.186783 1.5002667 1.6392154 -6.018828 1.7743077 22.906223 0.16400718688964844 0.5348813533782959
Car 0.0 0 1.5212968587875366 636.1129760742188 178.71458435058594 660.3494873046875 199.63128662109375 4.0884323 1.4802349 1.6125653 2.8136418 1.9378848 54.25174 1.5731130838394165 0.5194557905197144
