Pedestrian 0.0 0 1.4571545124053955 766.9522094726562 152.64962768554688 815.6000366210938 261.8590393066406 0.80087435 1.7137208 0.6761273 3.0385354 1.2622969 11.7132845 1.7109692096710205 0.6784554123878479
Pedestrian 0.0 0 1.684117317199707 589.0418701171875 161.91909790039062 601.6140747070312 194.71994018554688 0.8883567 1.9160936 0.64749956 -0.35520056 0.7730324 42.4353 1.6757471561431885 0.3904213011264801
Pedestrian 0.0 0 1.9568613767623901 230.05897521972656 107.20423889160156 320.2070007324219 279.34967041015625 0.8385331 1.7905908 0.6366632 -3.6116343 1.0191575 7.901688 1.5281425714492798 0.3653393089771271
Pedestrian 0.0 0 2.27144455909729 89.72469329833984 129.9514923095703 172.7010040283203 260.9214172363281 0.7972299 1.7579323 0.6028801 -6.618382 1.0673525 10.070817 1.6900354623794556 0.3518187403678894
Pedestrian 0.0 0 -1.6362513303756714 449.7243957519531 174.75030517578125 466.7572326660156 216.8762664794922 0.8483322 1.7448552 0.6478238 -6.0491085 1.4662675 30.244545 -1.833653211593628 0.33806750178337097
Pedestrian 0.0 0 -1.1262156963348389 431.50738525390625 168.935791015625 458.1657409667969 222.04177856445312 0.70277995 1.6966636 0.604684 -5.1133533 1.2963543 23.358074 -1.341727614402771 0.3330535888671875
Pedestrian 0.0 0 2.097398042678833 11.544366836547852 137.56101989746094 108.22724151611328 272.3890686035156 1.1111896 1.7542207 0.5907898 -7.4942822 1.1838701 9.930433 1.4509096145629883 0.324374258518219
Pedestrian 0.0 0 -1.6045210361480713 493.7742919921875 162.43531799316406 511.02716064453125 210.44712829589844 0.8030074 1.78234 0.6167265 -3.7626512 1.0756396 27.11237 -1.7424200773239136 0.32395392656326294
Pedestrian 0.0 0 1.4815319776535034 606.9203491210938 166.26243591308594 618.6639404296875 197.9676055908203 0.8699336 1.8673166 0.6227478 0.67525196 0.9706515 42.76131 1.4973218441009521 0.3170633912086487
Pedestrian 0.0 0 -0.27795928716659546 437.54364013671875 147.25775146484375 456.0233459472656 192.11280822753906 0.6155996 1.924422 0.7064704 -6.7497053 0.4562885 31.27279 -0.49053165316581726 0.31557679176330566
Pedestrian 0.0 0 -1.510286569595337 313.4431457519531 166.37498474121094 343.80511474609375 236.82742309570312 0.7865517 1.7003565 0.65960485 -6.788037 1.3365122 17.808165 -1.8744603395462036 0.20577086508274078
Pedestrian 0.0 0 -1.3672254085540771 553.3519287109375 159.72898864746094 566.0026245117188 193.13150024414062 0.7047791 1.9772527 0.62577474 -2.4893563 0.6892905 42.913116 -1.4251697063446045 0.20353135466575623
Pedestrian 0.0 0 0.6584262847900391 163.74642944335938 126.6529541015625 236.17010498046875 210.62057495117188 1.3130525 1.785303 0.5524916 -8.7707815 0.62038606 15.640115 0.1473386287689209 0.14806120097637177
Pedestrian 0.0 0 -1.1005758047103882 383.5705261230469 143.48834228515625 452.14910888671875 230.6956787109375 1.7948759 1.7673804 0.6995658 -3.9627616 0.9982625 15.507608 -1.3507585525512695 0.1254550665616989
Cyclist 0.0 0 2.086089611053467 0.0 133.32191467285156 111.40453338623047 270.09002685546875 1.5204395 1.7261769 0.5815882 -7.4960647 1.1194474 9.856057 1.4358680248260498 0.3669770061969757
Cyclist 0.0 0 0.030369147658348083 374.03009033203125 143.8311309814453 461.0420837402344 229.24185180664062 1.7838145 1.782846 0.674999 -3.988631 0.99778855 15.516756 -0.22123666107654572 0.3256832957267761
Cyclist 0.0 0 0.699280321598053 156.04470825195312 127.71218872070312 235.94398498535156 211.36636352539062 1.5225948 1.7741184 0.54250836 -8.857498 0.6346294 15.637572 0.1839148998260498 0.28079184889793396
Cyclist 0.0 0 1.4685580730438232 606.7101440429688 166.01292419433594 618.7149658203125 197.73536682128906 1.0011603 1.865251 0.6141863 0.66990536 0.9553963 42.760117 1.4842233657836914 0.11870057880878448
Cyclist 0.0 0 -1.6317470073699951 450.251220703125 167.7774658203125 466.9161376953125 210.5792999267578 0.91500276 1.7743908 0.63333815 -6.045912 1.2064939 30.29979 -1.828696846961975 0.11055432260036469
Car 0.0 0 1.7307130098342896 438.75341796875 174.72999572753906 574.0470581054688 278.5942687988281 4.0794497 1.4628779 1.6078959 -1.4655666 1.3688432 12.185184 1.6110135316848755 0.8968356847763062
Car 0.0 0 0.7976350784301758 0.0 0.0 1238.0 374.0 3.9766774 1.4579136 1.590875 1.794812 1.3509785 0.6608666 2.015627384185791 0.2532515525817871
Car 0.0 0 -1.6530307531356812 622.7677612304688 143.83908081054688 696.5370483398438 212.36558532714844 4.474393 1.7777481 1.7396233 1.5483203 0.80190325 20.87704 -1.5790024995803833 0.20632702112197876
