Pedestrian 0.0 0 2.6758782863616943 781.3045654296875 134.64324951171875 893.5725708007812 306.697021484375 0.9856929 1.7567893 0.5839428 2.4259152 1.2902526 7.5794644 2.9856395721435547 0.7801833152770996
Pedestrian 0.0 0 1.3818944692611694 839.3228149414062 170.7594451904297 871.3125610351562 241.2826690673828 0.78153855 1.7335783 0.62149286 6.2592735 1.4957368 17.808071 1.7198917865753174 0.3282809853553772
Pedestrian 0.0 0 3.0564887523651123 630.9789428710938 171.9925537109375 686.3532104492188 270.5088806152344 0.962368 1.7653711 0.61095333 0.9300507 1.6145631 12.9770155 3.128035545349121 0.2223498821258545
Pedestrian 0.0 0 -2.222212314605713 1111.592529296875 188.14427185058594 1224.0 370.0 0.6734997 1.6642041 0.64580137 4.308028 1.7270076 5.2994003 -1.5396382808685303 0.12705370783805847
Pedestrian 0.0 0 -0.8311222195625305 982.044677734375 193.26446533203125 1121.298583984375 370.0 0.664929 1.6236645 0.58390355 3.2625859 1.727384 5.2739043 -0.2771180272102356 0.12405121326446533
Pedestrian 0.0 0 -0.6506242156028748 834.2907104492188 185.87144470214844 881.8501586914062 274.54901123046875 0.5863526 1.6906686 0.6860217 4.941506 1.8014077 13.941604 -0.3099966049194336 0.11243058741092682
Pedestrian 0.0 0 -2.063555955886841 1150.8214111328125 150.5926971435547 1224.0 256.51165771484375 1.6296071 1.6970855 0.51800466 10.10615 1.2195504 12.173737 -1.3706934452056885 0.10837958008050919
Pedestrian 0.0 0 -1.6335211992263794 847.3307495117188 138.49557495117188 886.4984130859375 244.75289916992188 1.4535137 1.7763878 0.55610615 4.6004205 1.0758164 12.591097 -1.2832190990447998 0.10587015002965927
Cyclist 0.0 0 -2.063555955886841 1150.8214111328125 150.5926971435547 1224.0 256.51165771484375 1.6296071 1.6970855 0.51800466 10.10615 1.2195504 12.173737 -1.3706934452056885 0.16913162171840668
Cyclist 0.0 0 -1.6479032039642334 848.8124389648438 138.02670288085938 890.3723754882812 245.7224578857422 1.6391382 1.7656132 0.5513438 4.591392 1.0709385 12.450389 -1.2946012020111084 0.15346214175224304
Car 0.0 0 1.0207202434539795 0.0 149.79037475585938 149.56460571289062 262.6989440917969 3.9904244 1.529041 1.6284932 -9.360497 1.114833 10.960613 0.313901424407959 0.6011759042739868
Car 0.0 0 -1.4746344089508057 291.7780456542969 196.74679565429688 363.2366943359375 254.4860076904297 3.563712 1.4113753 1.5702828 -7.9021053 1.9235983 20.290924 -1.8460047245025635 0.14620232582092285
Car 0.0 0 -1.2972906827926636 491.27392578125 141.16983032226562 584.7913818359375 205.1803741455078 4.1768103 1.6955227 1.6802965 -1.8904461 0.6553232 20.93008 -1.3873682022094727 0.11519685387611389
