Pedestrian 0.0 0 -1.3951661586761475 793.4000854492188 167.61013793945312 830.3265991210938 253.4894256591797 0.7678063 1.7438079 0.6210751 4.3055696 1.4837011 14.833551 -1.1126699447631836 0.18722060322761536
Pedestrian 0.0 0 3.70664119720459 117.49836730957031 178.4525146484375 136.10726928710938 207.2915802001953 0.79095405 1.8978153 0.6621929 -31.69557 1.7644017 46.86653 3.1120028495788574 0.1429475098848343
Pedestrian 0.0 0 -0.7168664932250977 803.7953491210938 148.31253051757812 826.983642578125 186.08018493652344 0.99973446 1.917055 0.59263676 10.806914 0.28467047 36.36131 -0.42797207832336426 0.13104456663131714
Pedestrian 0.0 0 2.1610279083251953 54.216983795166016 186.78358459472656 84.07615661621094 226.82347106933594 0.97933716 1.7659527 0.6356555 -24.14723 2.0549796 31.84583 1.5122652053833008 0.1173040121793747
Pedestrian 0.0 0 -1.5964330434799194 827.6483154296875 125.35497283935547 869.4615478515625 238.7043914794922 0.9722052 1.8196982 0.63552225 4.0408993 0.9360605 11.904458 -1.2691928148269653 0.11210625618696213
Pedestrian 0.0 0 -1.5242326259613037 612.4425659179688 158.54049682617188 619.735107421875 181.3804931640625 0.9645507 1.8970678 0.5674072 0.94773024 0.07434408 59.22095 -1.5082306861877441 0.10335008054971695
Cyclist 0.0 0 2.197789192199707 415.0125732421875 173.1661376953125 439.82147216796875 201.50408935546875 1.8590665 1.7230989 0.50208586 -11.02801 1.2785192 43.943565 1.9519087076187134 0.5651264786720276
Cyclist 0.0 0 -1.679925799369812 832.7507934570312 121.060546875 877.6192016601562 233.2098846435547 1.6346638 1.7934114 0.5427604 4.232282 0.844553 12.158986 -1.344963788986206 0.12747052311897278
Car 0.0 0 -1.6837810277938843 582.5166625976562 167.78770446777344 607.0367431640625 187.3368377685547 3.8876603 1.591509 1.632905 -0.87633395 0.55781454 59.588387 -1.6984864473342896 0.24182593822479248
Car 0.0 0 1.5999916791915894 77.4391860961914 186.48892211914062 105.3182144165039 207.99612426757812 3.9802408 1.5322934 1.597626 -38.910435 2.0055647 53.628517 0.9723198413848877 0.14889618754386902
Car 0.0 0 1.7709639072418213 542.4484252929688 165.01177978515625 572.9691162109375 187.2369384765625 3.5581734 1.594436 1.5911806 -3.474097 0.4845962 52.588333 1.7049976587295532 0.11259501427412033
