Pedestrian 0.0 0 -2.859541416168213 662.633056640625 182.7487335205078 689.7481689453125 233.1523895263672 0.7695261 1.7044919 0.68978864 2.32108 1.6221988 24.767624 -2.7661001682281494 0.44729262590408325
Pedestrian 0.0 0 -1.204392910003662 327.2829895019531 119.42193603515625 381.84820556640625 217.96165466308594 1.5831891 1.8233547 0.47672066 -4.985007 0.6070541 14.095382 -1.5443267822265625 0.10660818219184875
Cyclist 0.0 0 -1.204392910003662 327.2829895019531 119.42193603515625 381.84820556640625 217.96165466308594 1.5831891 1.8233547 0.47672066 -4.985007 0.6070541 14.095382 -1.5443267822265625 0.3181033134460449
Cyclist 0.0 0 1.273001790046692 637.9003295898438 182.96278381347656 660.2891235351562 221.31607055664062 1.599819 1.6342057 0.5292814 1.7633281 1.539342 31.466164 1.3289821147918701 0.26761913299560547
Car 0.0 0 -0.9308356046676636 0.0 195.7384796142578 171.40701293945312 331.49853515625 3.778537 1.4360565 1.599411 -7.9031615 1.6090081 9.815791 -1.6087075471878052 0.7813450694084167
Car 0.0 0 -1.1486461162567139 146.75575256347656 186.1250762939453 300.73468017578125 262.2158203125 3.5637171 1.4522313 1.6105816 -8.180736 1.4753982 15.587402 -1.6319597959518433 0.7522396445274353
Car 0.0 0 -1.4598195552825928 491.3038635253906 183.0367431640625 529.351806640625 212.97755432128906 3.5746255 1.4729651 1.5645919 -5.020758 1.3669012 37.166054 -1.5940965414047241 0.736646294593811
Car 0.0 0 1.7199883460998535 450.2232360839844 182.87460327148438 511.9281005859375 226.12107849121094 4.015413 1.4367977 1.6078331 -4.5184813 1.36015 25.905142 1.5473015308380127 0.7158809304237366
Car 0.0 0 -1.578606128692627 575.5364379882812 181.27999877929688 605.5293579101562 207.97998046875 4.052073 1.4577571 1.6383069 -1.0362339 1.2440089 41.295982 -1.6036937236785889 0.4573075771331787
Car 0.0 0 1.921254277229309 527.2979736328125 178.4971923828125 563.529052734375 197.8473663330078 3.9462926 1.4598523 1.5709093 -4.859311 0.9541142 56.339386 1.8352165222167969 0.35626691579818726
Car 0.0 0 1.9381327629089355 442.4459533691406 180.14871215820312 485.3741149902344 204.44590759277344 3.460527 1.4803467 1.5327324 -9.108418 1.1727632 45.628834 1.7411028146743774 0.30452752113342285
