Pedestrian 0.0 0 2.588226795196533 904.3720092773438 127.7142562866211 981.0405883789062 252.2991180419922 0.8166305 1.820659 0.6697638 5.0538683 1.0509222 10.70624 3.029264450073242 0.37464797496795654
Pedestrian 0.0 0 2.7138442993164062 632.939697265625 160.8164825439453 664.15771484375 210.7858123779297 0.99353707 1.8345221 0.6272877 1.5991682 1.1133991 26.424006 2.774290084838867 0.3054388165473938
Pedestrian 0.0 0 -1.3609991073608398 563.8858032226562 166.02752685546875 578.5137939453125 199.71742248535156 0.7207493 1.8201929 0.663203 -1.8528823 1.0396794 38.60449 -1.408958911895752 0.3048015832901001
Pedestrian 0.0 0 -1.9969419240951538 935.64208984375 108.56681823730469 1016.6710205078125 251.98040771484375 0.9266017 1.847213 0.64262176 4.9566784 0.9223658 9.581199 -1.5195236206054688 0.182358056306839
Pedestrian 0.0 0 1.6618473529815674 731.6681518554688 148.2743682861328 745.99755859375 189.7641143798828 1.0109733 1.9004548 0.5679659 6.223505 0.42580387 32.94567 1.8485493659973145 0.17352016270160675
Pedestrian 0.0 0 1.9842500686645508 785.14599609375 141.34988403320312 816.3596801757812 209.06033325195312 0.79708236 1.8777893 0.58535 5.533889 0.7936297 20.097248 2.2529468536376953 0.16677699983119965
Pedestrian 0.0 0 -3.389420986175537 801.6558227539062 130.3673858642578 837.3718872070312 203.3214569091797 0.7544661 1.8645023 0.6380687 5.539145 0.5848437 18.40075 -3.0970211029052734 0.14900964498519897
Pedestrian 0.0 0 1.1026874780654907 804.3890991210938 136.3955078125 846.0986938476562 215.6049346923828 0.94063836 1.8752284 0.61055964 5.324301 0.8326885 17.248823 1.4020849466323853 0.13620612025260925
Pedestrian 0.0 0 -0.609652042388916 731.2345581054688 150.65786743164062 753.3974609375 192.4186248779297 0.80412054 1.852791 0.55647 6.152782 0.53025746 31.782122 -0.4184250235557556 0.1268044114112854
Pedestrian 0.0 0 -2.0530002117156982 1069.7083740234375 90.28905487060547 1205.3614501953125 299.3846130371094 0.93596554 1.8078732 0.649374 4.8891845 1.0295982 6.6205006 -1.416905164718628 0.11655839532613754
Pedestrian 0.0 0 -2.766972064971924 1106.2403564453125 144.7882843017578 1224.0 370.0 0.60880804 1.6228148 0.6038407 2.9912858 1.4637128 3.5913966 -2.0724875926971436 0.11402340233325958
Cyclist 0.0 0 2.7299859523773193 628.6902465820312 160.1700439453125 661.7426147460938 210.1716766357422 1.0764421 1.8350338 0.6156839 1.474506 1.0904523 26.419434 2.7857394218444824 0.2242385298013687
Cyclist 0.0 0 1.1928209066390991 906.1061401367188 126.86426544189453 978.6099243164062 255.9127960205078 0.9932232 1.8583928 0.66571367 5.0314794 1.0876642 10.69327 1.6326138973236084 0.11179962009191513
Car 0.0 0 -1.623561143875122 669.5302124023438 162.20489501953125 703.0452270507812 194.27777099609375 4.1243205 1.7556121 1.6957422 4.634637 0.7555689 40.807163 -1.5104715824127197 0.2382131665945053
Car 0.0 0 1.6067044734954834 275.56805419921875 182.4669189453125 332.8913269042969 232.86813354492188 3.7249167 1.4871744 1.5845579 -9.750568 1.5584276 23.037579 1.2063201665878296 0.12564964592456818
