Pedestrian 0.0 0 -1.7054331302642822 827.980712890625 156.44259643554688 860.8656005859375 222.61598205566406 0.7222658 1.7489175 0.75263065 6.2751017 1.3155333 19.488714 -1.393929362297058 0.43823039531707764
Cyclist 0.0 0 -1.8320105075836182 1175.550048828125 199.886474609375 1242.0 373.6770935058594 1.6421639 1.6187458 0.33899328 6.4999065 1.9415627 7.7879934 -1.136521577835083 0.4507271349430084
Car 0.0 0 -2.067558765411377 829.2836303710938 184.08689880371094 1242.0 375.0 3.4901881 1.3999667 1.5405377 3.1048248 1.5214188 6.0153017 -1.5910711288452148 0.9006860256195068
Car 0.0 0 -1.754472255706787 678.968505859375 180.07684326171875 742.242919921875 226.5391845703125 3.3170314 1.4397352 1.5392493 3.3114629 1.703113 24.577293 -1.6205421686172485 0.8737157583236694
Car 0.0 0 3.6978507041931152 0.0 184.37973022460938 305.79498291015625 305.0531005859375 3.9541466 1.4184355 1.5757519 -6.3682575 1.5842102 9.497302 3.107175827026367 0.8533436059951782
Car 0.0 0 -1.8427218198776245 744.6456909179688 178.2813262939453 922.91162109375 295.9894714355469 3.7397816 1.4738709 1.592876 3.1522574 1.5716796 11.078807 -1.5655170679092407 0.8415541648864746
Car 0.0 0 3.521575450897217 190.8805389404297 181.13577270507812 408.0148010253906 256.3311767578125 3.8572195 1.4668064 1.5998558 -6.424224 1.650188 15.100267 3.1193342208862305 0.6987782120704651
Car 0.0 0 -2.793738842010498 308.1235656738281 175.51332092285156 464.1128845214844 231.92478942871094 3.7695181 1.4699636 1.5765517 -6.1045604 1.5463964 19.760006 -3.0933728218078613 0.6864814162254333
Car 0.0 0 -0.26356011629104614 730.1753540039062 178.2853240966797 828.6432495117188 213.65158081054688 3.9497433 1.5077518 1.6307433 7.4028654 1.7550347 31.915329 -0.03563738986849785 0.6753597855567932
Car 0.0 0 0.2599331736564636 373.4617919921875 172.52212524414062 505.39154052734375 220.09242248535156 4.0793147 1.5597554 1.6555986 -5.776877 1.5492319 24.541435 0.02874898910522461 0.6245735883712769
Car 0.0 0 0.30279549956321716 360.8523254394531 183.0350341796875 497.008056640625 232.8527069091797 3.7749305 1.4490042 1.5724839 -5.565011 1.7758626 22.24293 0.05763578414916992 0.5055627822875977
