Pedestrian 0.0 0 2.0913894176483154 974.38134765625 144.1658477783203 1022.8145751953125 227.07313537597656 0.86044973 1.8022388 0.6022508 8.861973 0.99189305 16.093485 2.594736099243164 0.47579315304756165
Pedestrian 0.0 0 -0.033489495515823364 403.0085144042969 165.27877807617188 438.0882568359375 238.24542236328125 0.83251286 1.7918807 0.6529508 -4.588559 1.3947175 18.067392 -0.28220024704933167 0.446946918964386
Pedestrian 0.0 0 -1.2586065530776978 192.45932006835938 131.6171112060547 255.22300720214844 249.4620819091797 0.8988399 1.7564288 0.6228164 -5.9105787 1.0142533 11.200263 -1.744181752204895 0.3382268249988556
Pedestrian 0.0 0 3.1002793312072754 394.765625 170.86756896972656 429.2377624511719 239.71136474609375 0.8457292 1.7597655 0.59420687 -4.986365 1.4891602 18.768373 2.8405990600585938 0.2826491892337799
Pedestrian 0.0 0 0.007176443934440613 479.7030944824219 181.56529235839844 518.9828491210938 251.03158569335938 0.94752705 1.6859275 0.7242533 -2.5684712 1.6887681 17.85471 -0.1356973797082901 0.2814352810382843
Pedestrian 0.0 0 -1.6900367736816406 541.57275390625 170.90576171875 561.4224243164062 210.9247589111328 0.81272393 1.7615998 0.79232836 -2.248648 1.2962035 32.09145 -1.7599924802780151 0.2738001346588135
Pedestrian 0.0 0 2.5644888877868652 738.7089233398438 145.38937377929688 765.19775390625 193.3249969482422 0.8405127 1.868942 0.58918005 5.937345 0.46205375 28.431223 2.77036190032959 0.2331840544939041
Pedestrian 0.0 0 2.3790416717529297 728.2586059570312 149.7481689453125 751.112548828125 193.99412536621094 0.7839068 1.8804618 0.5807959 5.94838 0.5319739 30.983265 2.568720579147339 0.22315815091133118
Pedestrian 0.0 0 -1.4199724197387695 390.8130187988281 145.5852508544922 416.69677734375 210.74313354492188 0.7458991 1.8502325 0.6195582 -5.7475023 0.8315353 20.802347 -1.6895384788513184 0.21852749586105347
Pedestrian 0.0 0 -1.375931978225708 120.99028015136719 176.16261291503906 176.34913635253906 285.9332580566406 0.703541 1.6499304 0.6099082 -7.108065 1.5710117 11.232604 -1.9401252269744873 0.21688960492610931
Pedestrian 0.0 0 1.066087007522583 156.77169799804688 161.69515991210938 244.09213256835938 294.72265625 1.0070227 1.7342814 0.64220977 -5.57294 1.4774157 9.90014 0.553382158279419 0.19901925325393677
Cyclist 0.0 0 -1.2628737688064575 495.8305969238281 180.27398681640625 543.4857788085938 250.77212524414062 1.5998178 1.6813956 0.7383723 -2.0577533 1.6533536 17.985909 -1.3767876625061035 0.3044801950454712
Cyclist 0.0 0 -2.087671995162964 1020.3162841796875 143.8729248046875 1082.4873046875 215.8671417236328 1.8059602 1.7597455 0.52507347 11.497858 0.84122336 18.468307 -1.530820369720459 0.23327738046646118
Cyclist 0.0 0 1.9698503017425537 187.88150024414062 127.59120178222656 259.2520751953125 247.88723754882812 1.1388555 1.7868938 0.5972231 -5.9387712 0.98743343 11.26067 1.484531044960022 0.16519564390182495
Cyclist 0.0 0 0.061371803283691406 397.72369384765625 168.59217834472656 437.9207763671875 240.62098693847656 0.9465817 1.7772402 0.6578425 -4.657701 1.459941 18.134005 -0.19004249572753906 0.16208846867084503
Cyclist 0.0 0 0.038949668407440186 538.0879516601562 171.80514526367188 560.03759765625 211.03933715820312 0.94694626 1.7262257 0.79321456 -2.3411922 1.3006241 32.015167 -0.034047991037368774 0.11773891001939774
Car 0.0 0 -1.8191808462142944 702.4798583984375 158.57672119140625 831.2280883789062 256.41558837890625 3.7841058 1.7631063 1.6695569 3.2181761 1.3512868 14.862367 -1.6059409379959106 0.8205166459083557
Car 0.0 0 2.8127081394195557 580.733642578125 170.0923309326172 641.6151123046875 190.70849609375 4.4863977 1.5803639 1.6951367 0.7848306 0.7064454 56.56332 2.826582431793213 0.29478326439857483
Car 0.0 0 0.6491711735725403 1136.6043701171875 191.1654052734375 1238.0 374.0 3.8841598 1.4277539 1.5731031 7.293703 1.546235 6.6961637 1.4772557020187378 0.22249825298786163
Car 0.0 0 -1.47104012966156 540.3783569335938 178.55995178222656 574.8350219726562 205.31243896484375 3.8030071 1.4611312 1.6016353 -2.4666584 1.3013788 41.162373 -1.5308936834335327 0.20507901906967163
