Pedestrian 0.0 0 1.4585764408111572 278.5827941894531 177.46180725097656 318.9829406738281 265.93511962890625 0.7079335 1.7510272 0.68168503 -6.312648 1.6925261 14.465627 1.0470983982086182 0.4656740725040436
Pedestrian 0.0 0 -0.06428521871566772 994.9465942382812 109.98231506347656 1067.7908935546875 247.79222106933594 0.8227453 1.8157781 0.5567499 5.810089 0.8883129 9.746358 0.4732832908630371 0.3504241704940796
Pedestrian 0.0 0 -1.63275146484375 791.073486328125 163.8879852294922 805.3576049804688 197.6212615966797 0.7125793 1.77914 0.6908014 10.289254 0.90441114 37.70478 -1.3663480281829834 0.2923796474933624
Pedestrian 0.0 0 3.61676287651062 111.25663757324219 108.02864837646484 211.4482879638672 245.1519012451172 0.9963338 1.8339136 0.6419389 -6.1832156 0.86633915 9.814292 3.054560661315918 0.28761181235313416
Pedestrian 0.0 0 -1.284562110900879 116.63066864013672 152.33261108398438 136.3507843017578 192.24459838867188 0.60045236 1.9387857 0.66053474 -23.515799 0.5719509 34.72746 -1.8797893524169922 0.15714947879314423
Pedestrian 0.0 0 -1.5708398818969727 564.8406372070312 169.02450561523438 575.313232421875 197.529296875 0.7573837 1.8236715 0.6694815 -2.2553775 1.090833 45.6252 -1.620232343673706 0.1489100307226181
Pedestrian 0.0 0 -1.7355024814605713 492.8506164550781 164.05300903320312 509.20111083984375 198.5939178466797 0.83665544 1.8483086 0.74932253 -5.653076 0.9696249 38.34265 -1.8818836212158203 0.1465030461549759
Pedestrian 0.0 0 -0.10176192224025726 771.4649658203125 155.27655029296875 797.0140380859375 187.8535614013672 1.37035 1.8523035 0.5615024 10.272579 0.41950235 40.574883 0.14620351791381836 0.10110422968864441
Cyclist 0.0 0 -0.10176192224025726 771.4649658203125 155.27655029296875 797.0140380859375 187.8535614013672 1.37035 1.8523035 0.5615024 10.272579 0.41950235 40.574883 0.14620351791381836 0.2829117476940155
Cyclist 0.0 0 -1.9472119808197021 976.134765625 137.94229125976562 1027.400390625 210.9844970703125 1.8666608 1.8170143 0.51627666 10.337209 0.75993484 18.542944 -1.4386487007141113 0.2600739002227783
Cyclist 0.0 0 3.568444013595581 92.93862915039062 106.54310607910156 214.25820922851562 244.68496704101562 1.26499 1.834265 0.64319927 -6.267069 0.8539285 9.791474 2.9990928173065186 0.1479906588792801
Car 0.0 0 2.714064598083496 845.9791870117188 159.97511291503906 999.3869018554688 209.76913452148438 4.1118913 1.5160424 1.6521142 9.933404 0.89269483 22.367792 3.1319963932037354 0.734065592288971
Car 0.0 0 -0.7949352264404297 0.0 210.54798889160156 295.36187744140625 370.0 4.032559 1.4330368 1.6090125 -3.2348213 1.6640761 3.3667257 -1.5603551864624023 0.7175347805023193
