Pedestrian 0.0 0 -1.5904555320739746 469.7063903808594 154.6841583251953 534.9405517578125 343.4698486328125 0.8717028 1.6140475 0.55668676 -1.0103775 1.3950353 6.5173793 -1.7442593574523926 0.4760965406894684
Pedestrian 0.0 0 -1.5426735877990723 839.1396484375 172.5648956298828 867.1666870117188 242.01614379882812 0.797157 1.7066213 0.6477418 6.2368913 1.5132298 17.85709 -1.206652045249939 0.29677465558052063
Pedestrian 0.0 0 0.8434593081474304 450.82940673828125 135.64649963378906 494.1566162109375 223.7904052734375 0.6211042 1.8039975 0.6501672 -2.8347147 0.8876283 14.912859 0.6556150913238525 0.13460460305213928
Pedestrian 0.0 0 -2.0172224044799805 1115.281494140625 186.42112731933594 1224.0 370.0 0.6816279 1.6647718 0.67069477 4.315492 1.7143165 5.297328 -1.3336094617843628 0.12889038026332855
Pedestrian 0.0 0 -0.743443489074707 983.793212890625 192.2786407470703 1124.8074951171875 370.0 0.66383517 1.625698 0.59355146 3.2861464 1.721446 5.286707 -0.18730244040489197 0.11666809767484665
Pedestrian 0.0 0 -2.241511821746826 1165.2830810546875 165.3184356689453 1224.0 266.67108154296875 0.8605631 1.6596948 0.6109148 10.119149 1.412742 12.012327 -1.5414481163024902 0.11187516152858734
Cyclist 0.0 0 -1.3980093002319336 75.2090072631836 154.37583923339844 126.32254791259766 249.1602783203125 1.7122213 1.6559865 0.49484512 -9.447794 1.2012141 13.226811 -2.0182623863220215 0.18200784921646118
Cyclist 0.0 0 1.528026819229126 968.099853515625 137.14828491210938 1013.5433349609375 254.27865600585938 1.6687281 1.7726239 0.57251465 6.2431693 1.1182094 11.570939 2.0228161811828613 0.17856921255588531
Cyclist 0.0 0 0.5779106020927429 28.698104858398438 193.00181579589844 110.87105560302734 254.35931396484375 1.8075658 1.7169405 0.68220186 -15.417525 2.0855317 20.348492 -0.07048384845256805 0.1352909654378891
Cyclist 0.0 0 -2.211440324783325 0.0 173.77407836914062 83.6016616821289 258.03131103515625 1.805315 1.6337407 0.62885314 -11.553492 1.5049578 14.231213 -2.893360137939453 0.12748900055885315
Cyclist 0.0 0 -1.5906647443771362 470.51800537109375 153.9424285888672 535.7930297851562 345.7807312011719 0.94560707 1.6230456 0.5513127 -1.0002046 1.4000598 6.4901547 -1.7435728311538696 0.10398776084184647
Car 0.0 0 1.9293912649154663 72.54615783691406 189.61709594726562 161.66673278808594 232.16354370117188 3.7876263 1.4421034 1.5526081 -18.430712 1.8160193 26.852467 1.3278720378875732 0.14804713428020477
Car 0.0 0 1.2923009395599365 1173.0235595703125 195.7264404296875 1224.0 370.0 3.75838 1.4718382 1.573227 5.9470534 1.6411821 5.7593403 2.0937328338623047 0.11509174108505249
Car 0.0 0 -1.3805874586105347 772.6785888671875 189.32872009277344 880.6487426757812 269.3524169921875 3.7142315 1.48414 1.5866609 4.935833 1.7052232 15.562074 -1.0734531879425049 0.10868078470230103
Car 0.0 0 -1.2630598545074463 485.2807312011719 146.7425994873047 581.0655517578125 208.09109497070312 4.1415706 1.6444795 1.664509 -2.0563736 0.7411769 21.146946 -1.3599971532821655 0.10071446001529694
