Pedestrian 0.0 0 1.779396891593933 267.3878173828125 172.5352783203125 347.30426025390625 325.85107421875 1.714342 1.6777488 0.5567695 -3.692018 1.6746187 8.787333 1.3816394805908203 0.15418043732643127
Cyclist 0.0 0 1.8981587886810303 351.7542419433594 169.9266357421875 431.8236999511719 294.8717041015625 1.8385686 1.7655699 0.6252221 -3.3671613 1.7245617 11.122346 1.604191541671753 0.8922734260559082
Cyclist 0.0 0 1.772565245628357 266.40875244140625 173.13636779785156 345.3677673339844 325.8324890136719 1.7141415 1.6715844 0.556905 -3.7133005 1.6757351 8.794405 1.3730393648147583 0.8573747873306274
Car 0.0 0 -2.011651039123535 750.397705078125 174.82701110839844 1038.2530517578125 343.9119873046875 3.3558788 1.4233717 1.5362698 2.727803 1.4500223 7.8623877 -1.6777018308639526 0.8871636390686035
Car 0.0 0 -1.762816071510315 579.6157836914062 174.7841033935547 640.41943359375 220.21189880371094 3.4494033 1.5658596 1.622271 -0.10739979 1.6430628 26.874905 -1.7668123245239258 0.8477264046669006
Car 0.0 0 1.8034193515777588 271.9630432128906 186.1640167236328 391.247802734375 265.8714904785156 3.8989594 1.4608524 1.5825824 -6.031705 1.792775 15.936237 1.4415925741195679 0.8426886200904846
Car 0.0 0 -1.467003583908081 402.894775390625 181.84780883789062 448.88616943359375 217.90933227539062 3.7925253 1.4573219 1.6009912 -8.178882 1.8831905 32.142067 -1.7161757946014404 0.7667998671531677
Car 0.0 0 -1.6486600637435913 558.4454345703125 173.3048858642578 595.6107177734375 204.9002227783203 3.704713 1.5441219 1.623897 -1.7843585 1.5689738 37.25501 -1.6965192556381226 0.6892186403274536
Car 0.0 0 -1.8277658224105835 645.3452758789062 171.31141662597656 768.9490966796875 252.6504364013672 3.808863 1.4612721 1.5772818 1.8106138 1.4339172 14.953848 -1.7072722911834717 0.6848912835121155
Car 0.0 0 -1.1974152326583862 150.1446533203125 194.63006591796875 358.55303955078125 316.22247314453125 3.574629 1.4030596 1.5662296 -5.1215625 1.7854257 10.817967 -1.6395827531814575 0.6747050881385803
Car 0.0 0 1.7908906936645508 421.0721435546875 173.04017639160156 467.0419006347656 202.84788513183594 4.143983 1.6096067 1.6855229 -9.412993 1.621096 41.062378 1.5655475854873657 0.38889405131340027
