Pedestrian 0.0 0 3.5602128505706787 186.17706298828125 132.96261596679688 234.5697784423828 210.37916564941406 0.87875885 1.8428216 0.5505344 -9.724836 0.8936062 17.485926 3.0526585578918457 0.48182234168052673
Car 0.0 0 -1.8566830158233643 688.3955688476562 186.3133087158203 801.5857543945312 263.24005126953125 3.4067657 1.4808364 1.5848631 2.8725646 1.8183504 16.290894 -1.6821476221084595 0.8914113640785217
Car 0.0 0 -1.7004252672195435 648.955078125 179.51007080078125 709.7161254882812 224.91099548339844 4.2310357 1.4665419 1.6306442 2.3747156 1.7272925 26.079054 -1.6096173524856567 0.8127909302711487
Car 0.0 0 0.45531678199768066 102.33682250976562 189.51092529296875 372.1859436035156 282.0343322753906 3.785829 1.4370155 1.5851276 -6.264798 1.7408116 12.320409 -0.015099307522177696 0.8075142502784729
Car 0.0 0 -2.7436869144439697 278.4487609863281 184.17648315429688 446.798095703125 242.5668487548828 3.9442964 1.4563557 1.6117388 -6.5873075 1.7743318 19.297977 -3.072632312774658 0.7363256812095642
Car 0.0 0 0.758600652217865 0.0 190.82337951660156 182.2235870361328 350.61572265625 3.72351 1.4445316 1.5685233 -6.83935 1.65296 7.528631 0.021139144897460938 0.7226775288581848
Car 0.0 0 3.4053423404693604 307.7901306152344 183.1630096435547 457.0473327636719 235.96937561035156 3.991253 1.4960504 1.6286343 -6.793547 1.8189803 21.681097 3.1016926765441895 0.6277043223381042
Car 0.0 0 -2.6125333309173584 234.36764526367188 184.5169677734375 420.15570068359375 250.7543182373047 3.8377533 1.4395555 1.5786607 -6.703532 1.7343811 17.136518 -2.9854166507720947 0.5954917669296265
Car 0.0 0 0.4482841491699219 167.64154052734375 191.08609008789062 398.3858947753906 270.1746826171875 3.9668036 1.4696361 1.6082436 -6.5741425 1.8620592 14.656624 0.0266416072845459 0.5615789890289307
Car 0.0 0 0.38626784086227417 399.6957702636719 185.00355529785156 511.88134765625 223.8418426513672 4.245052 1.5088315 1.6540873 -6.409696 2.033574 29.954504 0.17546582221984863 0.5020261406898499
Car 0.0 0 -2.8067712783813477 336.7059020996094 181.527099609375 467.07171630859375 229.00949096679688 3.8829231 1.5102271 1.6289968 -6.9624457 1.8125832 24.201828 -3.0868897438049316 0.4320344030857086
