Pedestrian 0.0 0 -1.527491569519043 781.1346435546875 169.31204223632812 797.52392578125 213.5448455810547 0.77573365 1.7556431 0.60965127 7.1927695 1.6154175 29.093838 -1.2851248979568481 0.548252284526825
Pedestrian 0.0 0 -3.4828124046325684 1020.9810791015625 142.1424102783203 1084.337158203125 232.34349060058594 0.93862927 1.8038503 0.67488074 9.044325 1.1900346 14.852839 -2.9358532428741455 0.3544721007347107
Pedestrian 0.0 0 -1.5079163312911987 719.5899047851562 173.33853149414062 732.1171875 204.78245544433594 1.1696991 1.6964225 0.60773665 6.3245687 1.7237906 39.581688 -1.3494704961776733 0.2831844687461853
Pedestrian 0.0 0 -0.5930830836296082 863.2907104492188 158.12757873535156 894.4818725585938 207.9376220703125 0.88908994 1.8211069 0.6218674 9.934657 1.2830518 26.784367 -0.2379007786512375 0.24092625081539154
Pedestrian 0.0 0 -1.6789873838424683 761.0817260742188 162.87149047851562 785.0156860351562 221.48001098632812 1.7832446 1.8382617 0.5674331 5.260721 1.5255175 23.546024 -1.4591745138168335 0.1586858034133911
Cyclist 0.0 0 -1.65816330909729 761.7428588867188 163.05406188964844 784.2547607421875 221.3614044189453 1.8074949 1.8297341 0.55655545 5.2657146 1.5225618 23.572294 -1.4383858442306519 0.8272587656974792
Cyclist 0.0 0 -1.8452422618865967 916.9602661132812 132.69891357421875 1017.9917602539062 290.2100830078125 1.9149699 1.7729146 0.629525 4.3938103 1.3212947 9.116356 -1.3961224555969238 0.8010949492454529
Cyclist 0.0 0 -1.5957069396972656 719.9639892578125 173.2820587158203 731.1814575195312 204.69268798828125 1.3966273 1.6928916 0.57159215 6.3076544 1.7171984 39.634823 -1.437886118888855 0.291437566280365
Cyclist 0.0 0 -3.3958024978637695 1016.6871948242188 142.57078552246094 1083.1978759765625 232.69284057617188 1.0339444 1.7987429 0.66664475 8.993349 1.194679 14.865579 -2.8517308235168457 0.151927188038826
Car 0.0 0 -0.8709442615509033 1172.235595703125 193.45472717285156 1242.0 220.93739318847656 3.8568876 1.6013392 1.4961972 37.163822 2.909662 44.731358 -0.1776895821094513 0.514416515827179
Car 0.0 0 -0.3125995397567749 827.847412109375 188.0453643798828 886.2988891601562 208.34640502929688 4.288331 1.6219125 1.6193978 20.404154 2.8981533 59.752457 0.016463279724121094 0.4929799437522888
Car 0.0 0 1.2196084260940552 843.3785400390625 181.49563598632812 875.7957153320312 198.44236755371094 3.8832738 1.4864854 1.6128666 23.197567 2.3156097 67.23905 1.5518232583999634 0.20300769805908203
Car 0.0 0 1.305980920791626 1155.9163818359375 194.4748077392578 1234.447998046875 233.56661987304688 3.8622754 1.454169 1.6797751 25.20984 2.4548001 31.272877 1.984445333480835 0.18053843080997467
