Car 0.0 0 -1.831702709197998 698.0673217773438 178.46339416503906 849.8108520507812 275.5102844238281 4.170195 1.4586742 1.6187805 2.737532 1.5783376 13.215946 -1.6274527311325073 0.9046278595924377
Car 0.0 0 0.41835325956344604 255.7167510986328 182.68370056152344 462.2760009765625 249.42715454101562 4.35038 1.468809 1.6586399 -5.937489 1.7171372 17.186716 0.08572006225585938 0.8411893844604492
Car 0.0 0 0.603094756603241 0.0 186.1337127685547 281.6232604980469 312.03436279296875 3.8178122 1.4210314 1.5708932 -6.4750733 1.6043262 9.124737 -0.014056863263249397 0.8393656015396118
Car 0.0 0 0.6576444506645203 42.67707443237305 182.0592041015625 343.48431396484375 288.61114501953125 4.0352387 1.5280858 1.6525904 -6.660947 1.6908109 11.629201 0.1374819278717041 0.7816406488418579
Car 0.0 0 1.4522902965545654 674.9454956054688 176.8163299560547 738.9052734375 224.33311462402344 4.137915 1.4302803 1.6187719 3.105828 1.5746145 24.138746 1.5802528858184814 0.7643224000930786
Car 0.0 0 -2.335442543029785 0.0 185.6893768310547 179.6112518310547 367.4638366699219 3.8561234 1.4222467 1.5791355 -6.3940086 1.5559285 6.6283674 -3.102846145629883 0.756269633769989
Car 0.0 0 3.424818515777588 299.17645263671875 175.96221923828125 455.38739013671875 231.5648193359375 3.7885332 1.4531755 1.5740302 -6.339536 1.5423867 19.785881 3.114746332168579 0.6838555932044983
Car 0.0 0 0.26525795459747314 325.2637634277344 165.31236267089844 468.4126281738281 221.60487365722656 3.9287417 1.6663722 1.677342 -6.528667 1.4434826 22.23468 -0.020340370014309883 0.5922168493270874
Car 0.0 0 0.7784640192985535 914.346923828125 208.64942932128906 1242.0 375.0 3.787472 1.4140216 1.5459777 3.0707083 1.681964 3.4509664 1.505621314048767 0.45248448848724365
Car 0.0 0 1.5428175926208496 652.3717651367188 172.27879333496094 681.37255859375 199.39234924316406 3.8714702 1.556059 1.6218315 3.3464358 1.5234053 43.37976 1.6198078393936157 0.4105876684188843
