Pedestrian 0.0 0 -0.7614104747772217 931.8773803710938 167.09335327148438 973.6534423828125 231.48373413085938 0.8532859 1.7999694 0.66785485 9.743451 1.6392941 20.6183 -0.3199521601200104 0.33224228024482727
Pedestrian 0.0 0 1.1168463230133057 0.0 119.6555404663086 48.16386795043945 235.30447387695312 0.8650856 1.8011674 0.6056247 -9.751808 0.97298896 11.688079 0.42151546478271484 0.278603196144104
Pedestrian 0.0 0 3.3920469284057617 303.0513916015625 143.73187255859375 335.8622741699219 200.2009735107422 0.9240754 1.8964299 0.574294 -9.933811 0.9187651 24.575172 3.007906675338745 0.27266931533813477
Cyclist 0.0 0 -0.6927239894866943 932.949951171875 165.50027465820312 979.2529907226562 229.98573303222656 1.0092639 1.8053948 0.6541717 9.847748 1.599871 20.638851 -0.24752604961395264 0.11533110588788986
Car 0.0 0 -1.9047952890396118 730.430419921875 176.3219451904297 1037.2896728515625 375.0 4.3336573 1.5934317 1.6566514 2.5296245 1.6428102 8.00733 -1.5988035202026367 0.8823214769363403
Car 0.0 0 0.48582592606544495 0.0 192.50657653808594 333.41571044921875 299.8146057128906 4.160536 1.4686515 1.6393912 -6.7173023 1.7982796 11.150719 -0.0563635490834713 0.8296133279800415
Car 0.0 0 2.1456544399261475 0.0 213.13768005371094 376.7665710449219 375.0 3.4882488 1.4046246 1.4931729 -2.6944618 1.7328866 4.1234283 1.5668563842773438 0.8046132922172546
Car 0.0 0 3.504718542098999 201.34329223632812 190.44790649414062 414.3023681640625 265.91766357421875 4.0215497 1.5346599 1.6632389 -6.6099596 1.946307 15.974495 3.1123878955841064 0.7788123488426208
Car 0.0 0 1.503166913986206 642.2955322265625 181.133056640625 675.7244873046875 209.2504425048828 4.156563 1.4956824 1.6392754 2.7490046 1.9982176 41.683357 1.569021224975586 0.6979448199272156
Car 0.0 0 -2.5101747512817383 256.6814270019531 185.08396911621094 422.7512512207031 249.296142578125 3.8255522 1.511426 1.6223509 -7.04969 1.851933 18.769728 -2.8694610595703125 0.3727973401546478
Car 0.0 0 1.7969334125518799 444.1130676269531 185.96524047851562 509.1551208496094 230.9459686279297 3.8314812 1.4963894 1.5797201 -4.9656887 2.0244112 27.086443 1.6156193017959595 0.2910401523113251
