Pedestrian 0.0 0 0.7515555024147034 288.4834289550781 143.41744995117188 323.5723876953125 204.86231994628906 0.8233539 1.9163946 0.6246048 -9.705898 0.99866045 22.93606 0.35123419761657715 0.42420414090156555
Pedestrian 0.0 0 1.3215030431747437 0.0 156.64404296875 80.80224609375 329.036865234375 0.7448545 1.7629893 0.62198335 -6.316318 1.5975748 7.848406 0.643848180770874 0.17832371592521667
Pedestrian 0.0 0 1.9304673671722412 395.5019836425781 176.0823516845703 425.3589172363281 232.47625732421875 1.0248123 1.8128866 0.63023365 -6.6167784 1.9221178 23.792274 1.6592156887054443 0.1770753115415573
Pedestrian 0.0 0 0.799170732498169 250.1071319580078 139.27244567871094 285.18170166015625 201.71438598632812 0.768472 1.8918858 0.61778057 -10.61598 0.87477916 22.28171 0.35454511642456055 0.16175146400928497
Pedestrian 0.0 0 -1.4128475189208984 435.2228088378906 178.62533569335938 453.0708312988281 221.78378295898438 0.82857066 1.7376951 0.5920262 -6.840545 1.9782917 29.598392 -1.6399718523025513 0.14962954819202423
Pedestrian 0.0 0 -0.7709071040153503 758.1671752929688 162.61244201660156 782.5654907226562 209.01011657714844 0.7132035 1.8119403 0.6220781 6.3194976 1.4123414 28.627102 -0.5536393523216248 0.14937885105609894
Pedestrian 0.0 0 -1.0770647525787354 285.0180358886719 154.8412322998047 306.3442077636719 197.85960388183594 0.64462996 1.9180282 0.6543877 -14.201545 1.115264 32.515938 -1.4888509511947632 0.1460719108581543
Pedestrian 0.0 0 -1.2473886013031006 0.0 190.8254852294922 57.74140548706055 338.2221374511719 1.3130711 1.6079825 0.4435835 -7.2380285 1.8430889 8.729841 -1.9396313428878784 0.10749830305576324
Cyclist 0.0 0 1.9559820890426636 361.1569519042969 182.15243530273438 406.6976623535156 248.1451416015625 1.9392263 1.8063352 0.582311 -6.6028333 2.0903175 21.01591 1.6515650749206543 0.4240502715110779
Cyclist 0.0 0 -1.3491783142089844 0.0 188.22621154785156 49.05860900878906 342.0636291503906 1.5844519 1.6358742 0.43382296 -7.2240405 1.8373643 8.634258 -2.0458836555480957 0.21093660593032837
Cyclist 0.0 0 0.6955593824386597 283.57562255859375 144.26295471191406 321.39422607421875 205.8402557373047 0.9427711 1.9229378 0.5975949 -9.824613 1.0304538 22.950972 0.2910916805267334 0.1517438292503357
Car 0.0 0 2.062931776046753 0.0 189.29713439941406 409.53680419921875 375.0 4.061469 1.5074655 1.6249821 -3.4311857 1.7136902 6.9730396 1.6056525707244873 0.8961201906204224
Car 0.0 0 3.194112539291382 328.2874450683594 176.2960968017578 441.7281188964844 216.54795837402344 4.525692 1.6349514 1.7586955 -9.601031 1.7897068 30.95394 2.89335036277771 0.6947045922279358
Car 0.0 0 -1.5453013181686401 493.3512268066406 182.74169921875 526.3868408203125 212.9672393798828 3.4746618 1.438761 1.6076384 -5.1787715 1.9758515 37.34793 -1.683085560798645 0.6816768646240234
