Pedestrian 0.0 0 1.6927050352096558 534.6524047851562 156.37989807128906 583.4212036132812 274.1458740234375 0.84085095 1.725789 0.6491747 -0.73454905 1.373987 10.793716 1.6247564554214478 0.6383286714553833
Pedestrian 0.0 0 -1.624605417251587 838.7301635742188 172.3753662109375 867.8853149414062 242.22662353515625 0.86848736 1.7197942 0.6480909 6.2440124 1.5213566 17.910341 -1.2891550064086914 0.2559668719768524
Pedestrian 0.0 0 -0.6195306181907654 55.723480224609375 192.04248046875 100.96965789794922 252.88441467285156 0.7961861 1.7006278 0.6902741 -15.243621 2.0436382 20.426298 -1.2606430053710938 0.23431457579135895
Pedestrian 0.0 0 -2.52685546875 1129.7779541015625 140.11497497558594 1204.2703857421875 251.9568634033203 0.73088413 1.7501235 0.6088373 9.082389 1.1198277 11.495808 -1.8582043647766113 0.15699681639671326
Pedestrian 0.0 0 -0.058819547295570374 562.3030395507812 159.23728942871094 601.2778930664062 247.6260528564453 0.77149934 1.7884312 0.5640644 -0.5282251 1.3598346 14.618568 -0.09493768215179443 0.1413850337266922
Pedestrian 0.0 0 -0.2676897644996643 640.6249389648438 171.4874725341797 699.6417846679688 270.10430908203125 0.9407668 1.7555262 0.6430719 1.1430849 1.5967324 12.982048 -0.17986507713794708 0.13345175981521606
Pedestrian 0.0 0 1.8028333187103271 255.0518798828125 171.64247131347656 301.9921569824219 265.8341369628906 0.7427917 1.7596787 0.67140687 -6.326799 1.59584 13.635332 1.368397831916809 0.11660968512296677
Pedestrian 0.0 0 -3.240457057952881 759.1380615234375 174.7444610595703 791.886474609375 261.8043518066406 0.58041006 1.711728 0.6208287 3.386121 1.600196 14.243207 -3.007054090499878 0.11576306074857712
Pedestrian 0.0 0 -1.7772252559661865 841.28125 149.37220764160156 888.2955322265625 253.53631591796875 0.9521663 1.7842747 0.60097915 4.5776463 1.2527195 12.620103 -1.429258108139038 0.11495786905288696
Pedestrian 0.0 0 -0.8894284963607788 983.7808227539062 194.11643981933594 1121.38818359375 370.0 0.65535164 1.6272905 0.58728397 3.2712576 1.7380619 5.2734237 -0.33419516682624817 0.11405597627162933
Pedestrian 0.0 0 -0.369774729013443 821.8291625976562 189.4347686767578 866.8629150390625 279.9783935546875 0.64385384 1.7350103 0.6642231 4.6745076 1.917474 13.958743 -0.04663257673382759 0.10821177810430527
Cyclist 0.0 0 3.6023380756378174 43.9193000793457 192.39486694335938 101.40126037597656 254.59786987304688 1.132978 1.7375913 0.694916 -15.350356 2.089299 20.362148 2.956366539001465 0.15762127935886383
Cyclist 0.0 0 -1.9981112480163574 0.0 178.82443237304688 59.04341506958008 263.41986083984375 1.7769817 1.6215395 0.63640475 -11.88894 1.5910558 14.218925 -2.694500684738159 0.12370766699314117
Car 0.0 0 1.836415410041809 52.41083908081055 187.61231994628906 138.16448974609375 230.84524536132812 4.058785 1.4458151 1.5976466 -19.02849 1.7362396 26.537851 1.2143497467041016 0.1686760038137436
Car 0.0 0 -1.0814883708953857 291.3958435058594 195.3416748046875 405.599609375 252.6827392578125 3.5684357 1.4076066 1.5690371 -7.231887 1.8727926 20.203108 -1.4252361059188843 0.10795291513204575
