Pedestrian 0.0 0 1.060825228691101 717.3189697265625 167.57749938964844 753.0437622070312 230.25022888183594 0.98483485 1.8211167 0.65107006 3.6813653 1.6681525 21.536264 1.2301268577575684 0.292507529258728
Pedestrian 0.0 0 -2.980771780014038 739.17529296875 168.9872589111328 766.752685546875 228.2214813232422 0.74800986 1.7917913 0.6023452 4.362894 1.6751833 22.235525 -2.787020444869995 0.2799660265445709
Pedestrian 0.0 0 1.2313106060028076 126.50020599365234 142.6045684814453 162.32733154296875 210.89183044433594 0.8097542 1.878213 0.6127986 -13.169372 1.0465728 20.332685 0.6565577983856201 0.21213528513908386
Pedestrian 0.0 0 -2.542104482650757 341.54058837890625 186.5438690185547 377.2330017089844 250.9256591796875 0.68408895 1.7607137 0.68379015 -7.1027365 2.1547496 20.327269 -2.8782618045806885 0.20551174879074097
Pedestrian 0.0 0 -1.7181875705718994 361.5003356933594 159.92189025878906 378.19720458984375 201.5853729248047 0.74472207 1.866954 0.616591 -10.960254 1.28782 32.801178 -2.040665864944458 0.18798325955867767
Pedestrian 0.0 0 1.9822734594345093 154.3984832763672 145.3821563720703 187.5929412841797 202.91357421875 0.9716687 1.8693426 0.60506046 -14.615413 0.97707 23.964264 1.4346182346343994 0.17017734050750732
Cyclist 0.0 0 -0.05307075381278992 356.60296630859375 176.4296417236328 385.3509521484375 206.52511596679688 1.7082474 1.8874562 0.636811 -15.271272 2.1188068 46.00164 -0.3735958933830261 0.163498654961586
Cyclist 0.0 0 1.9669644832611084 154.40432739257812 143.59815979003906 189.994140625 201.83059692382812 1.2906225 1.8842177 0.56014293 -14.606816 0.9379492 24.023874 1.4206743240356445 0.15088090300559998
Cyclist 0.0 0 1.0620512962341309 716.769775390625 167.34002685546875 753.543701171875 231.21627807617188 1.0591124 1.8507441 0.64392024 3.6747892 1.6913409 21.50957 1.231261968612671 0.1456829458475113
Car 0.0 0 1.6921775341033936 443.41424560546875 184.40179443359375 506.8591613769531 235.48480224609375 4.03678 1.5263191 1.641572 -4.544167 1.9527602 24.554987 1.509186863899231 0.8628732562065125
Car 0.0 0 3.151749610900879 160.91775512695312 187.82940673828125 364.3421936035156 264.7393798828125 4.094655 1.5581102 1.6909962 -8.0420475 1.9426277 16.877865 2.707090377807617 0.8559736609458923
Car 0.0 0 -2.080979824066162 549.4300537109375 165.53585815429688 603.7662963867188 194.93356323242188 4.6563745 2.0357785 1.9075848 -2.5110352 1.5293571 52.44346 -2.12882399559021 0.25369223952293396
Car 0.0 0 1.4517186880111694 462.527587890625 177.22499084472656 490.27655029296875 198.79510498046875 3.8436046 1.5302953 1.5948871 -10.07482 1.8709481 54.098953 1.2675983905792236 0.19777558743953705
Car 0.0 0 1.8251442909240723 450.0966796875 174.4763946533203 478.4576110839844 192.9493865966797 3.5729434 1.5446236 1.5599219 -12.605873 1.6895741 62.476444 1.6260473728179932 0.14117631316184998
