Pedestrian 0.0 0 -1.458182454109192 768.3257446289062 166.09925842285156 801.304931640625 246.91677856445312 0.8072424 1.8393935 0.6669668 4.054802 1.6860148 16.91247 -1.2228717803955078 0.22022807598114014
Pedestrian 0.0 0 -0.5283734798431396 911.5985717773438 119.59065246582031 1027.609130859375 285.58636474609375 1.0268881 1.8560426 0.6451504 4.1223555 1.2608486 8.424266 -0.07328780740499496 0.2195948362350464
Pedestrian 0.0 0 -1.0864982604980469 1039.4150390625 137.8727569580078 1146.990234375 289.593505859375 1.3211546 1.8058089 0.5914622 6.087083 1.3898133 9.161377 -0.5000465512275696 0.1561056524515152
Pedestrian 0.0 0 1.1460322141647339 675.0104370117188 169.107177734375 691.8921508789062 205.48716735839844 0.8115384 1.8683894 0.59088224 3.7806993 1.6763198 37.532482 1.246424913406372 0.15582409501075745
Pedestrian 0.0 0 -0.9383280873298645 1027.5537109375 114.00128173828125 1077.098388671875 201.04591369628906 0.7700263 1.866656 0.58978087 9.688187 0.6049283 15.889812 -0.39079904556274414 0.14739294350147247
Cyclist 0.0 0 -3.056811809539795 682.4458618164062 182.804931640625 720.7599487304688 219.3926544189453 1.7957902 1.7380297 0.7162319 4.4226975 2.2299464 35.10242 -2.9314780235290527 0.3102896809577942
Cyclist 0.0 0 -1.0714216232299805 1034.716064453125 138.04490661621094 1141.34912109375 289.6459655761719 1.2568976 1.801194 0.5996972 5.998877 1.3879799 9.130328 -0.4901219606399536 0.15938813984394073
Car 0.0 0 1.8851345777511597 239.919921875 192.57980346679688 445.6553039550781 329.0875244140625 3.6703503 1.444942 1.5695515 -3.502196 1.7699862 10.021862 1.5489448308944702 0.9006151556968689
Car 0.0 0 2.9618237018585205 389.6803894042969 183.70510864257812 484.565185546875 219.7213592529297 3.9803753 1.519763 1.6606642 -7.9320474 2.0392063 32.94973 2.7255868911743164 0.8313635587692261
Car 0.0 0 1.4124515056610107 509.0620422363281 182.34959411621094 547.8910522460938 211.32814025878906 3.7776208 1.4891336 1.5779736 -4.647615 2.0484374 40.43812 1.2980220317840576 0.521673321723938
Car 0.0 0 2.759530544281006 651.6231689453125 173.5052032470703 711.7626342773438 196.5112762451172 3.8091366 1.548638 1.6334155 4.9244814 1.5952762 49.959034 2.857783555984497 0.14810524880886078
