Pedestrian 0.0 0 -0.7943412661552429 1175.706787109375 95.31431579589844 1242.0 237.774658203125 0.9393158 1.824191 0.60308915 8.155552 0.83166075 9.578575 -0.08901362866163254 0.43979325890541077
Pedestrian 0.0 0 1.329172968864441 773.7634887695312 115.17598724365234 839.5145874023438 255.3357391357422 0.86487526 1.8633307 0.6899305 2.6599762 1.0968977 10.028079 1.5884549617767334 0.30691248178482056
Cyclist 0.0 0 -2.4984185695648193 110.93572998046875 186.44525146484375 189.0477752685547 246.67147827148438 1.9762698 1.7740966 0.6897976 -13.968735 2.1940935 21.857685 -3.0670764446258545 0.27049344778060913
Car 0.0 0 1.8900784254074097 272.5080261230469 193.16763305664062 462.3517761230469 310.6824035644531 4.231862 1.4738955 1.6700506 -3.7796183 1.8694144 11.907587 1.5827243328094482 0.878830075263977
Car 0.0 0 2.071693181991577 37.582496643066406 203.48281860351562 290.114013671875 327.5994567871094 4.03883 1.4480498 1.6246891 -6.7891293 2.022266 11.470399 1.5372637510299683 0.8744059205055237
Car 0.0 0 1.753510594367981 420.62689208984375 187.68716430664062 498.9837646484375 248.2255401611328 3.4250007 1.4589903 1.52077 -4.109423 1.9052665 19.960693 1.5504716634750366 0.8518792390823364
Car 0.0 0 -1.6443578004837036 643.1046752929688 176.9313201904297 685.0309448242188 211.72230529785156 3.741039 1.4770507 1.6258335 2.3745522 1.6741446 32.94067 -1.5723965167999268 0.7979252934455872
Car 0.0 0 2.8185691833496094 758.951171875 162.81495666503906 898.4093627929688 211.74037170410156 4.51792 1.7109288 1.7550455 7.8142424 1.3602202 26.181047 3.108621120452881 0.42787274718284607
Car 0.0 0 1.438225269317627 482.8913879394531 182.78224182128906 513.7137451171875 207.12417602539062 3.6530378 1.5059377 1.5602045 -7.527864 2.1969464 48.217854 1.283353567123413 0.3921339511871338
Car 0.0 0 -3.3078670501708984 720.1082763671875 171.4208526611328 804.8192749023438 203.73342895507812 3.8198764 1.5348887 1.6187757 7.338785 1.4671707 35.155457 -3.1020700931549072 0.36025571823120117
