Pedestrian 0.0 0 2.964156150817871 362.04351806640625 161.4672088623047 467.18963623046875 335.2292785644531 0.9563823 1.679233 0.59404093 -2.0231798 1.4969969 7.3026824 2.6938886642456055 0.4881160259246826
Pedestrian 0.0 0 -1.4977045059204102 838.6688842773438 173.125732421875 867.9694213867188 243.02163696289062 0.79847884 1.7162094 0.64325285 6.2384343 1.5367409 17.850023 -1.161482572555542 0.2627331018447876
Pedestrian 0.0 0 -0.3964881896972656 637.8828735351562 170.70065307617188 702.7268676757812 269.90142822265625 1.0206821 1.7603489 0.6342462 1.1507388 1.5880995 12.99882 -0.3081919550895691 0.16788753867149353
Pedestrian 0.0 0 -2.0532288551330566 1113.775634765625 187.59371948242188 1224.0 370.0 0.68039197 1.6646005 0.6685803 4.3142366 1.7235762 5.303202 -1.3703010082244873 0.13080669939517975
Pedestrian 0.0 0 1.638376235961914 962.9594116210938 137.7200927734375 1010.9961547851562 254.83424377441406 1.6520681 1.7738491 0.58487695 6.2204733 1.1275508 11.5591755 2.1320695877075195 0.12111292779445648
Pedestrian 0.0 0 -0.7619352340698242 984.33544921875 191.86724853515625 1125.6165771484375 370.0 0.6633224 1.6249136 0.59593284 3.2895966 1.7174178 5.2833815 -0.2050413340330124 0.11439282447099686
Pedestrian 0.0 0 -2.315567970275879 1161.2515869140625 164.7833251953125 1224.0 265.8480529785156 0.9673551 1.6471273 0.5653492 10.086435 1.3926334 12.014597 -1.6171926259994507 0.10547681152820587
Cyclist 0.0 0 1.638376235961914 962.9594116210938 137.7200927734375 1010.9961547851562 254.83424377441406 1.6520681 1.7738491 0.58487695 6.2204733 1.1275508 11.5591755 2.1320695877075195 0.20870645344257355
Cyclist 0.0 0 1.6958012580871582 74.71654510498047 151.41648864746094 119.6418228149414 247.8912811279297 1.5961796 1.6766229 0.48439482 -9.429412 1.1728296 13.099429 1.071887731552124 0.13181038200855255
Cyclist 0.0 0 -2.2132019996643066 0.0 176.23095703125 72.4011459350586 261.6794738769531 1.8113315 1.6505625 0.65294427 -11.764924 1.5697324 14.181786 -2.9057209491729736 0.11745279282331467
Cyclist 0.0 0 0.5300804376602173 35.75056838989258 189.92990112304688 111.19002532958984 250.9475860595703 1.6251891 1.7092289 0.66233164 -15.31618 1.9879476 20.353567 -0.11502256244421005 0.10261262208223343
Car 0.0 0 -1.1416640281677246 284.5157165527344 196.1489715576172 392.7420654296875 253.33203125 3.549109 1.4130062 1.5663537 -7.5499134 1.90424 20.292786 -1.49784517288208 0.14378932118415833
Car 0.0 0 1.2984278202056885 1172.0535888671875 194.5460662841797 1224.0 370.0 3.771723 1.4705702 1.5742177 5.928506 1.6270212 5.7597566 2.0982625484466553 0.11134481430053711
Car 0.0 0 -1.4244455099105835 775.3508911132812 187.62744140625 877.4198608398438 267.797607421875 3.820457 1.4954735 1.6035779 4.950817 1.6754276 15.620017 -1.1175086498260498 0.10141919553279877
