Pedestrian 0.0 0 -1.312496304512024 98.61029052734375 161.9875030517578 141.58804321289062 239.1377410888672 0.8014768 1.8142679 0.6795158 -11.888482 1.5590892 17.455992 -1.9103937149047852 0.4158787429332733
Car 0.0 0 -1.7280350923538208 663.16357421875 173.81077575683594 738.3153686523438 231.90335083007812 4.3079033 1.6548346 1.6739308 2.7123225 1.6883372 22.807913 -1.6096707582473755 0.8043012022972107
Car 0.0 0 -2.7564337253570557 236.64462280273438 181.74205017089844 430.34112548828125 247.20452880859375 4.0829053 1.4923934 1.6398191 -6.6700196 1.7195649 17.545746 -3.1197121143341064 0.7818881273269653
Car 0.0 0 -1.668572187423706 646.4025268554688 179.43797302246094 688.9620971679688 216.58900451660156 3.7260165 1.6007373 1.6095076 2.595119 1.9251564 33.631783 -1.5915621519088745 0.6779736876487732
Car 0.0 0 0.2807982265949249 386.78021240234375 173.84764099121094 507.4507141113281 216.07582092285156 4.490423 1.6594719 1.7433945 -6.618444 1.7017063 29.4027 0.05939197540283203 0.6089577674865723
Car 0.0 0 0.7512557506561279 0.0 159.87997436523438 159.37428283691406 371.6254577636719 3.9539633 1.482928 1.6090246 -6.2877226 1.3924243 5.971859 -0.05990137159824371 0.6028539538383484
Car 0.0 0 -2.2888457775115967 879.0645141601562 211.69212341308594 1242.0 375.0 3.8657637 1.4541526 1.5824304 2.8802307 1.7554108 3.6201882 -1.61679208278656 0.5786303877830505
Car 0.0 0 -2.7885167598724365 334.88665771484375 182.89483642578125 476.8789367675781 233.61668395996094 3.9066963 1.4731995 1.6054764 -6.2872024 1.7969532 22.28392 -3.063509464263916 0.46802905201911926
Car 0.0 0 0.4333447813987732 309.673095703125 188.936279296875 469.2501220703125 245.9790802001953 3.9252474 1.4516759 1.6039181 -6.1099014 1.9220428 20.021618 0.13715600967407227 0.3619373142719269
Car 0.0 0 1.4344271421432495 623.638916015625 178.34608459472656 650.478759765625 198.8971710205078 3.777752 1.5253485 1.5978807 2.0623388 1.9711375 56.557785 1.4708752632141113 0.36041906476020813
Car 0.0 0 -1.3143136501312256 0.0 189.04397583007812 204.1787109375 330.32275390625 4.1969004 1.4925886 1.6466038 -7.2174587 1.7767121 10.390257 -1.921431303024292 0.33215320110321045
