Car 0.0 0 -1.9321850538253784 788.2271118164062 193.08145141601562 1081.5045166015625 370.6795349121094 3.8451364 1.4026009 1.5941194 3.1868398 1.6834968 8.070315 -1.5560966730117798 0.8706672191619873
Car 0.0 0 -1.7293577194213867 679.802001953125 179.16946411132812 735.892578125 224.3429718017578 3.233869 1.5266111 1.534959 3.4851756 1.7730702 26.476612 -1.5984779596328735 0.860197901725769
Car 0.0 0 -1.8258973360061646 728.5377197265625 175.96939086914062 875.77978515625 274.94439697265625 3.7802758 1.5109737 1.60982 3.2276487 1.5758147 13.031915 -1.5831103324890137 0.8558684587478638
Car 0.0 0 3.6237869262695312 45.571624755859375 182.86900329589844 356.4051208496094 283.1435852050781 4.0177875 1.4518284 1.6020002 -6.37013 1.6231683 11.464897 3.1166388988494873 0.8409482836723328
Car 0.0 0 3.478383779525757 236.16136169433594 178.44923400878906 431.7872314453125 249.38917541503906 3.9903069 1.5759525 1.672608 -6.453713 1.7154347 17.052141 3.116575002670288 0.6937481164932251
Car 0.0 0 -2.782895088195801 340.510498046875 176.4558563232422 481.94677734375 229.26075744628906 3.7734787 1.5055182 1.6041564 -5.955647 1.6189061 21.670513 -3.051100730895996 0.6237819194793701
Car 0.0 0 0.2777961194515228 394.46234130859375 174.7853240966797 515.975830078125 218.32711791992188 4.062154 1.5334543 1.6385418 -5.6600227 1.6071595 26.44625 0.06695699691772461 0.5934000611305237
Car 0.0 0 2.875793218612671 725.0162963867188 178.4144287109375 815.8162231445312 212.56808471679688 3.855722 1.5430499 1.6404473 7.432292 1.8110144 33.808243 3.0921876430511475 0.524957537651062
Car 0.0 0 0.29125064611434937 380.85577392578125 182.94358825683594 508.6226501464844 229.3586883544922 3.871033 1.4673945 1.6003544 -5.51519 1.8183004 24.138765 0.06662774085998535 0.4943452477455139
Car 0.0 0 0.854819655418396 0.0 208.55096435546875 131.80206298828125 375.0 3.880688 1.4159671 1.5645614 -5.586382 1.6858302 4.61274 -0.025753427296876907 0.468405157327652
Car 0.0 0 0.1831817328929901 496.7700500488281 174.7950439453125 559.1176147460938 197.620361328125 4.07759 1.5526464 1.6635922 -5.7105627 1.6907147 50.216 0.06994819641113281 0.4473261535167694
