Car 0.0 0 1.8503086566925049 326.91912841796875 189.88592529296875 469.5255432128906 289.06170654296875 3.6150725 1.4856346 1.5490612 -3.7593439 1.8412355 13.237024 1.5735926628112793 0.8899022340774536
Car 0.0 0 2.0009000301361084 122.37692260742188 196.36944580078125 388.17694091796875 366.3999938964844 3.362733 1.5061544 1.5017279 -3.9432151 1.839709 8.537629 1.5682247877120972 0.8840811252593994
Car 0.0 0 -1.7901077270507812 717.71875 180.877197265625 845.62939453125 274.9835510253906 3.5353377 1.5317261 1.6054581 3.0784583 1.7053372 13.810483 -1.5707859992980957 0.8784821033477783
Car 0.0 0 -1.9446020126342773 764.95849609375 178.3170166015625 1081.8482666015625 360.84619140625 4.464733 1.5070606 1.6474075 3.081324 1.5875874 8.337477 -1.5905958414077759 0.868989884853363
Car 0.0 0 2.422840118408203 0.0 222.90032958984375 234.9580078125 375.0 3.8349636 1.3948361 1.5726708 -3.6378217 1.7639284 3.3739462 1.599826455116272 0.6662293672561646
Car 0.0 0 -1.87123703956604 634.9110717773438 179.2803192138672 688.9865112304688 211.9796142578125 3.7698164 1.4817271 1.5994276 2.4563563 1.8162974 35.504086 -1.8021619319915771 0.6389592885971069
Car 0.0 0 -1.7791084051132202 591.7808227539062 179.6474151611328 624.8713989257812 203.39466857910156 3.5678763 1.5479997 1.5851551 -0.18153833 2.037469 50.03572 -1.7827365398406982 0.5277608633041382
Car 0.0 0 -2.399657726287842 943.729248046875 209.3351593017578 1242.0 375.0 3.9527829 1.4218615 1.5814923 2.7517395 1.6463524 2.4412525 -1.554540991783142 0.5102713108062744
Car 0.0 0 -3.1145758628845215 738.2467651367188 175.63795471191406 843.4833374023438 217.8291778564453 3.8111546 1.5351881 1.6354767 6.8897095 1.6475167 27.720057 -2.8709661960601807 0.4697052538394928
Car 0.0 0 2.326775550842285 549.9877319335938 180.40298461914062 590.8065795898438 198.25228881835938 3.681853 1.5225785 1.5830189 -3.5671887 2.223962 65.084656 2.272021770477295 0.4315541386604309
