Pedestrian 0.0 0 1.1632146835327148 728.036865234375 166.9416046142578 808.7952880859375 311.0003662109375 1.0262223 1.7732512 0.6725791 2.116186 1.5953878 9.406047 1.3845114707946777 0.6776531338691711
Pedestrian 0.0 0 -1.3683061599731445 772.809326171875 171.3430633544922 815.0706787109375 263.1897888183594 0.74934334 1.7368073 0.6641042 3.7360144 1.5459998 14.064407 -1.108666181564331 0.6382012367248535
Pedestrian 0.0 0 1.2813831567764282 709.4909057617188 174.1399688720703 760.527587890625 285.3659362792969 0.8052284 1.7546866 0.6138659 2.1322799 1.6398726 11.763647 1.4606963396072388 0.624300479888916
Pedestrian 0.0 0 1.5132776498794556 295.5202941894531 166.47198486328125 343.7747802734375 283.7407531738281 0.9617592 1.7789997 0.6586686 -4.553365 1.5523248 11.4696455 1.135366439819336 0.5870471000671387
Pedestrian 0.0 0 -1.5544161796569824 687.58984375 179.77481079101562 723.88232421875 278.86480712890625 0.897579 1.754367 0.6383071 1.8820455 1.7250965 13.208746 -1.412883996963501 0.5821154117584229
Pedestrian 0.0 0 2.772822856903076 354.8199768066406 162.86676025390625 428.5460510253906 282.9566345214844 0.897978 1.7777343 0.7331338 -3.3141432 1.5032084 11.19558 2.4850192070007324 0.5642464756965637
Pedestrian 0.0 0 -1.757738471031189 641.6222534179688 172.80514526367188 677.62060546875 244.03709411621094 1.0436767 1.8070644 0.7539111 1.4770471 1.587667 18.780205 -1.6792508363723755 0.5338574647903442
Pedestrian 0.0 0 2.7906954288482666 784.6954345703125 165.17904663085938 825.4345703125 240.79917907714844 0.803397 1.7846719 0.54048634 4.8494797 1.4006913 17.250729 3.064739942550659 0.4796244204044342
Pedestrian 0.0 0 2.5837836265563965 858.2061157226562 161.36520385742188 928.6405639648438 282.32049560546875 0.7880664 1.759079 0.58945775 4.337568 1.4675663 10.803459 2.965580701828003 0.46782001852989197
Pedestrian 0.0 0 0.9191556572914124 669.2113037109375 178.7019500732422 695.1710205078125 224.32553100585938 0.8372081 1.7656586 0.63972074 3.162123 1.6583903 28.320877 1.030348539352417 0.4559601843357086
Pedestrian 0.0 0 2.6813149452209473 897.9136352539062 162.8709716796875 980.9277954101562 293.2933654785156 0.89185303 1.7901051 0.5912954 4.7219934 1.5357352 10.163708 3.1162383556365967 0.42827871441841125
Pedestrian 0.0 0 -2.539616823196411 504.526611328125 178.04290771484375 539.6116333007812 235.00381469726562 0.8479538 1.7531743 0.7058068 -2.5233471 1.6478842 22.617794 -2.650722026824951 0.3095541298389435
Pedestrian 0.0 0 -3.0251517295837402 699.1992797851562 175.65574645996094 718.528076171875 220.0366668701172 0.6890021 1.729696 0.6190931 4.2294264 1.5029365 28.382471 -2.877224922180176 0.30701035261154175
Pedestrian 0.0 0 -1.1156307458877563 190.99220275878906 171.14329528808594 231.4730987548828 242.056396484375 0.83169025 1.7648019 0.60390353 -9.964729 1.5082425 18.303019 -1.6141881942749023 0.24448223412036896
Pedestrian 0.0 0 -1.6213436126708984 739.1357421875 167.51527404785156 768.9295043945312 247.0974884033203 0.725907 1.7615948 0.622789 3.419821 1.4532547 16.305088 -1.4146009683609009 0.24199049174785614
Pedestrian 0.0 0 -1.3289477825164795 209.67791748046875 186.15406799316406 248.6397705078125 248.04302978515625 1.673126 1.6846795 0.6103866 -10.666875 1.8248183 20.568697 -1.80736243724823 0.12182255834341049
Cyclist 0.0 0 0.7506642937660217 0.0 200.43650817871094 147.1578369140625 342.71710205078125 1.9645159 1.5699246 0.9307232 -6.75623 1.8129239 8.61695 0.08571696281433105 0.4885023832321167
Cyclist 0.0 0 1.3531177043914795 643.0991821289062 174.28631591796875 679.868408203125 244.99656677246094 1.3803649 1.7724506 0.6683854 1.5173538 1.5928133 18.732769 1.4339412450790405 0.28575587272644043
Cyclist 0.0 0 -1.3787487745285034 209.3759765625 186.1660614013672 246.36669921875 248.3159942626953 1.7484238 1.6816171 0.61708313 -10.667327 1.8219227 20.498167 -1.8585859537124634 0.27725884318351746
Cyclist 0.0 0 1.5223551988601685 295.63824462890625 166.1678924560547 343.5568542480469 285.3638610839844 1.0144057 1.8048388 0.6593011 -4.556111 1.5739882 11.472389 1.1443192958831787 0.15627622604370117
Cyclist 0.0 0 1.1648833751678467 727.5867309570312 166.44448852539062 809.4143676757812 312.7802734375 1.0555338 1.7951996 0.67376536 2.1124299 1.6118432 9.3903265 1.3861578702926636 0.11559952050447464
Car 0.0 0 1.6962759494781494 550.2322387695312 180.06153869628906 598.271484375 215.32606506347656 4.149643 1.481999 1.6534125 -1.1694314 1.422524 32.325855 1.660115361213684 0.79720538854599
