Pedestrian 0.0 0 -1.775477409362793 681.6007690429688 167.24346923828125 695.6956176757812 198.05697631835938 1.4858978 1.7876472 0.5347827 4.6054206 1.4625101 42.622673 -1.6678440570831299 0.1866171807050705
Pedestrian 0.0 0 -0.30378615856170654 1104.8787841796875 154.9139862060547 1187.2547607421875 286.4866943359375 0.78147006 1.7757165 0.6109269 7.466271 1.5339544 10.15089 0.33038878440856934 0.1682860553264618
Pedestrian 0.0 0 -0.7753333449363708 1019.5843505859375 167.1116485595703 1076.0601806640625 260.18048095703125 0.70427036 1.7616593 0.62375075 8.460839 1.6533226 14.039673 -0.23297642171382904 0.13072772324085236
Pedestrian 0.0 0 -1.8748135566711426 1000.9720458984375 150.5106201171875 1047.2459716796875 235.53836059570312 0.96498436 1.8285594 0.6302456 9.14729 1.3484129 16.052639 -1.35687255859375 0.11059676110744476
Cyclist 0.0 0 -1.775477409362793 681.6007690429688 167.24346923828125 695.6956176757812 198.05697631835938 1.4858978 1.7876472 0.5347827 4.6054206 1.4625101 42.622673 -1.6678440570831299 0.2101191282272339
Cyclist 0.0 0 -0.7177084684371948 293.322998046875 185.21847534179688 315.36529541015625 210.1876220703125 1.4754544 1.6364727 0.39786562 -20.68668 2.485655 48.780518 -1.1187968254089355 0.18425209820270538
Cyclist 0.0 0 -1.2834677696228027 169.580322265625 194.7300567626953 191.8225860595703 233.41668701171875 1.4891567 1.6733204 0.46969652 -19.584637 2.6938858 32.86721 -1.8208460807800293 0.12156075239181519
Cyclist 0.0 0 2.370466709136963 0.0 195.3172149658203 45.781280517578125 240.08587646484375 1.6789755 1.7533438 0.47163743 -24.449299 2.71398 29.98113 1.6863518953323364 0.10502497106790543
Car 0.0 0 1.8926194906234741 336.1311950683594 187.84393310546875 381.6581726074219 212.49053955078125 4.1015105 1.4963949 1.6715786 -16.800623 2.5445685 48.372704 1.5583375692367554 0.3862984776496887
Car 0.0 0 2.076319456100464 148.75498962402344 188.99745178222656 230.75929260253906 225.49798583984375 3.996785 1.5501347 1.6510937 -19.982924 2.3661115 34.436943 1.5505293607711792 0.1615581065416336
Car 0.0 0 1.9263319969177246 81.10012817382812 188.81581115722656 136.1816864013672 215.65969848632812 3.8156211 1.5698094 1.7066065 -32.405403 2.6489372 46.702007 1.319727897644043 0.12248097360134125
Car 0.0 0 1.7478688955307007 137.05291748046875 193.26637268066406 183.47964477539062 222.64222717285156 3.8045223 1.5625408 1.7251475 -26.996042 2.8487453 43.36297 1.191026210784912 0.1066303700208664
