Pedestrian 0.0 0 -1.7759227752685547 882.1978759765625 137.1957550048828 906.6670532226562 189.5700225830078 0.90996104 1.8940424 0.6616607 10.639274 0.32952586 26.071898 -1.3884751796722412 0.3635522723197937
Pedestrian 0.0 0 -2.8978312015533447 579.7032470703125 172.9315185546875 592.490478515625 199.14874267578125 0.7580845 1.7831701 0.5836451 -1.2911708 1.269709 48.45175 -2.924473524093628 0.346335768699646
Pedestrian 0.0 0 -3.386049509048462 960.400390625 131.822265625 1000.5076904296875 196.91261291503906 0.91913843 1.8835348 0.6300718 11.040379 0.47650445 20.8711 -2.8994882106781006 0.31307342648506165
Cyclist 0.0 0 0.01313135027885437 624.392578125 169.30557250976562 651.7720336914062 196.520751953125 1.8264877 1.8153894 0.61729836 2.227642 1.0699846 47.52159 0.05997347831726074 0.6992889642715454
Cyclist 0.0 0 -1.1509184837341309 397.2901306152344 184.15972900390625 417.1221008300781 217.3524627685547 1.6943034 1.714863 0.35767308 -10.514013 1.9152707 37.57833 -1.423731803894043 0.4016328454017639
Cyclist 0.0 0 1.3201308250427246 882.037353515625 139.00531005859375 907.5303955078125 191.56283569335938 0.97575057 1.8954351 0.6442482 10.630745 0.40049174 26.021399 1.7079763412475586 0.14643679559230804
Car 0.0 0 2.6682021617889404 885.1790161132812 150.73558044433594 1007.4408569335938 191.0718536376953 4.1156716 1.5691565 1.6605532 13.613584 0.4127675 28.384436 3.1154086589813232 0.5802913904190063
Car 0.0 0 -1.4303786754608154 524.9901123046875 177.072265625 560.8034057617188 202.7171173095703 3.907593 1.4641371 1.6077038 -3.6779191 1.2698213 42.356674 -1.516993522644043 0.45269712805747986
Car 0.0 0 -1.6173083782196045 626.9043579101562 173.8238983154297 652.3745727539062 197.43215942382812 3.5440295 1.5807372 1.5975236 2.377644 1.1350439 49.110374 -1.5689318180084229 0.19982761144638062
Car 0.0 0 -2.4133400917053223 339.97955322265625 185.1623992919922 416.3739929199219 215.03488159179688 3.7615604 1.5208405 1.6535037 -12.198224 1.7827452 37.98332 -2.7240829467773438 0.1955832839012146
Car 0.0 0 -2.313386917114258 350.76458740234375 184.39463806152344 402.70306396484375 205.59646606445312 3.776538 1.5504745 1.6532993 -17.419432 1.8580464 53.957016 -2.6256630420684814 0.18183234333992004
Car 0.0 0 2.121314525604248 0.0 201.0299835205078 88.10138702392578 236.41624450683594 4.1866603 1.4583529 1.7943445 -27.003664 2.5065682 33.858955 1.4480791091918945 0.16738075017929077
