Pedestrian 0.0 0 -1.2262685298919678 278.4948425292969 186.9835205078125 323.72021484375 250.46583557128906 1.4347094 1.6980976 0.7341628 -8.743709 2.111765 20.364876 -1.6318198442459106 0.12411454319953918
Cyclist 0.0 0 -1.2262685298919678 278.4948425292969 186.9835205078125 323.72021484375 250.46583557128906 1.4347094 1.6980976 0.7341628 -8.743709 2.111765 20.364876 -1.6318198442459106 0.22736425697803497
Car 0.0 0 -1.7921596765518188 476.4849548339844 182.73680114746094 528.2620849609375 218.98487854003906 3.920754 1.5947696 1.6550082 -5.3186073 2.104086 35.028946 -1.9428434371948242 0.8399729132652283
Car 0.0 0 0.26946282386779785 166.3812713623047 174.85304260253906 328.00531005859375 235.54978942871094 3.7646117 1.606494 1.6681875 -10.150244 1.6665155 20.352232 -0.1931673139333725 0.5845359563827515
Car 0.0 0 -2.559199094772339 31.4457950592041 182.32632446289062 266.6649169921875 264.8254699707031 3.64808 1.516099 1.6007159 -9.050447 1.7148896 14.2803335 -3.124080181121826 0.5835695862770081
Car 0.0 0 3.643601894378662 110.57955932617188 184.3559112548828 305.46881103515625 252.25733947753906 3.8152597 1.5426208 1.6318814 -9.684071 1.8349636 17.491173 3.1379570960998535 0.5410992503166199
Car 0.0 0 3.63750958442688 0.0 155.88572692871094 210.6608428955078 295.0492858886719 3.8343968 1.9481984 1.6659565 -8.651667 1.7110115 11.227212 2.9809556007385254 0.521030604839325
Car 0.0 0 3.2414722442626953 235.14329528808594 180.268310546875 328.43548583984375 215.58709716796875 3.8050966 1.5461705 1.6182028 -15.207094 1.9053128 33.53746 2.8157646656036377 0.278354674577713
Car 0.0 0 -1.4410558938980103 275.0727844238281 175.6077117919922 328.3572998046875 214.1759490966797 3.6308563 1.4961482 1.5962032 -12.886642 1.6193856 30.231129 -1.8440022468566895 0.2356075793504715
Car 0.0 0 -1.6013925075531006 324.91497802734375 178.13697814941406 372.29779052734375 220.95521545410156 3.6746564 1.5300545 1.6230385 -10.335883 1.7522143 28.283146 -1.9517583847045898 0.21350951492786407
