Pedestrian 0.0 0 0.7502893805503845 420.43695068359375 137.29757690429688 508.4322204589844 284.9868469238281 0.866766 1.7772882 0.68583906 -1.8392932 1.2590722 9.022346 0.5491852760314941 0.6956365704536438
Pedestrian 0.0 0 1.979015827178955 173.19775390625 112.7425765991211 244.15252685546875 234.04347229003906 0.8909275 1.8083137 0.6677604 -6.198292 0.79987013 11.013309 1.4663983583450317 0.4990042746067047
Pedestrian 0.0 0 -2.5441455841064453 295.65997314453125 172.38246154785156 343.8206787109375 252.7709503173828 0.74619657 1.7291669 0.65746295 -6.3292294 1.5561758 15.60365 -2.9294915199279785 0.48947587609291077
Pedestrian 0.0 0 3.3866443634033203 0.0 167.6009063720703 40.8932991027832 269.0989685058594 0.7114017 1.6712651 0.5699524 -10.184832 1.4605201 12.049901 2.6849312782287598 0.4677108824253082
Pedestrian 0.0 0 0.1556854397058487 740.4736938476562 142.1480712890625 814.990966796875 264.9803466796875 1.0066301 1.7893217 0.76145583 2.6111965 1.2323056 10.838905 0.3920903205871582 0.4196372926235199
Pedestrian 0.0 0 -0.7799217700958252 771.2767333984375 150.0535430908203 788.0078125 183.34774780273438 0.67295116 1.9423149 0.6818811 10.295475 0.16750585 41.707993 -0.5379132032394409 0.2665694057941437
Pedestrian 0.0 0 -0.8770471215248108 47.50121307373047 170.22535705566406 149.03619384765625 260.6256103515625 1.6468116 1.5663767 0.6199911 -9.370944 1.3899924 13.089834 -1.4983612298965454 0.17759524285793304
Pedestrian 0.0 0 -1.0979880094528198 1177.9041748046875 136.1591796875 1224.0 189.18905639648438 1.7325398 1.7670741 0.5397067 20.367746 0.29107857 24.13939 -0.3971303105354309 0.11878743767738342
Cyclist 0.0 0 3.1404032707214355 421.0796203613281 161.8746795654297 537.6068725585938 269.6594543457031 1.7919588 1.658625 0.74873275 -2.0621095 1.3736715 11.4040985 2.961514472961426 0.7864111661911011
Cyclist 0.0 0 -1.3694998025894165 970.857666015625 148.79966735839844 1011.21337890625 215.99569702148438 2.0432472 1.7663782 0.5854644 10.659021 0.9346597 19.550957 -0.8703556060791016 0.573225736618042
Cyclist 0.0 0 -1.0979880094528198 1177.9041748046875 136.1591796875 1224.0 189.18905639648438 1.7325398 1.7670741 0.5397067 20.367746 0.29107857 24.13939 -0.3971303105354309 0.5203250050544739
Cyclist 0.0 0 -0.8770471215248108 47.50121307373047 170.22535705566406 149.03619384765625 260.6256103515625 1.6468116 1.5663767 0.6199911 -9.370944 1.3899924 13.089834 -1.4983612298965454 0.36521440744400024
Cyclist 0.0 0 0.12160082161426544 737.6158447265625 142.37171936035156 815.5118408203125 266.4134826660156 1.075471 1.8040186 0.78681046 2.5937514 1.2511587 10.834455 0.35657691955566406 0.1522962599992752
Cyclist 0.0 0 1.9626100063323975 168.42396545410156 113.35005187988281 242.59693908691406 236.94244384765625 1.0074348 1.8240843 0.67086005 -6.219669 0.8346895 10.9715805 1.4468927383422852 0.14722612500190735
Car 0.0 0 -0.9042136669158936 0.0 192.0706329345703 356.42333984375 370.0 3.971466 1.43575 1.5887715 -3.2585633 1.546298 4.6218653 -1.5183088779449463 0.7623612284660339
Car 0.0 0 -0.8109265565872192 1195.4359130859375 151.7045440673828 1224.0 206.24667358398438 3.7654357 1.5025085 1.5850776 19.472511 0.7108389 20.3539 -0.04765558987855911 0.3491247296333313
