Car 0.0 0 -2.0062413215637207 782.0894775390625 194.2042999267578 1107.30712890625 375.0 3.394367 1.4383422 1.5482938 2.9233131 1.7038342 7.2231574 -1.6216778755187988 0.9072025418281555
Car 0.0 0 3.560879945755005 71.6797103881836 179.59716796875 353.0625915527344 281.7212219238281 3.7602096 1.5450131 1.6348724 -6.4788456 1.666467 11.997288 3.0657267570495605 0.768144965171814
Car 0.0 0 -0.27219700813293457 793.327880859375 180.69358825683594 990.1290893554688 248.7642059326172 4.0757046 1.5078295 1.6535838 6.5379577 1.7062663 17.22006 0.09066247940063477 0.7397620677947998
Car 0.0 0 3.7375760078430176 0.0 189.97190856933594 242.89654541015625 375.0 3.8990736 1.5475117 1.6370423 -5.96828 1.7375734 6.9606934 3.0287864208221436 0.7005420327186584
Car 0.0 0 0.21726948022842407 403.82525634765625 184.1492919921875 505.8623352050781 221.3194122314453 3.9929662 1.5162342 1.66057 -6.603438 2.0117276 30.784063 0.005963325500488281 0.6924072504043579
Car 0.0 0 0.34358230233192444 288.1879577636719 163.973876953125 454.09381103515625 225.40621948242188 4.2627683 1.7150408 1.7385895 -6.9276867 1.4674877 21.06492 0.02585124969482422 0.6808872222900391
Car 0.0 0 2.8642613887786865 724.0059204101562 177.2742462158203 868.0512084960938 230.8422393798828 4.530908 1.7800877 1.7942275 6.34409 1.9401197 25.09746 3.1118531227111816 0.6239470839500427
Car 0.0 0 -0.4857181906700134 809.6165771484375 191.4139404296875 1043.635986328125 272.06292724609375 4.079778 1.4832076 1.6287495 6.293285 1.8867198 14.693453 -0.08105118572711945 0.49683859944343567
Car 0.0 0 3.1691603660583496 437.7520446777344 175.9048309326172 526.1925048828125 211.2298126220703 4.21529 1.6840369 1.7446927 -6.342562 1.8406165 35.771023 2.9936740398406982 0.4366476237773895
Car 0.0 0 0.33779555559158325 317.038330078125 180.6269073486328 455.07904052734375 230.3693084716797 3.983435 1.5426487 1.6495371 -7.285295 1.8064748 23.554758 0.03783607482910156 0.3838317096233368
