Pedestrian 0.0 0 1.4979203939437866 568.8557739257812 155.7393798828125 620.5074462890625 279.8139953613281 0.93179506 1.7395825 0.68789995 -0.21461475 1.394095 10.404148 1.4772955179214478 0.7721295356750488
Pedestrian 0.0 0 1.18741774559021 836.1141967773438 175.0829315185547 874.0851440429688 246.91856384277344 0.78436244 1.7671038 0.65317845 6.248667 1.6354452 17.794605 1.5251212120056152 0.3678169250488281
Pedestrian 0.0 0 -0.3318875730037689 824.7767333984375 183.2450408935547 868.658935546875 274.00543212890625 0.6483797 1.749059 0.6288151 4.720802 1.8061156 13.956021 -0.005707137286663055 0.17720824480056763
Pedestrian 0.0 0 -3.136247158050537 756.7461547851562 171.7677459716797 787.4000244140625 258.8346862792969 0.587812 1.7076385 0.62964 3.3222816 1.538004 14.236849 -2.906991958618164 0.17652106285095215
Pedestrian 0.0 0 -0.8514159917831421 983.597412109375 198.1752471923828 1124.6934814453125 370.0 0.67546195 1.6338058 0.59292156 3.2856004 1.7771938 5.280755 -0.2948443293571472 0.12199077755212784
Pedestrian 0.0 0 -2.2049546241760254 1142.3818359375 159.92727661132812 1224.0 262.552978515625 1.6611947 1.6438721 0.5373534 10.068885 1.3159899 12.165235 -1.5135637521743774 0.11087928712368011
Pedestrian 0.0 0 -1.8870251178741455 1118.4517822265625 191.19906616210938 1224.0 370.0 0.64980143 1.6790273 0.6707582 4.313348 1.7676125 5.313051 -1.205106258392334 0.10633818060159683
Cyclist 0.0 0 -2.2049546241760254 1142.3818359375 159.92727661132812 1224.0 262.552978515625 1.6611947 1.6438721 0.5373534 10.068885 1.3159899 12.165235 -1.5135637521743774 0.2132236212491989
Cyclist 0.0 0 -2.042886734008789 60.95671463012695 156.42723083496094 150.1990966796875 251.21200561523438 1.789506 1.6819274 0.61350185 -9.398787 1.2564063 13.227266 -2.660665988922119 0.15328191220760345
Cyclist 0.0 0 -1.289963722229004 80.86507415771484 196.5230255126953 112.5672836303711 251.8773651123047 1.4930251 1.6302177 0.4069127 -15.859306 2.1487343 22.035927 -1.9137907028198242 0.1303374320268631
Cyclist 0.0 0 0.463034451007843 42.5798225402832 189.9604034423828 108.2361831665039 250.8075714111328 1.3552 1.7022688 0.67820156 -15.275647 1.982572 20.372114 -0.18035858869552612 0.11989565938711166
Car 0.0 0 -1.0389819145202637 290.68316650390625 196.77919006347656 408.5938720703125 254.86302185058594 3.5638144 1.4148543 1.5696238 -7.190449 1.9248258 20.17915 -1.381285309791565 0.1981196403503418
Car 0.0 0 1.9844820499420166 1141.1029052734375 198.78594970703125 1224.0 370.0 3.6222186 1.4578615 1.5784557 6.8120885 1.6570625 6.2952075 2.8092944622039795 0.13081242144107819
