Pedestrian 0.0 0 2.7487807273864746 539.196533203125 152.2657012939453 639.9212036132812 324.3023376464844 0.8899989 1.7021401 0.623109 -0.22097822 1.4244832 7.457212 2.719156503677368 0.7801523804664612
Pedestrian 0.0 0 1.3617711067199707 836.51806640625 171.3538360595703 871.029052734375 243.3233642578125 0.89826447 1.7708051 0.6481758 6.2431436 1.5473616 17.87847 1.6977320909500122 0.30165570974349976
Pedestrian 0.0 0 -0.3357204794883728 822.3436279296875 185.43017578125 869.785888671875 274.5649108886719 0.7092156 1.7166213 0.65727127 4.7152257 1.818087 13.980917 -0.010438725352287292 0.24367864429950714
Pedestrian 0.0 0 -0.6296114325523376 55.70493698120117 191.53097534179688 102.25241088867188 252.2641143798828 0.8529868 1.6959702 0.66311514 -15.225529 2.0242124 20.42844 -1.2701044082641602 0.22036708891391754
Pedestrian 0.0 0 -0.573114275932312 651.04052734375 170.35806274414062 713.5881958007812 267.40887451171875 0.9431283 1.7446603 0.683008 1.399085 1.5639824 13.222907 -0.4676988124847412 0.1554054319858551
Pedestrian 0.0 0 -2.2807180881500244 1143.9765625 158.61016845703125 1224.0 262.0257873535156 1.4869592 1.6713676 0.5284057 10.078125 1.3192451 12.170293 -1.5890809297561646 0.11092747002840042
Pedestrian 0.0 0 1.57020902633667 967.1212158203125 137.0120849609375 1011.294189453125 253.67868041992188 1.7230008 1.7594285 0.59272134 6.22791 1.1052555 11.556974 2.0644805431365967 0.10142099112272263
Cyclist 0.0 0 1.57020902633667 967.1212158203125 137.0120849609375 1011.294189453125 253.67868041992188 1.7230008 1.7594285 0.59272134 6.22791 1.1052555 11.556974 2.0644805431365967 0.22059428691864014
Cyclist 0.0 0 -2.186218500137329 0.0 171.71913146972656 77.06246948242188 258.3370056152344 1.8382508 1.6724534 0.67941725 -11.701036 1.5045413 14.216987 -2.8748464584350586 0.19846826791763306
Cyclist 0.0 0 -2.2807180881500244 1143.9765625 158.61016845703125 1224.0 262.0257873535156 1.4869592 1.6713676 0.5284057 10.078125 1.3192451 12.170293 -1.5890809297561646 0.14852985739707947
Car 0.0 0 -1.2074532508850098 287.7974548339844 197.16033935546875 389.1687927246094 254.41226196289062 3.5204859 1.4155482 1.5645843 -7.5505714 1.9364302 20.26934 -1.5640407800674438 0.20118410885334015
Car 0.0 0 1.9164093732833862 54.04442596435547 185.3919219970703 144.9788818359375 228.5993194580078 3.862629 1.46158 1.5468763 -18.805275 1.6604079 26.448334 1.2983261346817017 0.1970471441745758
Car 0.0 0 -1.276652216911316 485.7222595214844 142.29257202148438 581.8780517578125 205.54135131835938 4.219841 1.6856349 1.6903275 -2.0263488 0.66895753 21.073566 -1.3725134134292603 0.14437980949878693
