Pedestrian 0.0 0 -0.35564282536506653 767.6043090820312 139.2918701171875 879.8444213867188 291.9068298339844 1.18005 1.8018806 0.6006714 2.6165755 1.3170303 8.679747 -0.06284935027360916 0.4862927198410034
Pedestrian 0.0 0 -3.404212474822998 824.4815063476562 188.1660919189453 870.8359985351562 276.6536865234375 0.7168648 1.6988199 0.66604984 4.747843 1.8559983 13.986256 -3.076953649520874 0.21812081336975098
Pedestrian 0.0 0 -1.6652581691741943 840.2234497070312 174.57095336914062 870.40283203125 244.9202117919922 0.7685626 1.7313645 0.6460046 6.273167 1.5870422 17.84703 -1.3272508382797241 0.17899717390537262
Pedestrian 0.0 0 -0.7737202048301697 658.0092163085938 167.37860107421875 712.85400390625 264.29498291015625 0.8068332 1.7454138 0.6339539 1.461886 1.5107454 13.2268095 -0.6636425256729126 0.16699469089508057
Pedestrian 0.0 0 -2.010910987854004 1115.2454833984375 186.8771514892578 1224.0 370.0 0.6873581 1.66868 0.6743801 4.3182836 1.721967 5.298946 -1.3271310329437256 0.14917078614234924
Pedestrian 0.0 0 -1.3667287826538086 1126.778076171875 200.9418487548828 1224.0 370.0 0.7196025 1.6789054 0.67838377 5.281474 1.8834001 6.519166 -0.6858320236206055 0.14605088531970978
Pedestrian 0.0 0 -0.020170778036117554 773.4816284179688 138.888427734375 818.0322265625 243.6663055419922 0.73397005 1.7750499 0.63563555 3.2828817 1.0717536 12.368928 0.23926138877868652 0.14427120983600616
Pedestrian 0.0 0 -2.5086538791656494 1130.3145751953125 144.76148986816406 1203.8223876953125 256.3774108886719 0.7199358 1.7508391 0.6027445 9.096959 1.1918913 11.513146 -1.8399561643600464 0.1424849033355713
Cyclist 0.0 0 -0.35564282536506653 767.6043090820312 139.2918701171875 879.8444213867188 291.9068298339844 1.18005 1.8018806 0.6006714 2.6165755 1.3170303 8.679747 -0.06284935027360916 0.15135730803012848
Cyclist 0.0 0 -1.3006588220596313 81.00973510742188 197.93624877929688 111.2860107421875 253.37327575683594 1.4534835 1.6299633 0.39370525 -15.856169 2.1927862 22.005175 -1.9250541925430298 0.14469289779663086
Cyclist 0.0 0 -1.5974018573760986 1182.153564453125 135.9785614013672 1223.438232421875 238.89125061035156 1.6899683 1.6783304 0.49907017 10.3711405 0.9539143 12.342329 -0.8985717296600342 0.14318601787090302
Car 0.0 0 -1.1166672706604004 293.1392822265625 195.5709228515625 404.1229553222656 253.17059326171875 3.5763404 1.41405 1.5632707 -7.2243643 1.885806 20.191008 -1.4602748155593872 0.1817692369222641
Car 0.0 0 -1.2847182750701904 485.40826416015625 140.15975952148438 581.42431640625 205.57125854492188 4.235602 1.7416615 1.7092421 -2.0357068 0.66913724 21.062048 -1.3810718059539795 0.1429152488708496
Car 0.0 0 -0.28167080879211426 460.4355163574219 192.5164337158203 636.2948608398438 262.8028564453125 3.8072705 1.4542296 1.582459 -1.3706933 1.7608663 16.526144 -0.3644223213195801 0.13145288825035095
