Pedestrian 0.0 0 -1.9935572147369385 942.3800048828125 123.7929458618164 1035.5556640625 270.0084228515625 0.8933096 1.7524307 0.7360614 4.702301 1.164779 9.110836 -1.5170954465866089 0.4674307703971863
Pedestrian 0.0 0 -1.3425849676132202 304.6556091308594 164.60885620117188 356.0939636230469 274.2624206542969 0.6768958 1.7177 0.6421454 -4.5671096 1.5888993 11.681143 -1.7152925729751587 0.4116884768009186
Cyclist 0.0 0 -2.001178741455078 941.8214721679688 123.22286224365234 1037.3525390625 270.2041015625 0.94544774 1.7540693 0.7342196 4.7007027 1.1621308 9.097353 -1.524251937866211 0.14906278252601624
Car 0.0 0 -2.0089025497436523 766.0616455078125 184.62924194335938 1192.2916259765625 375.0 3.6290448 1.4292446 1.5636963 2.489879 1.5577129 5.999649 -1.61552894115448 0.9024266600608826
Car 0.0 0 -1.2279337644577026 213.28004455566406 189.18121337890625 492.2088928222656 365.2879943847656 4.267348 1.4432496 1.6217536 -2.6707468 1.6843606 8.47409 -1.5332458019256592 0.8783261179924011
Car 0.0 0 -1.6888580322265625 662.9313354492188 178.75259399414062 732.9935913085938 233.42413330078125 3.9711258 1.4717814 1.622274 2.519877 1.6669455 21.8385 -1.573979139328003 0.8390718102455139
Car 0.0 0 -1.3495423793792725 354.9971923828125 186.6801300048828 490.10601806640625 282.9685974121094 3.7231362 1.4481608 1.6009798 -3.3236718 1.7388719 13.269424 -1.5949689149856567 0.7757217288017273
Car 0.0 0 -1.5787389278411865 533.4481201171875 179.16366577148438 569.5812377929688 214.33303833007812 4.279752 1.5946332 1.6764446 -2.9528453 1.9266014 35.71155 -1.6612372398376465 0.7468777298927307
Car 0.0 0 -1.7217375040054321 641.15966796875 176.93603515625 688.0849609375 211.2139129638672 4.1098876 1.5151447 1.6245819 2.5090678 1.7226818 34.50583 -1.6491509675979614 0.6388514637947083
Car 0.0 0 -0.9669915437698364 0.0 205.12933349609375 376.852783203125 375.0 4.1228294 1.4525704 1.5936449 -2.645197 1.7084817 3.6288383 -1.5968759059906006 0.45439913868904114
