Pedestrian 0.0 0 -1.7844929695129395 972.0213623046875 102.36132049560547 1081.6485595703125 319.30438232421875 0.91827977 1.7777225 0.6596862 3.628708 1.2004339 6.445773 -1.2717547416687012 0.2525720000267029
Pedestrian 0.0 0 1.6077194213867188 1174.5775146484375 131.86679077148438 1242.0 295.628173828125 0.70052415 1.7698214 0.6260216 6.8394823 1.3272175 8.264885 2.2990260124206543 0.23535992205142975
Pedestrian 0.0 0 -1.2899972200393677 907.8440551757812 98.87858581542969 984.8568725585938 269.9215087890625 0.7353041 1.830958 0.61675775 3.773449 1.0394337 8.200888 -0.8587538003921509 0.18927671015262604
Pedestrian 0.0 0 1.650347113609314 420.0575866699219 151.48196411132812 446.265869140625 218.4871063232422 0.80025095 1.8416208 0.6558258 -5.0094705 1.2545735 20.276493 1.4081392288208008 0.18873223662376404
Cyclist 0.0 0 -2.6004602909088135 94.76628112792969 195.35031127929688 267.9944763183594 324.87060546875 1.827796 1.6150488 0.77585775 -5.6662865 1.9246067 9.522501 -3.137226104736328 0.3656732738018036
Car 0.0 0 -1.375413179397583 416.74139404296875 188.89871215820312 542.6516723632812 281.21783447265625 4.3394012 1.4810752 1.6505808 -2.487076 1.853177 14.524464 -1.5450021028518677 0.8084570169448853
Car 0.0 0 -1.6710320711135864 671.7385864257812 173.1603546142578 723.4515991210938 213.96153259277344 3.8480406 1.4720958 1.5982516 3.2869334 1.4851639 27.996275 -1.5541609525680542 0.8019264936447144
Car 0.0 0 -1.454372525215149 500.02935791015625 181.7958221435547 565.1200561523438 232.18531799316406 4.210894 1.4300354 1.6097682 -2.4558 1.745872 23.339361 -1.5592081546783447 0.7952775359153748
Car 0.0 0 -1.7725692987442017 702.5468139648438 174.1631317138672 816.7639770507812 252.8539581298828 4.031273 1.4926695 1.6222603 3.0633698 1.5253257 15.774904 -1.5807639360427856 0.6097933053970337
Car 0.0 0 1.6545482873916626 653.4168701171875 172.04945373535156 683.8055419921875 197.39251708984375 3.828259 1.5189595 1.5871712 3.6816902 1.4710963 45.261726 1.7357118129730225 0.23342320322990417
