Cyclist 0.0 0 1.6054415702819824 581.9061279296875 167.6233367919922 601.854248046875 221.35414123535156 1.8466995 1.7872763 0.6287995 -0.65787846 1.6136439 24.924053 1.5790523290634155 0.7031493782997131
Cyclist 0.0 0 -2.060633897781372 1090.573486328125 123.59949493408203 1175.2264404296875 225.91090393066406 1.7062522 1.672574 0.44566843 9.0789995 0.8677254 12.667895 -1.4387917518615723 0.3499877154827118
Cyclist 0.0 0 0.22774586081504822 394.17138671875 184.99917602539062 434.54571533203125 220.405029296875 1.8642322 1.7680632 0.74159753 -9.981289 2.393257 36.712696 -0.03771337866783142 0.3340379297733307
Car 0.0 0 -2.6882407665252686 158.77658081054688 170.70884704589844 389.3743896484375 245.06256103515625 4.1721034 1.5004107 1.6480328 -7.109134 1.457481 15.4261265 -3.1200809478759766 0.8572611212730408
Car 0.0 0 -1.8115640878677368 722.4578247070312 186.8464813232422 895.2763061523438 318.8117980957031 2.9415386 1.4285941 1.5011705 2.4149723 1.6437054 9.5961685 -1.56502366065979 0.838933527469635
Car 0.0 0 1.7412402629852295 467.1767272949219 169.61685180664062 544.0086059570312 229.15260314941406 3.9441323 1.6133726 1.6183707 -3.061027 1.5260066 21.545301 1.6001107692718506 0.8101100921630859
Car 0.0 0 -1.7090651988983154 690.10595703125 181.08824157714844 797.6715698242188 268.6126708984375 3.5552797 1.4817662 1.5863198 2.4786923 1.6665424 14.354526 -1.5380747318267822 0.7655367851257324
Car 0.0 0 -1.4335476160049438 517.4117431640625 175.23574829101562 567.5868530273438 213.83624267578125 3.595404 1.4728224 1.5714 -2.7485046 1.576891 29.58482 -1.5261842012405396 0.7304241061210632
Car 0.0 0 1.550797939300537 636.0639038085938 176.26329040527344 661.3890991210938 201.39996337890625 3.473465 1.5337032 1.5455164 2.4205236 1.760972 46.25993 1.6030746698379517 0.5850217342376709
Car 0.0 0 1.9059839248657227 567.4828491210938 169.7552032470703 599.1568603515625 188.1251678466797 3.9647114 1.6006256 1.6399812 -2.3875422 1.3309762 65.0027 1.8692705631256104 0.49681711196899414
Car 0.0 0 -0.7199028730392456 0.0 207.2783203125 250.6491241455078 375.0 3.8376472 1.4113102 1.5700444 -2.7698245 1.6077232 2.143244 -1.6321496963500977 0.3747135400772095
