Pedestrian 0.0 0 1.5216041803359985 465.6590576171875 158.83216857910156 492.866943359375 231.7696990966797 0.95055246 1.8111771 0.6368821 -3.1649482 1.2494786 18.368284 1.3509745597839355 0.6007577180862427
Pedestrian 0.0 0 -2.4004456996917725 320.98388671875 157.87261962890625 383.8589782714844 259.9539794921875 0.8565714 1.7810642 0.6571796 -4.5428543 1.3701019 13.001288 -2.736599922180176 0.41317737102508545
Pedestrian 0.0 0 1.4000052213668823 546.7778930664062 167.20176696777344 562.0675048828125 204.99130249023438 0.82019246 1.8110445 0.60942787 -2.2962472 1.126714 34.89332 1.3342922925949097 0.36655718088150024
Pedestrian 0.0 0 -0.27636370062828064 662.7214965820312 161.1058349609375 704.0619506835938 230.77352905273438 0.97025186 1.8230765 0.5916155 2.1490602 1.2905688 19.166243 -0.16470274329185486 0.34520241618156433
Pedestrian 0.0 0 2.2644195556640625 775.8290405273438 143.1963653564453 804.6728515625 196.63778686523438 0.8590088 1.881548 0.5881093 6.754302 0.5340261 25.77734 2.5206832885742188 0.33786630630493164
Pedestrian 0.0 0 2.1761157512664795 0.0 157.88304138183594 73.44061279296875 275.4516906738281 0.92955124 1.761576 0.629175 -8.94927 1.4090208 11.245229 1.503923773765564 0.3035670518875122
Pedestrian 0.0 0 -3.0886049270629883 695.9708251953125 172.39324951171875 709.4097900390625 206.64341735839844 0.6539435 1.74841 0.6436095 5.2188025 1.2843933 37.045624 -2.94865083694458 0.2730247676372528
Pedestrian 0.0 0 -0.3893411159515381 709.796875 166.1094207763672 730.6784057617188 207.9371795654297 0.7451323 1.8157719 0.56532955 5.2000375 1.1486161 31.539745 -0.2259386032819748 0.2626856565475464
Pedestrian 0.0 0 1.545257806777954 830.4767456054688 130.68116760253906 857.2777099609375 200.55918884277344 0.7477989 1.8641552 0.6721268 6.581934 0.50961167 19.616734 1.868980884552002 0.26149502396583557
Pedestrian 0.0 0 -1.7386012077331543 815.0546875 167.8365936279297 854.3781127929688 258.5176086425781 0.6761592 1.6891407 0.60910547 4.4180803 1.4358908 13.756037 -1.4278337955474854 0.24966023862361908
Pedestrian 0.0 0 1.173049807548523 273.6233215332031 172.33038330078125 297.4201965332031 218.0575714111328 0.62932044 1.7632848 0.6615908 -12.40108 1.410715 28.153627 0.7581417560577393 0.24628005921840668
Pedestrian 0.0 0 -1.4730186462402344 293.8790283203125 164.94284057617188 308.6973876953125 200.32545471191406 0.6815752 1.8903382 0.6764057 -16.212023 1.0065993 38.799946 -1.8688058853149414 0.2456154078245163
Pedestrian 0.0 0 -3.0646512508392334 791.4868774414062 141.32958984375 816.8349609375 199.41775512695312 0.7503661 1.8626947 0.64853346 6.600595 0.5756616 23.465538 -2.79044771194458 0.2395871877670288
Pedestrian 0.0 0 -1.4649823904037476 704.2787475585938 164.86819458007812 718.1878051757812 201.1449432373047 0.72080916 1.7974956 0.6176301 5.5010324 0.9742825 36.01769 -1.3134222030639648 0.22204336524009705
Pedestrian 0.0 0 -2.6445438861846924 435.16839599609375 183.59246826171875 465.2679748535156 242.8926544189453 0.66858244 1.7001758 0.57413733 -4.4443336 1.7635279 20.988792 -2.8532094955444336 0.22100751101970673
Pedestrian 0.0 0 -1.8565771579742432 711.2210083007812 184.65145874023438 787.3253784179688 318.9404602050781 1.1210757 1.7058265 0.7162732 1.9316885 1.7524743 9.740208 -1.6607964038848877 0.21915718913078308
Pedestrian 0.0 0 1.075088620185852 1128.552490234375 85.70980834960938 1238.0 273.519287109375 1.4611685 1.7718742 0.57031417 6.198301 0.8695232 7.5460286 1.762742280960083 0.1885966956615448
Cyclist 0.0 0 1.9919865131378174 619.86865234375 167.73501586914062 644.9242553710938 203.87869262695312 1.8642846 1.7536103 0.5340697 1.5480709 1.0866619 35.802425 2.035198926925659 0.7075449824333191
Cyclist 0.0 0 0.27256396412849426 454.27630615234375 146.00794982910156 498.2501220703125 193.1666259765625 1.5433141 1.7588228 0.56282425 -4.744558 0.4361514 27.144989 0.09952616691589355 0.27064192295074463
Cyclist 0.0 0 1.075088620185852 1128.552490234375 85.70980834960938 1238.0 273.519287109375 1.4611685 1.7718742 0.57031417 6.198301 0.8695232 7.5460286 1.762742280960083 0.2599104940891266
Cyclist 0.0 0 0.2269366830587387 558.3526000976562 166.41934204101562 590.8036499023438 198.45286560058594 1.7310522 1.7856361 0.6348337 -1.5122483 0.9458083 40.514225 0.18962764739990234 0.2584168016910553
Cyclist 0.0 0 -0.31947407126426697 652.3416137695312 162.76673889160156 695.7518920898438 232.38502502441406 1.0111564 1.8143088 0.6013242 1.8957185 1.3272763 19.121803 -0.2206578552722931 0.18864455819129944
Cyclist 0.0 0 -1.8565771579742432 711.2210083007812 184.65145874023438 787.3253784179688 318.9404602050781 1.1210757 1.7058265 0.7162732 1.9316885 1.7524743 9.740208 -1.6607964038848877 0.17300809919834137
Cyclist 0.0 0 1.664949655532837 329.54278564453125 158.74639892578125 371.88226318359375 263.57806396484375 0.9685013 1.8120589 0.63626343 -4.5494246 1.420032 12.960757 1.3273706436157227 0.1000981405377388
Car 0.0 0 1.9611446857452393 580.5556030273438 172.9154510498047 615.7967529296875 192.19407653808594 3.7400875 1.530046 1.5946264 -0.20655315 0.84925425 59.040657 1.9576462507247925 0.2823261022567749
Car 0.0 0 -2.0545387268066406 644.1760864257812 175.90684509277344 727.5050659179688 216.46707153320312 3.8217614 1.4561434 1.6019449 3.1679068 1.2563963 27.85741 -1.9413065910339355 0.2676849663257599
Car 0.0 0 -1.5703452825546265 752.6627197265625 159.75192260742188 840.3399658203125 241.38136291503906 3.547848 1.5275663 1.6073517 4.113989 1.1218466 15.361484 -1.3086739778518677 0.21809063851833344
