Pedestrian 0.0 0 2.1966848373413086 96.04126739501953 173.6173553466797 200.804931640625 345.0510559082031 0.677189 1.6475347 0.61215174 -4.6967273 1.655982 7.2891035 1.6242924928665161 0.54292893409729
Car 0.0 0 -1.7475742101669312 665.7501831054688 178.00523376464844 768.0220947265625 249.83555603027344 4.0179124 1.4363505 1.6260531 2.2934349 1.5709385 16.758518 -1.6115671396255493 0.8729475736618042
Car 0.0 0 -1.2018131017684937 108.35330200195312 190.43104553222656 413.105712890625 375.0 3.852733 1.394866 1.5499573 -3.393053 1.6317288 7.747324 -1.61461341381073 0.8422785997390747
Car 0.0 0 -1.730785846710205 639.0537719726562 173.9435577392578 694.966064453125 214.87008666992188 4.066507 1.5392404 1.6223328 2.2007167 1.5870721 29.340588 -1.655920147895813 0.813252866268158
Car 0.0 0 -1.510803461074829 510.27655029296875 177.4976043701172 555.3401489257812 217.92274475097656 4.172012 1.5607499 1.6441048 -3.2343366 1.7708329 30.463491 -1.6165781021118164 0.766189694404602
Car 0.0 0 -2.7091078758239746 209.77352905273438 181.97193908691406 362.2177429199219 236.70797729492188 3.609664 1.4664551 1.5649976 -9.128573 1.7347888 20.399586 -3.129871129989624 0.6253916025161743
Car 0.0 0 -0.8403387069702148 0.0 185.23379516601562 347.4447021484375 375.0 4.0896554 1.4712646 1.6128285 -2.7938695 1.5618055 3.1986716 -1.558288335800171 0.5331320762634277
Car 0.0 0 -1.6077769994735718 626.0275268554688 174.4132843017578 654.10986328125 201.6774444580078 3.7005053 1.6585603 1.6438426 1.8473788 1.7622392 45.95534 -1.5675991773605347 0.3692403733730316
Car 0.0 0 -1.5738030672073364 637.6507568359375 174.55857849121094 672.6678466796875 207.091552734375 4.026685 1.4949695 1.6186554 2.1679704 1.5838853 35.426174 -1.5126824378967285 0.29308122396469116
Car 0.0 0 -1.579982042312622 513.5477294921875 173.68319702148438 548.0624389648438 206.25393676757812 3.7188184 1.5057381 1.5955377 -3.9423816 1.5490057 35.394253 -1.6909096240997314 0.2748529314994812
