Pedestrian 0.0 0 0.7692337036132812 256.7140197753906 142.18080139160156 295.972412109375 209.34799194335938 0.8401947 1.9184068 0.626036 -9.772981 1.0426872 21.03912 0.33437514305114746 0.5120788812637329
Pedestrian 0.0 0 0.8749799728393555 234.61070251464844 143.6417236328125 270.6986999511719 208.10874938964844 0.7780768 1.8883549 0.60951734 -10.726517 1.0330329 21.567774 0.41346263885498047 0.3070007562637329
Pedestrian 0.0 0 0.0198860764503479 376.129638671875 171.14004516601562 403.696044921875 232.1022186279297 0.7916526 1.8207172 0.6046568 -6.73381 1.7698857 21.946243 -0.27782678604125977 0.22979392111301422
Pedestrian 0.0 0 0.1361091434955597 420.2955017089844 172.7311248779297 442.1936340332031 219.5532989501953 0.744631 1.7782146 0.5924737 -6.909522 1.7739064 27.734509 -0.1080513447523117 0.2262790948152542
Pedestrian 0.0 0 0.20130711793899536 399.607421875 171.2374725341797 424.8318176269531 224.5836181640625 0.7238089 1.7920496 0.6001196 -6.77197 1.738104 24.559635 -0.06774299591779709 0.20450909435749054
Cyclist 0.0 0 -1.511542797088623 937.9990844726562 164.6730499267578 985.1141357421875 291.757568359375 1.9412739 1.727754 0.5238776 5.2247176 1.6168891 10.781653 -1.0602962970733643 0.23729409277439117
Cyclist 0.0 0 0.6817783117294312 252.36605834960938 142.91783142089844 294.8289489746094 210.7542266845703 0.96216965 1.9389362 0.5942096 -9.845746 1.0836428 21.025087 0.24382257461547852 0.11532741785049438
Car 0.0 0 2.1869864463806152 0.0 190.00477600097656 344.5464782714844 375.0 3.7628505 1.4706869 1.573027 -3.462624 1.6384103 5.139144 1.5940792560577393 0.8483061790466309
Car 0.0 0 3.2312984466552734 314.8065490722656 175.62794494628906 431.2255859375 217.7628631591797 4.3304563 1.6148067 1.7417082 -9.512347 1.7324007 29.15868 2.91595721244812 0.7615604400634766
Car 0.0 0 -1.5796221494674683 485.6954650878906 180.2886199951172 521.1058349609375 213.2801971435547 3.4443686 1.501415 1.640685 -5.297336 1.8863082 35.487473 -1.7278014421463013 0.706343948841095
Car 0.0 0 1.596824049949646 499.1805419921875 180.8181610107422 527.9324951171875 209.19166564941406 3.6868465 1.5260769 1.5575538 -5.5832424 2.0089567 41.79687 1.4640297889709473 0.34632521867752075
