Pedestrian 0.0 0 -2.449636936187744 268.4686279296875 176.05419921875 326.93548583984375 265.31329345703125 0.8746962 1.7715615 0.6653491 -6.323973 1.6849531 14.468665 -2.8616952896118164 0.45789244771003723
Pedestrian 0.0 0 3.274677276611328 113.15674591064453 107.61431884765625 206.6941680908203 247.8080596923828 1.0258431 1.8450965 0.6199416 -6.1845593 0.8875178 9.79612 2.711540699005127 0.4205677807331085
Pedestrian 0.0 0 -0.054595232009887695 995.66748046875 107.59634399414062 1065.6563720703125 245.52587890625 0.79480135 1.8198909 0.5648922 5.8086605 0.85964733 9.758629 0.4823119640350342 0.282344251871109
Cyclist 0.0 0 -1.960850715637207 972.85693359375 135.40704345703125 1026.1400146484375 207.349853515625 1.8666953 1.7998477 0.55240643 10.332195 0.6733179 18.642855 -1.4547752141952515 0.3755704462528229
Cyclist 0.0 0 0.6477530002593994 265.18389892578125 175.30850219726562 327.0958251953125 264.6591491699219 0.96961355 1.7794468 0.6486048 -6.370659 1.6776854 14.503967 0.23388671875 0.1500074565410614
Cyclist 0.0 0 3.3391125202178955 107.65373992919922 111.98655700683594 206.30941772460938 251.5526885986328 1.0467516 1.8323383 0.6477618 -6.2063923 0.93451124 9.768405 2.7731025218963623 0.12135665863752365
Car 0.0 0 -0.33860427141189575 850.29443359375 158.8819122314453 999.3543701171875 207.00892639160156 4.2871394 1.5640304 1.6928383 10.717595 0.86303157 23.990877 0.08153223991394043 0.7980276942253113
Car 0.0 0 -0.7966966032981873 0.0 207.9882354736328 291.8409118652344 370.0 3.9670174 1.4252431 1.5934076 -3.2271237 1.6347536 3.3506227 -1.5633217096328735 0.7101967930793762
Car 0.0 0 1.489516258239746 433.7622375488281 173.9200897216797 466.8539733886719 200.4640655517578 3.798632 1.4731526 1.5766633 -9.076934 1.1093706 41.282246 1.2730852365493774 0.6816855072975159
Car 0.0 0 1.9772346019744873 268.21893310546875 180.71365356445312 339.9652099609375 214.6573486328125 4.271595 1.560601 1.6838626 -14.664223 1.573142 34.6696 1.5770840644836426 0.6340406537055969
Car 0.0 0 1.8191553354263306 382.5846862792969 172.96356201171875 418.8909912109375 196.1052703857422 3.5375986 1.5029689 1.5329427 -13.736339 1.0148362 47.707653 1.5388108491897583 0.2983191907405853
