Pedestrian 0.0 0 -1.6249028444290161 760.7195434570312 156.74395751953125 781.425537109375 209.1509552001953 0.7097114 1.8249975 0.6759692 5.649501 1.2643468 25.528948 -1.4071149826049805 0.3149295747280121
Pedestrian 0.0 0 0.47941458225250244 682.1179809570312 159.47174072265625 707.5889892578125 205.47549438476562 0.8626404 1.8360409 0.5659413 3.4004493 1.3023038 29.270432 0.5950696468353271 0.30876755714416504
Pedestrian 0.0 0 -1.408447027206421 738.343017578125 157.3237762451172 761.0846557617188 209.5447998046875 0.70551956 1.8553998 0.7036008 5.0109963 1.3039727 26.085758 -1.218661904335022 0.3081108331680298
Car 0.0 0 -1.8954881429672241 727.9617919921875 177.09417724609375 901.1203002929688 282.44879150390625 3.643819 1.427103 1.5810765 3.0799437 1.5077873 11.7939415 -1.6400467157363892 0.9177142977714539
Car 0.0 0 1.8992726802825928 317.84423828125 186.34487915039062 431.7449645996094 261.4644470214844 3.6646206 1.6085312 1.5862757 -5.759908 1.9792128 17.95704 1.5888800621032715 0.8929624557495117
Car 0.0 0 -1.8325889110565186 698.0167846679688 178.67552185058594 802.1591186523438 249.8289794921875 3.396429 1.4927621 1.5803311 3.1685786 1.6458981 17.17752 -1.6501785516738892 0.8537481427192688
Car 0.0 0 1.7808184623718262 392.2765197753906 188.08169555664062 464.6152038574219 241.0949249267578 3.4866939 1.4919349 1.5490069 -5.767396 2.0169685 23.088865 1.5360362529754639 0.8236653208732605
Car 0.0 0 0.5495001077651978 0.0 187.35504150390625 154.53826904296875 245.40672302246094 3.829988 1.4641906 1.5888757 -14.908376 1.8795328 19.665781 -0.0991567075252533 0.6898249983787537
Car 0.0 0 -2.3771045207977295 945.1058959960938 194.87408447265625 1242.0 375.0 3.9977965 1.4554163 1.6089535 3.2218158 1.6163794 3.242171 -1.5948554277420044 0.5946689248085022
Car 0.0 0 -1.754957914352417 688.194091796875 176.31166076660156 761.2273559570312 227.42332458496094 3.7876585 1.4511366 1.5756254 3.4625678 1.5692937 22.660809 -1.6033308506011963 0.4586256444454193
Car 0.0 0 0.8783096671104431 0.0 195.04489135742188 90.349365234375 263.12152099609375 3.8192377 1.4536374 1.5798583 -14.79777 2.017457 17.2194 0.16840314865112305 0.3731157183647156
