Pedestrian 0.0 0 1.486286997795105 567.3732299804688 146.96022033691406 621.629150390625 276.23468017578125 0.8998712 1.7093478 0.67435366 -0.20948263 1.2675368 9.827101 1.4649734497070312 0.7301608920097351
Pedestrian 0.0 0 -1.510745644569397 838.1974487304688 172.57720947265625 868.2869262695312 243.86956787109375 0.85054225 1.7475417 0.6688677 6.236386 1.5549335 17.84784 -1.1745879650115967 0.2805633544921875
Pedestrian 0.0 0 2.7576451301574707 755.00732421875 124.88554382324219 820.2620849609375 230.5779571533203 0.94623584 1.7924452 0.60076165 3.1354716 0.8509238 12.347359 3.0063273906707764 0.18026787042617798
Pedestrian 0.0 0 -2.47705078125 1159.7886962890625 164.25425720214844 1224.0 265.8316955566406 0.8225438 1.6677533 0.61195743 10.080792 1.4026737 12.069846 -1.7812092304229736 0.16026292741298676
Pedestrian 0.0 0 2.0098938941955566 252.9718780517578 172.92898559570312 308.9767150878906 266.8875732421875 0.87826365 1.7634636 0.6804247 -6.3092847 1.6230031 13.707031 1.5785112380981445 0.14975756406784058
Pedestrian 0.0 0 -0.37181419134140015 823.2739868164062 194.2036895751953 868.1194458007812 285.8365478515625 0.6357444 1.7521155 0.6737246 4.705262 2.0314288 13.971006 -0.04695801064372063 0.12232215702533722
Pedestrian 0.0 0 -2.0067379474639893 1117.1917724609375 189.91888427734375 1224.0 370.0 0.6759882 1.6706814 0.6568835 4.318405 1.7484479 5.2963004 -1.3226995468139648 0.10904551297426224
Cyclist 0.0 0 -2.1182777881622314 0.0 181.1265106201172 64.44462585449219 263.47064208984375 1.8059602 1.5864702 0.62740386 -11.87335 1.6012113 14.213525 -2.814208507537842 0.2385290563106537
Cyclist 0.0 0 0.5817886590957642 28.09974479675293 192.1510009765625 110.45160675048828 253.75701904296875 1.7993231 1.7244709 0.7050426 -15.436156 2.0683155 20.354446 -0.06704634428024292 0.1809322088956833
Car 0.0 0 1.6591343879699707 60.78261947631836 190.7476348876953 124.2323226928711 235.0061492919922 3.921874 1.4568233 1.571347 -19.014488 1.8701167 26.320898 1.0335257053375244 0.19097121059894562
