Pedestrian 0.0 0 -1.8826370239257812 614.6433715820312 151.39389038085938 711.9827270507812 346.6954650878906 0.877418 1.6741296 0.6550475 0.46556637 1.4263349 6.56006 -1.8117859363555908 0.7211580276489258
Pedestrian 0.0 0 1.1075901985168457 895.7090454101562 125.23035430908203 1003.9453125 313.05181884765625 0.87989247 1.7804348 0.6537069 3.4018946 1.2582092 7.143421 1.5520397424697876 0.6764369010925293
Pedestrian 0.0 0 1.1959410905838013 740.6038818359375 149.56216430664062 831.1153564453125 335.8973083496094 0.7603213 1.7183833 0.61969686 1.7019492 1.4347737 6.9336157 1.4366455078125 0.5916959047317505
Pedestrian 0.0 0 -0.4854959547519684 765.6258544921875 181.15354919433594 944.0692138671875 370.0 0.6210981 1.5552227 0.65906537 1.1924543 1.5606489 3.624848 -0.16768047213554382 0.45992302894592285
Pedestrian 0.0 0 1.435194730758667 635.96533203125 142.74142456054688 662.6766967773438 203.40760803222656 0.98310894 1.8543091 0.7051084 1.3466095 0.7017468 22.123068 1.4959887266159058 0.4346296489238739
Pedestrian 0.0 0 -2.62510085105896 526.7725219726562 141.12828063964844 564.3931274414062 206.11785888671875 0.90937895 1.8524338 0.6135905 -1.7643015 0.7317715 20.61717 -2.7104673385620117 0.38413766026496887
Pedestrian 0.0 0 1.681992530822754 111.32624053955078 144.27365112304688 161.2136993408203 255.1338653564453 0.8913083 1.7616358 0.5994934 -7.8284082 1.1876324 11.763923 1.0948264598846436 0.3064294755458832
Pedestrian 0.0 0 -2.4405016899108887 303.1347351074219 139.2974853515625 343.9068298339844 205.31689453125 0.91279906 1.8568853 0.60653675 -8.118778 0.6995828 20.313477 -2.8207273483276367 0.29681679606437683
Pedestrian 0.0 0 1.349677562713623 481.44586181640625 149.66146850585938 497.8860778808594 189.76510620117188 0.573224 1.9463661 0.6869916 -5.6788306 0.45110643 34.704803 1.1874825954437256 0.25112345814704895
Pedestrian 0.0 0 -1.3304462432861328 549.1375122070312 141.7802276611328 570.3589477539062 188.63241577148438 0.8932889 1.8860039 0.6756437 -1.870633 0.32885864 28.955683 -1.3949599266052246 0.2474558800458908
Pedestrian 0.0 0 1.3696491718292236 237.36279296875 129.5452880859375 301.1780090332031 245.8009033203125 1.7246168 1.796433 0.6213269 -5.670815 1.0107164 11.795331 0.9215054512023926 0.13680285215377808
Pedestrian 0.0 0 -0.003930479288101196 317.9606018066406 135.3712921142578 418.9068908691406 229.6759490966797 1.7902061 1.7242967 0.6368193 -4.5475035 0.9007883 13.513139 -0.32855039834976196 0.1023000180721283
Cyclist 0.0 0 -0.003930479288101196 317.9606018066406 135.3712921142578 418.9068908691406 229.6759490966797 1.7902061 1.7242967 0.6368193 -4.5475035 0.9007883 13.513139 -0.32855039834976196 0.5569056272506714
Cyclist 0.0 0 0.9795314073562622 217.67257690429688 129.9840087890625 317.34490966796875 242.82070922851562 1.7504337 1.7622657 0.6196191 -5.667222 0.974972 11.747386 0.5300431251525879 0.3836517333984375
Cyclist 0.0 0 1.3977130651474 635.4404296875 142.26223754882812 663.0932006835938 203.9014434814453 1.0357679 1.8788674 0.6919301 1.3429272 0.7148742 22.100506 1.4584029912948608 0.19889496266841888
Cyclist 0.0 0 0.6527999639511108 296.3285827636719 139.18690490722656 344.22308349609375 205.1377410888672 1.1512411 1.8552629 0.5976031 -8.216575 0.69465834 20.325888 0.2686421871185303 0.15412192046642303
Cyclist 0.0 0 -1.3537318706512451 548.5709228515625 141.57867431640625 570.42724609375 188.6998291015625 1.0269611 1.893544 0.690433 -1.8802544 0.3310009 28.967402 -1.4185502529144287 0.12331081926822662
Cyclist 0.0 0 -1.8877992630004883 613.7821044921875 150.96633911132812 713.1508178710938 349.22503662109375 0.9338924 1.6916116 0.6519279 0.46470425 1.441324 6.560134 -1.817079782485962 0.11596374958753586
Car 0.0 0 1.9208518266677856 0.0 26.93503761291504 294.5476379394531 370.0 4.1457934 1.5929294 1.6334046 -3.1063864 1.1514359 4.2537913 1.290102481842041 0.43491339683532715
