Pedestrian 0.0 0 -2.7959084510803223 1134.70068359375 172.10646057128906 1191.8724365234375 259.8267822265625 0.76374537 1.76436 0.66762286 11.457138 1.7496822 15.011754 -2.144005537033081 0.24456970393657684
Cyclist 0.0 0 -1.934576392173767 973.5808715820312 183.67930603027344 1018.6632080078125 240.76808166503906 2.05175 1.7643238 0.6133689 12.634243 2.1369362 23.752962 -1.4457342624664307 0.15634198486804962
Cyclist 0.0 0 -1.7149314880371094 714.900146484375 188.4754638671875 731.5797119140625 222.7808380126953 1.8038795 1.7459321 0.6223772 5.9878078 2.5983648 38.4485 -1.560436725616455 0.1469581127166748
Cyclist 0.0 0 -1.892651081085205 1005.1371459960938 200.7633056640625 1045.0047607421875 255.51095581054688 1.9387116 1.7314852 0.6037465 14.2279005 2.7324638 24.856436 -1.3727706670761108 0.1402186155319214
Cyclist 0.0 0 -2.317272663116455 1169.002685546875 195.01251220703125 1242.0 282.34979248046875 1.5680606 1.6967192 0.5823095 12.66843 2.1890163 15.217889 -1.6230443716049194 0.1394592821598053
Cyclist 0.0 0 -1.4563279151916504 315.4716796875 187.6245574951172 335.83343505859375 225.79710388183594 1.8477708 1.6902037 0.6801684 -13.301141 2.4002438 33.684628 -1.8324064016342163 0.12975487112998962
Car 0.0 0 1.7824628353118896 2.690913200378418 208.38539123535156 72.3444595336914 248.3572998046875 3.6741686 1.5102606 1.7551049 -26.058395 3.231827 32.914143 1.1127984523773193 0.2624044418334961
Car 0.0 0 1.7724910974502563 401.0133972167969 174.3193359375 457.70538330078125 219.77090454101562 4.058526 1.8540305 1.6286987 -7.8776135 1.9228067 31.624683 1.528362512588501 0.167464017868042
Car 0.0 0 1.938868522644043 204.0891876220703 198.147705078125 262.0209045410156 227.59474182128906 3.6933517 1.4496864 1.6848023 -21.25443 2.9467514 40.76328 1.458238959312439 0.16456471383571625
Car 0.0 0 1.6810247898101807 1004.5176391601562 201.9259796142578 1071.12548828125 250.5785675048828 3.6331882 1.4513508 1.6603669 15.300835 2.5700562 25.802977 2.2162718772888184 0.13418640196323395
