Pedestrian 0.0 0 -1.7589244842529297 349.3147888183594 163.93109130859375 376.0269775390625 219.5911102294922 0.93840665 1.8140845 0.681437 -8.002615 1.2425665 23.985363 -2.080956220626831 0.6500149369239807
Pedestrian 0.0 0 1.3487614393234253 633.7929077148438 158.99925231933594 665.7279663085938 234.4840545654297 0.8141266 1.7889999 0.6081428 1.1333675 1.2569296 17.471684 1.4135395288467407 0.6089949607849121
Pedestrian 0.0 0 -2.2668046951293945 0.0 155.27354431152344 85.83915710449219 338.24615478515625 0.70169 1.684501 0.57092875 -5.597903 1.4444296 6.959316 -2.9442079067230225 0.5711078643798828
Pedestrian 0.0 0 1.9721534252166748 561.2579345703125 151.63388061523438 608.8466186523438 244.1111602783203 0.86199695 1.7801324 0.66881263 -0.3569715 1.206482 14.348665 1.9472801685333252 0.46060964465141296
Pedestrian 0.0 0 -2.1964564323425293 75.3431167602539 152.5468292236328 170.80043029785156 313.7131652832031 0.66488117 1.6873499 0.599679 -5.3095646 1.385583 7.914616 -2.787353515625 0.43286681175231934
Pedestrian 0.0 0 -2.6547770500183105 532.9025268554688 174.41770935058594 568.5523681640625 238.52154541015625 0.7536487 1.725221 0.6722728 -1.4242125 1.535777 19.7894 -2.726621627807617 0.4053267240524292
Pedestrian 0.0 0 1.6855911016464233 440.08447265625 168.71221923828125 451.75335693359375 199.6849365234375 0.7263811 1.8137082 0.595803 -9.186111 1.0656528 42.452526 1.4724910259246826 0.3652268052101135
Pedestrian 0.0 0 -0.7662559747695923 73.72218322753906 154.17947387695312 217.0002899169922 365.0006408691406 0.8112542 1.6759578 0.6596987 -3.9442058 1.4601613 6.1795173 -1.3343415260314941 0.36333295702934265
Pedestrian 0.0 0 1.532991886138916 0.0 150.26841735839844 25.394264221191406 215.9669647216797 0.8675829 1.8268424 0.61929846 -16.89753 0.95955384 20.50163 0.843665599822998 0.3602903187274933
Pedestrian 0.0 0 2.9368185997009277 660.6890258789062 148.043212890625 699.6558837890625 222.5822296142578 0.858764 1.8193936 0.5962915 1.9183373 1.0039518 17.869602 3.0437610149383545 0.3204244077205658
Pedestrian 0.0 0 -1.8203057050704956 1001.363037109375 144.72039794921875 1050.337158203125 238.6005859375 0.7264012 1.7615263 0.6552663 8.168934 1.0726706 13.915786 -1.289480209350586 0.3080222010612488
Pedestrian 0.0 0 -0.6053516864776611 0.0 166.52828979492188 86.61041259765625 301.9057922363281 0.72024846 1.6506125 0.6329762 -7.224951 1.469408 9.193246 -1.2714343070983887 0.2899349331855774
Pedestrian 0.0 0 -1.8097350597381592 715.473388671875 165.9438018798828 760.5039672851562 251.8483123779297 0.91997635 1.7010707 0.70401585 2.7428198 1.3942766 14.700241 -1.6252727508544922 0.28226545453071594
Pedestrian 0.0 0 -1.5168148279190063 572.4549560546875 190.62147521972656 630.0513916015625 298.0233459472656 0.8134061 1.6191821 0.86888057 -0.030747283 1.7697899 11.328054 -1.519529104232788 0.2697668671607971
Cyclist 0.0 0 1.6800317764282227 367.2747802734375 160.3395233154297 424.7922668457031 276.75390625 1.7808099 1.7019624 0.6940619 -3.276282 1.39391 11.435585 1.4010069370269775 0.8453356623649597
Cyclist 0.0 0 1.6387839317321777 706.2365112304688 135.82614135742188 736.534912109375 214.87545776367188 1.7202201 1.7846317 0.60084444 2.840703 0.7547047 17.120825 1.8032069206237793 0.2547268569469452
Cyclist 0.0 0 -1.809929370880127 714.755615234375 165.50650024414062 760.6171875 252.08023071289062 1.005229 1.7109253 0.7007947 2.7377994 1.3960998 14.714752 -1.6259746551513672 0.14758175611495972
Cyclist 0.0 0 1.6253522634506226 665.1577758789062 146.77899169921875 692.3322143554688 222.60140991210938 0.87151444 1.8443868 0.63102037 1.9058479 1.0009882 17.951483 1.731122612953186 0.10844020545482635
Car 0.0 0 1.8808799982070923 135.9591522216797 184.59645080566406 360.838134765625 317.2411804199219 4.172459 1.4960787 1.6465472 -4.8035645 1.5514386 10.372196 1.4471697807312012 0.8616045713424683
