Pedestrian 0.0 0 -1.133582592010498 453.7552185058594 182.69947814941406 469.51116943359375 212.47869873046875 0.810178 1.7715832 0.6539769 -9.016597 2.3747146 43.702442 -1.337045669555664 0.2864646911621094
Pedestrian 0.0 0 2.157644271850586 0.0 137.95394897460938 30.04012680053711 204.77830505371094 0.8444709 1.8830824 0.60604584 -17.372915 0.89997166 20.78269 1.461374282836914 0.2673609256744385
Pedestrian 0.0 0 -1.7674458026885986 872.9266357421875 172.3554229736328 909.5953979492188 255.68760681152344 0.7491881 1.7389024 0.59534246 5.9717336 1.7288566 15.473605 -1.3991270065307617 0.1803366243839264
Pedestrian 0.0 0 1.0369389057159424 1039.1942138671875 129.772216796875 1101.1080322265625 237.63677978515625 0.7162538 1.8053341 0.62065774 7.867796 1.0846301 12.440953 1.6008497476577759 0.17937925457954407
Pedestrian 0.0 0 1.8400763273239136 471.61322021484375 177.735107421875 488.6907653808594 207.5433349609375 1.6668942 1.7377185 0.58572084 -7.7982774 2.0361142 43.197502 1.6614738702774048 0.16678160429000854
Pedestrian 0.0 0 -1.3100266456604004 0.0 167.34828186035156 28.393558502197266 225.2025146484375 1.3977681 1.7389725 0.5427602 -18.686258 1.5738407 22.433323 -2.004549741744995 0.10819964855909348
Cyclist 0.0 0 1.881273627281189 471.2391662597656 176.62120056152344 489.7228088378906 206.37762451171875 1.7495371 1.7351589 0.58470744 -7.7791095 1.9658446 43.206635 1.703137755393982 0.5945233702659607
Cyclist 0.0 0 -1.3404638767242432 0.0 195.99391174316406 25.7658748626709 271.6768798828125 1.5647477 1.6541799 0.33313376 -14.250816 2.225091 17.014353 -2.037700891494751 0.22573566436767578
Cyclist 0.0 0 -1.3100266456604004 0.0 167.34828186035156 28.393558502197266 225.2025146484375 1.3977681 1.7389725 0.5427602 -18.686258 1.5738407 22.433323 -2.004549741744995 0.15304496884346008
Car 0.0 0 1.8750402927398682 286.0108947753906 185.065673828125 455.5131530761719 292.8865051269531 3.7746117 1.4411029 1.5711169 -3.7966828 1.6758907 11.95898 1.5676289796829224 0.8915498852729797
Car 0.0 0 2.174854278564453 0.0 193.56753540039062 65.47769927978516 223.78627014160156 3.7037516 1.5123404 1.6079882 -32.799255 2.733876 40.628937 1.4956852197647095 0.29385143518447876
Car 0.0 0 1.458245038986206 676.6468505859375 173.93203735351562 706.3087768554688 196.60586547851562 3.9637077 1.5112312 1.6106962 5.6059327 1.5896478 50.25999 1.5693246126174927 0.23207682371139526
