Car 0.0 0 -1.8722336292266846 890.4403686523438 166.55087280273438 1043.93212890625 250.98312377929688 4.027139 1.4737941 1.6283709 7.003697 1.3641287 14.701075 -1.4276378154754639 0.8990504145622253
Car 0.0 0 -1.486842155456543 651.6136474609375 177.83114624023438 735.0877685546875 251.89559936523438 3.7857492 1.5189638 1.6440667 2.0223484 1.6511258 17.085638 -1.3690249919891357 0.8349947929382324
Car 0.0 0 -1.7040472030639648 865.4863891601562 171.3697052001953 946.1165161132812 229.26809692382812 3.8259578 1.4806018 1.5993803 8.243289 1.4430029 20.499794 -1.3217182159423828 0.8151839375495911
Car 0.0 0 -2.232682228088379 0.0 204.35911560058594 272.9131774902344 347.92529296875 3.5474122 1.4456916 1.5712746 -6.3380175 1.8991183 9.098169 -2.841139793395996 0.7857235670089722
Car 0.0 0 -1.5105845928192139 673.5811157226562 177.23440551757812 734.9063110351562 231.89556884765625 3.9488618 1.4927534 1.6277138 2.9204068 1.6401894 22.130577 -1.379380226135254 0.6758524775505066
Car 0.0 0 -1.6960747241973877 839.2383422851562 171.01547241210938 890.962646484375 212.8612823486328 3.8178272 1.683934 1.6218033 10.871754 1.6103072 31.06948 -1.359473466873169 0.5453064441680908
Car 0.0 0 -1.6872739791870117 829.7523193359375 168.26025390625 868.6661376953125 198.6065216064453 3.946087 1.6517243 1.6608151 13.624789 1.4020478 41.369392 -1.3691174983978271 0.3546733260154724
Car 0.0 0 1.03318190574646 1134.8450927734375 177.56298828125 1242.0 375.0 4.0121627 1.496655 1.609001 3.7522182 1.530736 3.0036852 1.928926944732666 0.3460826575756073
Car 0.0 0 -1.4555771350860596 712.6115112304688 179.71385192871094 759.082763671875 219.36923217773438 3.283211 1.5499291 1.5772189 5.3431478 1.8585054 30.618557 -1.2828099727630615 0.336274117231369
Car 0.0 0 1.8607679605484009 498.5047302246094 180.13865661621094 531.0267944335938 199.6010284423828 3.8521347 1.4912912 1.5955089 -7.7492256 2.1061084 58.830837 1.7298014163970947 0.3157241940498352
