Car 0.0 0 -1.0703829526901245 88.21138000488281 188.24497985839844 371.2688293457031 333.6509094238281 3.4544663 1.3914125 1.5074095 -4.2993355 1.436649 8.705421 -1.529113531112671 0.9191922545433044
Car 0.0 0 -1.3413852453231812 368.62701416015625 180.59539794921875 469.0300598144531 244.17578125 4.142073 1.4680419 1.6093956 -4.810626 1.3624927 18.68297 -1.5933982133865356 0.8798313736915588
Car 0.0 0 -1.4002524614334106 456.3652038574219 178.1300506591797 512.8295288085938 218.9180908203125 3.5748534 1.4819176 1.575852 -4.7490516 1.2256125 27.902782 -1.5688369274139404 0.875532865524292
Car 0.0 0 -1.193461537361145 318.8316955566406 179.6808624267578 404.88983154296875 224.2516326904297 3.7800503 1.4694661 1.6198676 -8.69588 1.2881184 25.62465 -1.520622730255127 0.7661116719245911
Car 0.0 0 -1.1004548072814941 171.2516326904297 171.83197021484375 308.6910095214844 238.34475708007812 3.3476276 1.4002359 1.4967489 -8.486998 1.1196109 16.805496 -1.5681049823760986 0.6718623638153076
Car 0.0 0 2.203457832336426 0.0 167.95484924316406 108.22737121582031 261.4322204589844 3.8470385 1.6285555 1.6026951 -12.163837 1.3289692 14.491994 1.5051798820495605 0.6615701913833618
Car 0.0 0 -1.572424292564392 576.9305419921875 174.61105346679688 610.4111938476562 204.575439453125 3.8765917 1.451405 1.6222861 -0.7579273 0.9388722 36.771767 -1.5930330753326416 0.6391804814338684
Car 0.0 0 -1.1497677564620972 235.0263214111328 175.98338317871094 322.4764099121094 219.3436737060547 3.7683167 1.5143615 1.5803199 -12.278873 1.1930537 26.991116 -1.5767079591751099 0.4329124093055725
Car 0.0 0 -1.3668192625045776 450.38275146484375 172.74327087402344 487.6331481933594 199.16302490234375 3.9369948 1.660054 1.6363842 -9.072466 0.87749505 47.144352 -1.5569353103637695 0.4267912805080414
Car 0.0 0 2.233043670654297 84.93812561035156 173.55453491210938 157.0970001220703 201.123291015625 3.8522823 1.6071095 1.6218933 -29.644634 0.9284582 43.8785 1.6388767957687378 0.35655373334884644
