Pedestrian 0.0 0 2.009831428527832 375.5422058105469 161.14163208007812 431.6500549316406 252.7719268798828 1.0352845 1.8496408 0.76774067 -4.2518344 1.4605016 14.839639 1.730788230895996 0.41199228167533875
Pedestrian 0.0 0 0.8856570720672607 375.1368713378906 167.9223175048828 401.1694641113281 217.7567596435547 0.7625993 1.8321214 0.5788525 -8.136432 1.37123 26.441278 0.5871355533599854 0.24678292870521545
Pedestrian 0.0 0 2.8972253799438477 694.2833862304688 133.15513610839844 740.9580078125 232.3521270751953 0.7685797 1.8584989 0.56404996 2.1092677 0.97310877 13.557329 3.0515692234039307 0.22669914364814758
Pedestrian 0.0 0 -1.990828037261963 1101.8184814453125 20.596519470214844 1224.0 370.0 0.84222776 1.7551279 0.6108427 3.3018126 0.95580184 4.023853 -1.303675651550293 0.22126281261444092
Pedestrian 0.0 0 -2.9254839420318604 810.83642578125 117.90267181396484 893.2559204101562 284.2704772949219 0.7894691 1.8139068 0.6095311 2.8096025 1.1330968 8.1696415 -2.5942468643188477 0.20779405534267426
Pedestrian 0.0 0 1.4780523777008057 783.6624145507812 127.82266998291016 839.4974365234375 270.6421203613281 0.8300147 1.822676 0.63922405 2.7062056 1.1520785 9.485212 1.7559762001037598 0.17870460450649261
Pedestrian 0.0 0 1.5598200559616089 725.1385498046875 128.0345458984375 762.7974243164062 242.330078125 0.9316568 1.8806845 0.6107993 2.3335063 1.0190393 12.1419525 1.7496904134750366 0.17432503402233124
Pedestrian 0.0 0 0.3218383491039276 434.4731140136719 165.1622772216797 446.4598388671875 187.54884338378906 0.86663103 1.9205672 0.58643365 -14.171943 0.60592145 60.985912 0.09351015090942383 0.14844611287117004
Pedestrian 0.0 0 -1.4259225130081177 366.7176513671875 181.80215454101562 382.4351501464844 220.5568084716797 0.85523146 1.7144985 0.5555341 -10.370785 1.7753483 31.774664 -1.7414069175720215 0.12300381064414978
Cyclist 0.0 0 1.9967643022537231 374.5041809082031 160.82728576660156 431.9393005371094 252.89479064941406 1.0739801 1.8548987 0.7874478 -4.2552156 1.4601763 14.828773 1.7173163890838623 0.1444683074951172
Car 0.0 0 -1.6483796834945679 531.73828125 169.463623046875 574.1637573242188 208.3719482421875 3.7032573 1.6696504 1.63846 -2.4471145 1.1975293 32.2912 -1.724017858505249 0.2208966612815857
Car 0.0 0 1.4784098863601685 522.2423095703125 169.29844665527344 560.734619140625 202.3194122314453 3.9517796 1.636747 1.6453723 -3.3970673 1.0829532 37.13414 1.3871828317642212 0.1663408875465393
