Pedestrian 0.0 0 1.9757411479949951 174.42628479003906 165.7285919189453 273.26409912109375 336.8237609863281 0.8446251 1.7066426 0.6490604 -4.019367 1.5506936 7.6098256 1.4898035526275635 0.7138432860374451
Pedestrian 0.0 0 1.3924140930175781 761.259521484375 167.3042755126953 798.8523559570312 252.00479125976562 0.8515391 1.7572381 0.63502866 3.767285 1.463963 15.345043 1.633157730102539 0.6972266435623169
Pedestrian 0.0 0 2.3672637939453125 827.0845947265625 131.09164428710938 882.8717651367188 226.6125946044922 0.87171024 1.8261213 0.59498847 4.9650106 0.8636961 14.184319 2.703969955444336 0.6441478133201599
Pedestrian 0.0 0 -1.6479631662368774 666.93310546875 166.7030792236328 694.2122192382812 232.0569610595703 0.85137266 1.7041 0.6568867 2.0713603 1.3194424 19.163445 -1.5402920246124268 0.5978355407714844
Pedestrian 0.0 0 -1.9379351139068604 730.9835815429688 165.49314880371094 768.533935546875 233.2510223388672 0.91914386 1.7436117 0.6857716 3.8795998 1.3328835 18.9921 -1.7364329099655151 0.5633442401885986
Pedestrian 0.0 0 1.6847574710845947 820.7715454101562 137.4582061767578 863.375 248.37281799316406 0.7956662 1.8062438 0.60117024 4.046996 1.0903141 12.182884 2.0054759979248047 0.4814222753047943
Pedestrian 0.0 0 2.1482975482940674 750.6943969726562 171.6660614013672 789.7393798828125 243.55807495117188 0.75697434 1.731855 0.6312764 4.1480455 1.4961545 17.791613 2.377351999282837 0.4219455420970917
Pedestrian 0.0 0 1.8060578107833862 729.72412109375 166.9371337890625 751.898681640625 212.78005981445312 1.0398413 1.7404997 0.6208186 5.3945475 1.1886238 27.871883 1.9972418546676636 0.3427821099758148
Pedestrian 0.0 0 0.6665547490119934 151.28907775878906 198.3508758544922 227.57618713378906 322.67547607421875 0.72842526 1.671183 0.57770514 -5.817134 1.9170061 10.082733 0.143263578414917 0.31811103224754333
Pedestrian 0.0 0 -0.38971930742263794 699.6251831054688 171.88522338867188 736.3841552734375 241.92926025390625 0.7129963 1.7252448 0.66661185 2.897477 1.4896139 18.096653 -0.23095561563968658 0.314516544342041
Pedestrian 0.0 0 -1.3578429222106934 674.4006958007812 154.4525146484375 745.898681640625 315.5522766113281 0.7601719 1.6810956 0.6409771 1.1692815 1.400214 7.961715 -1.212022304534912 0.3015100061893463
Pedestrian 0.0 0 -0.7031114101409912 786.1396484375 139.1330108642578 852.0712890625 242.4443359375 0.98871726 1.8085392 0.6070161 3.9102883 1.0681504 13.048414 -0.41195249557495117 0.2730037569999695
Pedestrian 0.0 0 2.000601291656494 206.49794006347656 159.0435028076172 378.72991943359375 374.0 1.6964133 1.6721659 0.5859142 -2.3838844 1.5234478 5.6564603 1.6017459630966187 0.23856088519096375
Cyclist 0.0 0 1.8949605226516724 372.3556823730469 164.35110473632812 451.9980163574219 291.47064208984375 1.8659729 1.7541591 0.6035751 -2.8556817 1.5188376 10.861007 1.6378501653671265 0.7557770609855652
Cyclist 0.0 0 1.9652611017227173 206.49978637695312 157.48255920410156 372.0278625488281 374.0 1.7040476 1.6686447 0.5713961 -2.398841 1.5104563 5.6252036 1.5621670484542847 0.7059844136238098
Cyclist 0.0 0 -1.311133861541748 47.660274505615234 144.1072235107422 120.45716857910156 263.01507568359375 1.7738568 1.7319306 0.4991647 -8.19337 1.1886047 11.377796 -1.9352355003356934 0.35089555382728577
Cyclist 0.0 0 -1.7188777923583984 319.8868408203125 193.53497314453125 362.2803039550781 271.54498291015625 1.7597002 1.678732 0.666597 -6.098162 1.9749553 16.674973 -2.069476842880249 0.3239489495754242
Cyclist 0.0 0 1.8238047361373901 729.7279052734375 167.05958557128906 752.234375 212.8309326171875 1.0104314 1.7395146 0.6261286 5.404011 1.1917404 27.888042 2.0152077674865723 0.17461909353733063
Cyclist 0.0 0 -1.5930808782577515 814.6182250976562 139.88755798339844 854.6075439453125 247.8946075439453 0.9710949 1.8013874 0.63691235 4.0125093 1.1086433 12.534004 -1.2832601070404053 0.16262775659561157
Cyclist 0.0 0 -1.8437256813049316 731.26025390625 165.6697540283203 768.0284423828125 233.85166931152344 1.0150391 1.753039 0.70173913 3.8758554 1.3472003 18.99799 -1.642473578453064 0.14279663562774658
Cyclist 0.0 0 1.3924140930175781 761.259521484375 167.3042755126953 798.8523559570312 252.00479125976562 0.8515391 1.7572381 0.63502866 3.767285 1.463963 15.345043 1.633157730102539 0.10268048942089081
Car 0.0 0 1.7428532838821411 491.83563232421875 173.6053009033203 534.67333984375 207.29595947265625 4.118114 1.7643389 1.6709284 -4.8174996 1.3517536 39.714924 1.6221410036087036 0.5307819843292236
