Pedestrian 0.0 0 1.0429925918579102 52.45361328125 135.222412109375 100.80179595947266 210.1199951171875 0.90086186 1.8678162 0.62535906 -13.68986 0.92970765 18.455957 0.4047870635986328 0.2618738114833832
Pedestrian 0.0 0 -0.8394964933395386 824.2395629882812 136.7649688720703 874.682861328125 232.80221557617188 0.7468581 1.8384374 0.6016277 4.6786113 1.1479443 14.256641 -0.5223995447158813 0.21098940074443817
Pedestrian 0.0 0 1.9619243144989014 0.0 120.21623992919922 59.83647918701172 236.28982543945312 1.1590434 1.7939051 0.61513454 -9.662563 0.98075175 11.792494 1.2754759788513184 0.2073516547679901
Pedestrian 0.0 0 -1.8557490110397339 891.72265625 172.6208953857422 935.2391357421875 258.5926513671875 0.75478756 1.7552841 0.6536696 6.3060017 1.7508825 15.139788 -1.4610841274261475 0.20052272081375122
Pedestrian 0.0 0 -1.140899896621704 970.7091674804688 173.211669921875 1020.060791015625 263.7805480957031 0.6654438 1.7275504 0.6398626 7.5436907 1.7351848 14.220055 -0.653153657913208 0.19085124135017395
Pedestrian 0.0 0 -1.5117430686950684 763.7402954101562 163.25425720214844 798.6704711914062 258.371337890625 0.9971349 1.8283103 0.62527007 3.383777 1.644145 14.433464 -1.2814621925354004 0.16730913519859314
Cyclist 0.0 0 2.0123074054718018 0.0 118.88147735595703 68.06453704833984 236.27108764648438 1.4183326 1.8091273 0.5949533 -9.664521 0.97769797 11.87683 1.3292510509490967 0.22951781749725342
Cyclist 0.0 0 0.9664498567581177 52.61988067626953 138.61647033691406 108.49864959716797 212.66917419433594 1.1474108 1.8476973 0.6086651 -13.6030445 0.993791 18.475029 0.33177876472473145 0.13393688201904297
Car 0.0 0 1.7561711072921753 349.3819580078125 188.8606719970703 455.8089904785156 263.5419006347656 4.312213 1.4662917 1.6707842 -4.869894 1.9006132 17.337679 1.4823418855667114 0.8659714460372925
Car 0.0 0 3.3671631813049316 0.0 192.459716796875 174.9224395751953 341.9824523925781 4.0483384 1.516348 1.6405312 -8.15139 1.8183583 9.426011 2.6541531085968018 0.7017467617988586
Car 0.0 0 1.5195192098617554 426.8406982421875 178.57736206054688 456.29705810546875 204.16302490234375 4.0796585 1.5448004 1.6433967 -10.975333 1.9331956 46.728752 1.2888274192810059 0.4798682630062103
Car 0.0 0 -0.6792730093002319 1096.9971923828125 32.99341583251953 1242.0 340.0986022949219 3.6851509 1.4941138 1.5623527 5.480949 0.81402856 4.6239657 0.19073128700256348 0.22896526753902435
Car 0.0 0 -2.0306344032287598 526.3411865234375 158.0746307373047 583.1658325195312 191.7680206298828 4.3126454 2.0309622 1.8714184 -3.5945148 1.1404526 45.82109 -2.1089208126068115 0.1851259469985962
