Car 0.0 0 -1.7576441764831543 669.4261474609375 175.23194885253906 765.1254272460938 246.08523559570312 4.1841803 1.6226271 1.6792706 2.6105533 1.691958 18.794949 -1.6196306943893433 0.8769487738609314
Car 0.0 0 3.575685739517212 134.54452514648438 180.5375518798828 378.8201599121094 265.9668884277344 3.8093522 1.4927906 1.6170539 -6.568054 1.6468825 13.595099 3.125633716583252 0.8617622256278992
Car 0.0 0 -2.669262170791626 276.97332763671875 182.06398010253906 445.8128662109375 242.6248016357422 3.7697792 1.4302742 1.5703928 -6.3284125 1.6788023 18.397291 -3.0005693435668945 0.7042728066444397
Car 0.0 0 -1.619949460029602 652.5625610351562 179.11634826660156 696.667236328125 219.98995971679688 3.708151 1.5440112 1.6146542 2.5618515 1.8186158 29.712955 -1.5339421033859253 0.683434247970581
Car 0.0 0 0.4969156086444855 235.19625854492188 188.43186950683594 436.4392395019531 259.54962158203125 3.9156153 1.4396538 1.6018656 -6.104121 1.8110056 16.123821 0.13501191139221191 0.6309824585914612
Car 0.0 0 0.2578771114349365 358.2518005371094 170.09886169433594 495.48291015625 219.11236572265625 4.3955994 1.6684009 1.7319504 -6.423642 1.574975 25.447374 0.010614156723022461 0.6111103892326355
Car 0.0 0 3.326840877532959 335.8912658691406 175.95472717285156 465.1939697265625 228.1931610107422 3.7295697 1.5884106 1.6291424 -6.6472616 1.6920556 23.043243 3.0459961891174316 0.48048070073127747
Car 0.0 0 1.525598406791687 638.4168090820312 177.6682891845703 669.490478515625 205.60848999023438 3.929076 1.5167445 1.6125873 2.4710104 1.8093522 41.822506 1.5846130847930908 0.4465169310569763
Car 0.0 0 -1.2814298868179321 428.7977294921875 170.32762145996094 497.0536804199219 214.4830322265625 3.826539 1.6405523 1.6422513 -5.823445 1.547045 28.784464 -1.4810476303100586 0.42096951603889465
Car 0.0 0 0.10570907592773438 959.6876220703125 200.75558471679688 1242.0 375.0 4.017159 1.455747 1.6043484 3.8758514 1.6622596 3.2114334 0.9845819473266602 0.3797851502895355
Car 0.0 0 -1.6104381084442139 470.81243896484375 175.51406860351562 508.765625 209.68190002441406 3.5199003 1.4735512 1.5792555 -5.6277523 1.6036079 33.29307 -1.7778918743133545 0.3505410850048065
