Pedestrian 0.0 0 0.6466884016990662 268.8880615234375 159.0631866455078 354.82781982421875 300.6504821777344 0.77260345 1.6955054 0.63018197 -3.7127626 1.440481 8.862783 0.24998211860656738 0.675043523311615
Pedestrian 0.0 0 -1.6544468402862549 838.7298583984375 172.6327667236328 868.7876586914062 242.95481872558594 0.88266003 1.7329587 0.64446574 6.260905 1.540682 17.926767 -1.3184412717819214 0.22885118424892426
Pedestrian 0.0 0 -0.4052548408508301 820.90234375 188.90957641601562 870.1683349609375 278.03411865234375 0.70295143 1.7064166 0.69608134 4.70372 1.8788235 13.978474 -0.08065932244062424 0.20645645260810852
Pedestrian 0.0 0 -0.4163209795951843 54.953269958496094 191.29541015625 98.3718490600586 252.78541564941406 0.80247015 1.7122781 0.6646005 -15.257971 2.0328548 20.376259 -1.05906081199646 0.14898799359798431
Pedestrian 0.0 0 -2.212355136871338 1113.5404052734375 189.42892456054688 1224.0 370.0 0.679242 1.6606408 0.6475187 4.317885 1.7336715 5.289611 -1.527756690979004 0.12120264768600464
Pedestrian 0.0 0 -0.7225486636161804 983.2616577148438 191.13172912597656 1122.1156005859375 370.0 0.66050553 1.6189313 0.57450235 3.2660944 1.7050959 5.2732825 -0.1680106669664383 0.11275728791952133
Cyclist 0.0 0 -1.426613450050354 247.09059143066406 188.3121795654297 303.0915832519531 303.6517639160156 1.7358503 1.5802019 0.5290532 -5.011165 1.7102908 10.712044 -1.8641762733459473 0.15887123346328735
Cyclist 0.0 0 -1.9580156803131104 0.0 176.45216369628906 55.3251838684082 261.10052490234375 1.7891308 1.6176182 0.6384988 -11.925668 1.5418984 14.206262 -2.6563620567321777 0.1449873447418213
Cyclist 0.0 0 3.6145172119140625 42.24906539916992 192.86582946777344 100.32674407958984 255.4705047607422 1.1586727 1.7481297 0.6650592 -15.370065 2.1129153 20.335115 2.967289924621582 0.14353139698505402
Cyclist 0.0 0 -1.5947673320770264 850.90380859375 141.6856231689453 887.3781127929688 248.96371459960938 1.60038 1.7566463 0.5529245 4.5753436 1.1227248 12.419333 -1.2417911291122437 0.14022403955459595
Cyclist 0.0 0 -2.311856508255005 1145.7705078125 164.26071166992188 1224.0 265.6371154785156 1.3482956 1.647011 0.54281664 10.07619 1.3848326 12.168831 -1.620254635810852 0.10329337418079376
Car 0.0 0 1.8106021881103516 49.63051986694336 185.9634246826172 131.63035583496094 229.77320861816406 3.9433908 1.4677955 1.5752538 -19.0658 1.6892328 26.335917 1.1839847564697266 0.17681019008159637
Car 0.0 0 2.060272693634033 1139.99169921875 196.98068237304688 1224.0 370.0 3.6455884 1.464112 1.5827107 6.8927736 1.6401738 6.261345 2.893636465072632 0.12038808315992355
