Pedestrian 0.0 0 -0.6936978101730347 1201.4241943359375 123.80705261230469 1242.0 206.23036193847656 0.97909033 1.8594553 0.5530788 14.244394 0.75332296 16.559679 0.016679763793945312 0.5284019112586975
Cyclist 0.0 0 1.6448577642440796 466.5063781738281 173.7229461669922 496.1756286621094 246.26544189453125 1.813749 1.7870783 0.62964195 -3.3693464 1.8111209 18.729307 1.4668645858764648 0.875888466835022
Cyclist 0.0 0 -0.6936978101730347 1201.4241943359375 123.80705261230469 1242.0 206.23036193847656 0.97909033 1.8594553 0.5530788 14.244394 0.75332296 16.559679 0.016679763793945312 0.1019761934876442
Car 0.0 0 -1.7213653326034546 628.55419921875 179.96641540527344 686.2957763671875 221.79183959960938 4.1398134 1.4633635 1.6225611 1.7249606 1.7617918 28.10176 -1.6600595712661743 0.8189384937286377
Car 0.0 0 -0.482322633266449 790.4819946289062 185.40122985839844 1047.595703125 274.90289306640625 3.8582792 1.4188021 1.5834467 5.262634 1.6560928 12.66319 -0.08845336735248566 0.8151135444641113
Car 0.0 0 2.5282795429229736 866.3165283203125 184.4025421142578 1225.996826171875 307.37713623046875 3.9929476 1.4729542 1.619838 5.713502 1.6458651 9.800681 3.0560827255249023 0.800854504108429
Car 0.0 0 3.732879161834717 0.0 176.1044921875 235.79498291015625 324.2650451660156 3.898818 1.5350666 1.6410469 -6.8475957 1.5781834 8.502531 3.0548787117004395 0.7855330109596252
Car 0.0 0 0.5233784317970276 0.0 153.74636840820312 318.9876708984375 274.64007568359375 4.1452007 1.7039135 1.7097362 -6.9437795 1.4349623 11.095365 -0.03581539914011955 0.7441864609718323
Car 0.0 0 -0.8169623017311096 1021.7882690429688 186.81884765625 1242.0 364.1643981933594 3.583069 1.4932231 1.5799536 6.2580223 1.6515114 7.1909556 -0.10082156211137772 0.6940205097198486
Car 0.0 0 -2.8187882900238037 310.7915344238281 179.52540588378906 459.3304748535156 231.6590576171875 4.0736136 1.5338991 1.6544632 -6.925277 1.7487304 22.321543 -3.1196227073669434 0.6584960222244263
Car 0.0 0 3.357914447784424 348.83624267578125 180.6565399169922 475.36920166015625 227.19264221191406 3.9456046 1.5247096 1.6377048 -6.783887 1.8038566 24.86162 3.0915334224700928 0.6239898204803467
Car 0.0 0 -0.3930066227912903 779.8699340820312 172.98788452148438 999.1741943359375 249.6407012939453 3.946137 1.508065 1.6429564 5.6782002 1.5113863 15.081851 -0.03292830288410187 0.5714922547340393
