Pedestrian 0.0 0 -1.503458857536316 951.0846557617188 198.4970703125 980.038330078125 248.07342529296875 1.7255166 1.7761118 0.8894207 13.677912 2.799708 27.81934 -1.0464980602264404 0.12117141485214233
Cyclist 0.0 0 2.1949222087860107 48.75371551513672 183.9551544189453 104.93748474121094 237.77841186523438 1.9341503 1.7768227 0.55267054 -18.620136 2.1796741 25.187536 1.5583302974700928 0.7280129194259644
Cyclist 0.0 0 -3.716712713241577 1064.5120849609375 169.8665771484375 1242.0 320.3251953125 1.9110383 1.6767141 0.7323785 6.488614 1.6437799 8.477751 -3.0634472370147705 0.2823283076286316
Cyclist 0.0 0 -1.5552366971969604 952.019287109375 197.69052124023438 977.1278686523438 246.869384765625 1.8113059 1.7639724 0.84517634 13.672477 2.7586646 27.885347 -1.0993707180023193 0.25647515058517456
Cyclist 0.0 0 -1.6845495700836182 688.791259765625 165.7382354736328 701.6384887695312 198.11862182617188 1.7390108 1.758498 0.51136833 4.6874456 1.3724164 40.05235 -1.5680465698242188 0.13554248213768005
Car 0.0 0 1.5829181671142578 591.540771484375 176.99380493164062 624.2783203125 207.3695068359375 4.1764164 1.5119545 1.6558638 -0.12490682 1.7456949 38.578545 1.5796804428100586 0.6740209460258484
Car 0.0 0 2.179971694946289 0.0 192.83758544921875 71.32061767578125 241.23165893554688 3.5860088 1.4718008 1.5485414 -20.954546 2.2247453 25.320026 1.4886337518692017 0.3513874113559723
Car 0.0 0 1.5003594160079956 973.4934692382812 184.30032348632812 1044.8663330078125 243.8228759765625 3.6467717 1.5461034 1.5875942 11.746742 1.9189965 21.492285 2.0005548000335693 0.1443813145160675
Car 0.0 0 2.162476062774658 43.46853256225586 188.7043914794922 145.84788513183594 229.53318786621094 3.7954 1.4929035 1.5904362 -21.182653 2.1898177 29.787607 1.5443240404129028 0.14185388386249542
Car 0.0 0 1.159719705581665 522.9696044921875 175.46347045898438 556.3162841796875 192.8450927734375 3.9370182 1.525644 1.5949776 -6.492924 1.7725754 66.069435 1.0617599487304688 0.1362576186656952
Car 0.0 0 1.5564919710159302 923.3446655273438 196.61636352539062 970.9814453125 240.73220825195312 3.7151508 1.5453414 1.6630636 13.697689 2.5843296 29.499779 1.9912002086639404 0.13009093701839447
