Pedestrian 0.0 0 1.8556314706802368 685.5382080078125 164.58087158203125 701.6824340820312 200.9271240234375 0.8524448 1.8634562 0.6199524 4.3122373 1.4396546 37.503387 1.97011137008667 0.24590377509593964
Pedestrian 0.0 0 1.7258408069610596 521.9607543945312 171.99606323242188 539.3606567382812 213.02699279785156 1.6949887 1.8079993 0.5297752 -3.6202662 1.7705529 32.649773 1.6154100894927979 0.15008366107940674
Pedestrian 0.0 0 1.6873043775558472 538.3492431640625 173.21788024902344 554.9411010742188 213.49917602539062 1.8245271 1.8047907 0.5563038 -2.9499445 1.8223879 33.261845 1.5988472700119019 0.1426144391298294
Cyclist 0.0 0 1.6879792213439941 538.5421752929688 174.13507080078125 554.9783325195312 214.11439514160156 1.812793 1.7855045 0.5477596 -2.9389107 1.8464253 33.194126 1.5996724367141724 0.6976895928382874
Cyclist 0.0 0 1.7258408069610596 521.9607543945312 171.99606323242188 539.3606567382812 213.02699279785156 1.6949887 1.8079993 0.5297752 -3.6202662 1.7705529 32.649773 1.6154100894927979 0.3491438031196594
Car 0.0 0 -1.7727218866348267 687.4088745117188 177.7648162841797 811.296142578125 271.18719482421875 3.53569 1.5524931 1.6330929 2.4960425 1.6600728 13.963448 -1.595834732055664 0.9219935536384583
Car 0.0 0 1.8612840175628662 336.2021484375 183.34983825683594 452.993896484375 258.2732238769531 3.9039857 1.5499899 1.6379448 -5.0956707 1.8323902 17.429379 1.576850175857544 0.8801645636558533
Car 0.0 0 1.71506929397583 464.8952941894531 181.4953155517578 515.199462890625 218.1458282470703 4.3371644 1.5338209 1.690163 -5.5177326 1.9604809 33.408276 1.5513862371444702 0.7474145293235779
Car 0.0 0 -0.6511404514312744 0.0 209.224609375 155.37600708007812 375.0 3.9383507 1.4522393 1.5937833 -4.5797853 1.747218 3.8380857 -1.5244218111038208 0.49377840757369995
Car 0.0 0 1.6709684133529663 632.34912109375 176.68402099609375 659.3263549804688 197.1503143310547 4.087194 1.4562457 1.628197 2.7050114 1.7561216 54.281178 1.7207605838775635 0.4272843897342682
