Pedestrian 0.0 0 -1.8018462657928467 922.6923828125 159.02243041992188 954.0626831054688 222.14065551757812 0.91080046 1.7738181 0.628365 9.401155 1.3854665 20.782082 -1.377024531364441 0.15375523269176483
Pedestrian 0.0 0 -2.1560311317443848 1051.4791259765625 164.52410888671875 1104.17822265625 251.26382446289062 0.6953536 1.7253354 0.61892956 9.470145 1.5600036 14.700982 -1.5837550163269043 0.1207474023103714
Pedestrian 0.0 0 1.3459436893463135 863.3314819335938 146.65045166015625 888.1536865234375 202.13348388671875 0.95129454 1.8787148 0.60628736 9.13278 0.99179244 24.939308 1.6969772577285767 0.11453733593225479
Cyclist 0.0 0 -1.7991889715194702 921.4756469726562 158.0497283935547 953.5726318359375 221.89968872070312 1.27333 1.7862267 0.5681683 9.408919 1.3724297 20.862238 -1.3755017518997192 0.1142134889960289
Car 0.0 0 -2.028107166290283 763.3809204101562 181.68154907226562 1026.20849609375 330.8489685058594 3.4694874 1.4258109 1.5700763 3.1711614 1.5575554 8.922569 -1.6866217851638794 0.9309121966362
Car 0.0 0 1.9634761810302734 280.4874267578125 193.14503479003906 317.9422302246094 211.40895080566406 4.008757 1.5397514 1.8150063 -28.96588 3.4901824 67.32423 1.5571718215942383 0.1470550298690796
Car 0.0 0 1.9939680099487305 0.0 207.69171142578125 69.75253295898438 246.0074005126953 3.9681127 1.4962506 1.757253 -27.606205 3.251917 34.210323 1.3150004148483276 0.1438528448343277
Car 0.0 0 0.6917855739593506 12.378430366516113 201.803466796875 103.31059265136719 233.120849609375 3.6096902 1.5432553 1.6135727 -29.109127 3.1054647 38.048847 0.03872418403625488 0.14180588722229004
Car 0.0 0 1.8619130849838257 240.19813537597656 191.94459533691406 279.51849365234375 212.73770141601562 3.971646 1.4508077 1.6916993 -27.282923 2.9958606 56.284393 1.410553216934204 0.1277695745229721
Car 0.0 0 1.9629369974136353 70.39544677734375 200.21664428710938 128.80584716796875 226.67559814453125 3.855218 1.4824682 1.7518736 -33.04494 3.3358295 46.786427 1.3479998111724854 0.1051899790763855
