Pedestrian 0.0 0 -1.2831014394760132 327.77459716796875 155.65199279785156 348.2392578125 195.93222045898438 0.9003776 1.8798711 0.6798555 -12.904816 1.0774143 34.145275 -1.6444458961486816 0.3629630208015442
Pedestrian 0.0 0 -2.536303758621216 428.153564453125 161.86412048339844 445.2644348144531 198.94712829589844 0.53952026 1.8778161 0.71942854 -8.913523 1.3216666 36.967377 -2.7729060649871826 0.2731834352016449
Pedestrian 0.0 0 -1.2761032581329346 665.3145141601562 174.47496032714844 685.448486328125 212.31063842773438 0.97777027 1.7677914 0.7019047 3.0779586 1.8466259 34.344448 -1.1867218017578125 0.13605087995529175
Cyclist 0.0 0 -1.8773541450500488 814.0299682617188 157.25393676757812 867.4163818359375 234.9715118408203 2.0522406 1.7689966 0.63076144 5.49283 1.4142683 17.447407 -1.5723551511764526 0.7596649527549744
Cyclist 0.0 0 1.5223908424377441 535.6492309570312 182.12977600097656 550.7138671875 225.16517639160156 1.6203045 1.656241 0.52079266 -2.7328641 2.0398014 28.966585 1.4283238649368286 0.17030180990695953
Cyclist 0.0 0 1.8415334224700928 326.9005432128906 155.5316619873047 347.4574890136719 196.2801055908203 0.9921882 1.8951061 0.66849035 -12.918123 1.0898463 34.078724 1.4792019128799438 0.14006812870502472
Car 0.0 0 -1.6522955894470215 576.0938110351562 180.28396606445312 663.8482666015625 254.97935485839844 4.060294 1.4394923 1.627586 0.057688605 1.6303023 16.40501 -1.648779034614563 0.7844353914260864
Car 0.0 0 2.232354164123535 0.0 35.41514587402344 312.3409729003906 375.0 4.067591 1.5873592 1.6094036 -3.6084876 1.0932153 4.6277027 1.5700784921646118 0.27544084191322327
Car 0.0 0 1.3576403856277466 587.30078125 177.25350952148438 631.1464233398438 206.93017578125 3.777936 1.5091599 1.6166867 -0.1289179 1.7615125 39.306873 1.354360580444336 0.13040179014205933
Car 0.0 0 -1.6682645082473755 590.4169921875 166.65853881835938 613.2965698242188 186.18931579589844 3.671195 1.6435162 1.631498 -0.7559593 1.1225247 62.628498 -1.680334448814392 0.12580335140228271
