Pedestrian 0.0 0 -1.9315134286880493 654.517333984375 182.38514709472656 674.630615234375 221.4175262451172 0.7231687 1.734458 0.69850045 2.4319062 2.1729906 32.722923 -1.85733163356781 0.37464597821235657
Pedestrian 0.0 0 -3.368396759033203 943.3348999023438 177.1438446044922 980.0974731445312 241.663818359375 0.8169473 1.7876182 0.6159219 9.903505 1.9117936 20.431688 -2.91705322265625 0.2809828519821167
Pedestrian 0.0 0 0.940753698348999 1140.7666015625 139.078125 1222.27880859375 264.18798828125 0.77523226 1.7988827 0.6135631 8.457318 1.3135966 10.770131 1.6064399480819702 0.12848597764968872
Pedestrian 0.0 0 -1.767935037612915 891.7723388671875 157.52853393554688 926.3209228515625 231.66915893554688 0.9126909 1.8296373 0.64109087 7.5300994 1.4517945 18.312662 -1.3778140544891357 0.11209376901388168
Pedestrian 0.0 0 -1.9828628301620483 1178.673095703125 148.2284393310547 1242.0 272.51318359375 1.0963906 1.7780803 0.62141895 9.193127 1.4261324 10.933671 -1.2837289571762085 0.1091482862830162
Cyclist 0.0 0 -1.8263263702392578 729.7293090820312 183.32614135742188 744.160400390625 216.46875 1.6781076 1.7532319 0.36426795 6.915836 2.3400779 39.555473 -1.653236985206604 0.2316332906484604
Cyclist 0.0 0 -1.8678855895996094 1181.5947265625 148.23020935058594 1242.0 270.6719055175781 1.6156576 1.7414662 0.5801868 9.383882 1.3916043 11.116384 -1.1667983531951904 0.12116558104753494
Car 0.0 0 1.7549363374710083 356.94464111328125 188.44891357421875 400.93670654296875 217.32717895507812 4.3519483 1.5494679 1.7544892 -13.872665 2.53758 43.429836 1.4457532167434692 0.6269475221633911
Car 0.0 0 2.054702043533325 164.74728393554688 196.4449462890625 237.0580291748047 230.73829650878906 3.5950723 1.4975945 1.6393012 -20.266197 2.729263 35.83544 1.5400099754333496 0.15386687219142914
Car 0.0 0 2.267306327819824 45.075992584228516 183.99407958984375 149.16253662109375 221.49169921875 4.176182 1.5741003 1.671977 -23.858807 2.1281621 33.711754 1.651411533355713 0.11467494815587997
Car 0.0 0 0.8099657297134399 671.4105224609375 181.52725219726562 718.9661254882812 200.92398071289062 3.9587934 1.5034623 1.6363255 7.0076404 2.2482486 59.853207 0.9265155792236328 0.10885655134916306
