Pedestrian 0.0 0 -3.723051071166992 1089.2630615234375 197.21339416503906 1242.0 375.0 0.7076063 1.65115 0.6843676 3.6968973 1.8256812 4.78829 -3.0655736923217773 0.47104939818382263
Pedestrian 0.0 0 -1.81101393699646 714.2739868164062 195.78419494628906 737.64892578125 239.49110412597656 0.94558364 1.7544566 0.75433815 4.7716084 2.7239342 29.990015 -1.6532299518585205 0.34964051842689514
Pedestrian 0.0 0 1.490551233291626 848.436767578125 188.74429321289062 864.7477416992188 227.34494018554688 0.75531876 1.8030274 0.67881256 11.754459 2.5735593 34.51951 1.8187525272369385 0.19994814693927765
Pedestrian 0.0 0 2.5787243843078613 1011.744384765625 179.3531951904297 1055.3292236328125 248.4069366455078 0.8079247 1.8179512 0.61001194 11.315724 1.9956913 19.371508 3.1074025630950928 0.19160833954811096
Pedestrian 0.0 0 -1.2250146865844727 429.8468322753906 195.69308471679688 476.10162353515625 269.1395263671875 1.4628017 1.7128955 0.6791103 -3.9606094 2.309742 18.072409 -1.4407563209533691 0.11919378489255905
Cyclist 0.0 0 0.0021564215421676636 489.96746826171875 206.67274475097656 536.1536254882812 252.63140869140625 1.8516902 1.8008735 0.8356046 -4.0144553 3.2137215 29.596745 -0.13265922665596008 0.334398478269577
Cyclist 0.0 0 2.2143399715423584 906.6443481445312 130.2300567626953 1004.6044921875 226.80130004882812 1.8759006 1.7693747 0.7364123 6.6535134 0.98877823 13.978955 2.658576488494873 0.312090665102005
Cyclist 0.0 0 -3.0958669185638428 671.7205200195312 193.2216796875 698.5458984375 219.52574157714844 1.9192231 1.8756964 0.7351251 5.4683714 3.3791213 52.738396 -2.9925475120544434 0.21023346483707428
Cyclist 0.0 0 -1.2250146865844727 429.8468322753906 195.69308471679688 476.10162353515625 269.1395263671875 1.4628017 1.7128955 0.6791103 -3.9606094 2.309742 18.072409 -1.4407563209533691 0.20126818120479584
Cyclist 0.0 0 -1.3173247575759888 438.4006652832031 165.06948852539062 467.4704284667969 220.22789001464844 1.8340007 1.7973322 0.52161944 -5.3462257 1.5440327 24.434765 -1.5327262878417969 0.1977059245109558
Cyclist 0.0 0 -1.790684461593628 713.6350708007812 195.3496856689453 737.6141357421875 239.55714416503906 1.0905808 1.768121 0.7630118 4.7580347 2.7216654 30.002127 -1.6334043741226196 0.1801072508096695
Car 0.0 0 1.657172679901123 548.1029052734375 198.4716033935547 588.9005126953125 235.4931182861328 3.6903336 1.6026993 1.703719 -2.0394168 2.9366567 35.689705 1.600091814994812 0.7746149897575378
Car 0.0 0 1.6851035356521606 485.7436218261719 205.3836669921875 533.6769409179688 246.73191833496094 3.386763 1.5262238 1.6674956 -4.2983527 3.0031672 31.03691 1.5474872589111328 0.29276806116104126
Car 0.0 0 1.8944813013076782 586.2127075195312 190.42385864257812 623.4262084960938 212.2799530029297 4.0516806 1.5652844 1.764931 -0.39443994 3.0172222 57.409096 1.887610673904419 0.2496778964996338
Car 0.0 0 1.6920082569122314 670.8054809570312 194.1669464111328 700.700439453125 216.45867919921875 3.908528 1.4923767 1.7849587 5.7236376 3.1627815 54.431236 1.7967767715454102 0.24482181668281555
Car 0.0 0 0.15091395378112793 859.7794799804688 178.15602111816406 914.9075927734375 197.85452270507812 3.8593915 1.4837679 1.6110557 21.834103 1.9143549 56.891483 0.5173642635345459 0.2187661975622177
Car 0.0 0 1.4771144390106201 917.24609375 182.73306274414062 941.714111328125 202.48110961914062 3.745561 1.6481994 1.6456966 28.413502 2.5567625 64.29291 1.8932440280914307 0.19229771196842194
