Car 0.0 0 -1.8506965637207031 726.103515625 182.21554565429688 924.8150634765625 308.2258605957031 4.0605927 1.412295 1.5913485 2.7853177 1.5745844 10.433004 -1.5898092985153198 0.9161205291748047
Car 0.0 0 -1.6465473175048828 649.99755859375 174.96295166015625 689.783447265625 208.58360290527344 3.606162 1.459141 1.5526414 2.6787267 1.5622503 33.345215 -1.566386342048645 0.8240771293640137
Car 0.0 0 -2.134394407272339 834.450439453125 172.61849975585938 1242.0 375.0 4.088709 1.4661133 1.5968301 2.7495298 1.4657074 4.3846784 -1.5743030309677124 0.8143689632415771
Car 0.0 0 -1.7433366775512695 677.0662231445312 172.13504028320312 756.4052124023438 232.7625274658203 3.3884323 1.495459 1.5405442 2.747348 1.4780829 19.51343 -1.6034634113311768 0.8014578223228455
Car 0.0 0 0.3956812918186188 271.7490234375 176.14022827148438 462.1778564453125 239.0578155517578 4.2481604 1.4926927 1.6358356 -6.088206 1.5803118 18.18668 0.07264566421508789 0.7191760540008545
Car 0.0 0 -2.3785016536712646 0.0 190.6355743408203 210.66062927246094 354.15155029296875 3.8543713 1.4189954 1.5737191 -6.4517064 1.6208354 7.309745 -3.1016294956207275 0.7170498371124268
Car 0.0 0 3.4250707626342773 326.82574462890625 156.2370147705078 462.8929138183594 207.7362060546875 3.9010787 1.6019179 1.6517544 -6.908105 1.0853933 23.276844 3.136570453643799 0.5690517425537109
Car 0.0 0 -2.7522830963134766 329.017822265625 181.15261840820312 470.4704284667969 234.4757080078125 3.6325192 1.4572228 1.5524285 -6.1046066 1.7100003 20.980001 -3.0354373455047607 0.5363397598266602
Car 0.0 0 3.319937229156494 402.69244384765625 177.48309326171875 507.37994384765625 216.94796752929688 3.84259 1.5095767 1.6119251 -6.137074 1.6994474 28.668585 3.1090505123138428 0.4755062758922577
Car 0.0 0 0.8521216511726379 0.0 185.46435546875 79.98754119873047 375.0 3.5896504 1.4191031 1.5231271 -6.0755334 1.5206057 4.962865 -0.033737003803253174 0.4588359296321869
