Pedestrian 0.0 0 -1.4879150390625 383.6661376953125 175.09942626953125 401.31707763671875 214.90609741210938 0.79805756 1.7631503 0.6982182 -9.82382 1.8660105 32.471737 -1.7816954851150513 0.20176436007022858
Pedestrian 0.0 0 -1.8551076650619507 885.4751586914062 157.59469604492188 903.919677734375 194.44752502441406 0.96877337 1.8732841 0.636785 14.62963 1.0979888 37.185284 -1.480281949043274 0.13140621781349182
Cyclist 0.0 0 -1.3206584453582764 38.83888244628906 190.97158813476562 69.71100616455078 249.17213439941406 1.5529386 1.6455938 0.36370915 -16.72373 2.2099135 21.67216 -1.9778839349746704 0.19731363654136658
Cyclist 0.0 0 1.7070772647857666 30.31600570678711 198.0092315673828 52.81192398071289 242.2836151123047 1.6014665 1.6648164 0.49599162 -22.777206 2.7002842 28.8718 1.0391361713409424 0.18370851874351501
Car 0.0 0 1.796387791633606 402.8793640136719 180.52976989746094 465.14581298828125 220.32955932617188 4.0884547 1.4872953 1.622946 -7.2237754 1.8266214 29.806921 1.5586198568344116 0.812625527381897
Car 0.0 0 -1.475972056388855 580.4662475585938 175.6376495361328 601.0787353515625 191.7273406982422 3.7217753 1.4444469 1.579805 -1.787636 1.7119966 67.34461 -1.50251042842865 0.2133595049381256
Car 0.0 0 1.4436135292053223 117.93724060058594 198.08001708984375 158.8822021484375 225.0736541748047 3.723059 1.4906592 1.6982106 -29.787304 3.1501198 45.485554 0.8638195991516113 0.18916673958301544
Car 0.0 0 3.486034393310547 74.7858657836914 206.035400390625 182.36813354492188 242.16722106933594 3.9019742 1.5264263 1.6412935 -22.67852 3.1518893 34.069836 2.8987374305725098 0.1544901430606842
Car 0.0 0 1.0760579109191895 846.8009033203125 205.5198974609375 1242.0 375.0 4.037506 1.4345164 1.6032337 2.7899964 1.7331566 4.5241003 1.6286637783050537 0.14091075956821442
Car 0.0 0 1.9873003959655762 256.44012451171875 183.5471649169922 335.6163024902344 221.1942596435547 4.380873 1.5352477 1.6737808 -14.222907 2.0552921 32.8668 1.5788888931274414 0.1308785080909729
