Pedestrian 0.0 0 -1.3074400424957275 735.1848754882812 148.69667053222656 763.60009765625 209.92025756835938 0.7654931 1.8698746 0.6972923 4.3109245 1.1324259 22.530905 -1.1183910369873047 0.2685680091381073
Pedestrian 0.0 0 -1.1459804773330688 229.58450317382812 179.99876403808594 280.8914794921875 274.03790283203125 0.78409535 1.7466297 0.6179837 -6.8541565 1.8882658 13.862275 -1.6051756143569946 0.22129522264003754
Pedestrian 0.0 0 1.4738025665283203 871.9137573242188 131.7409210205078 927.0263061523438 272.81768798828125 1.0039129 1.8865703 0.6234834 4.023653 1.3371372 10.214404 1.8490561246871948 0.16715556383132935
Cyclist 0.0 0 -1.9415578842163086 709.65234375 161.51626586914062 737.6069946289062 208.1480712890625 1.7264802 1.729998 0.46046284 4.2977915 1.3097363 27.658207 -1.7874014377593994 0.2501426041126251
Cyclist 0.0 0 -1.6427016258239746 1196.652099609375 102.71611022949219 1242.0 252.80087280273438 1.7408894 1.7377876 0.4620698 7.777363 0.92603934 9.191064 -0.9404251575469971 0.2152819186449051
Cyclist 0.0 0 -0.6342281103134155 0.0 128.52484130859375 137.82208251953125 255.39584350585938 1.7693281 1.7608647 0.56605965 -8.240273 1.1459705 10.940277 -1.2797774076461792 0.18300560116767883
Cyclist 0.0 0 -1.0469298362731934 74.64790344238281 129.45742797851562 146.0431671142578 218.40614318847656 1.652932 1.747888 0.45793596 -10.410871 0.8954809 15.018328 -1.6530848741531372 0.1695292890071869
Car 0.0 0 1.8289189338684082 424.017822265625 181.68576049804688 525.0524291992188 250.65631103515625 3.9291322 1.569987 1.6494406 -3.4760218 1.8272235 18.961647 1.6476134061813354 0.8678516149520874
Car 0.0 0 -1.635549545288086 653.2843627929688 174.80459594726562 727.3055419921875 240.35110473632812 3.443728 1.473055 1.5956962 1.872349 1.5270004 18.068218 -1.5322914123535156 0.8402303457260132
Car 0.0 0 2.3087310791015625 0.0 219.06080627441406 281.79425048828125 375.0 3.7682102 1.4199629 1.5301567 -3.6643455 1.8158652 4.26865 1.5993620157241821 0.6707376837730408
Car 0.0 0 1.8273468017578125 598.9180297851562 173.22589111328125 626.6305541992188 191.46681213378906 3.5728242 1.5467678 1.5733893 0.2509748 1.5806885 63.18862 1.8313186168670654 0.24011695384979248
Car 0.0 0 -2.4945218563079834 354.4795837402344 170.453369140625 474.15576171875 216.80062866210938 4.033347 1.6001195 1.6802912 -7.2118034 1.5175967 26.43747 -2.7608296871185303 0.16960002481937408
