Pedestrian 0.0 0 -0.17765578627586365 708.1651000976562 130.54107666015625 744.0795288085938 200.4215087890625 0.87490386 1.8817939 0.6086106 3.122321 0.7427171 19.740707 -0.020788658410310745 0.3703141510486603
Pedestrian 0.0 0 1.197139024734497 961.8621215820312 66.68550872802734 1079.171875 311.3478698730469 0.7365405 1.7820336 0.5634852 3.129759 1.009098 5.654791 1.7026426792144775 0.33543017506599426
Cyclist 0.0 0 -0.23282448947429657 709.49755859375 132.3075408935547 747.3025512695312 202.31703186035156 0.9064031 1.8818679 0.59165823 3.1817744 0.7923298 19.72035 -0.07285834848880768 0.1022932380437851
Car 0.0 0 -1.8626630306243896 740.0978393554688 175.47764587402344 973.1366577148438 327.8367919921875 3.9680774 1.525157 1.6404728 2.795761 1.566461 9.273221 -1.569841980934143 0.9131460785865784
Car 0.0 0 1.796689748764038 347.0814208984375 188.0994415283203 465.1873779296875 269.6466979980469 4.066784 1.5017023 1.6493117 -4.4373345 1.8864701 16.123922 1.5281357765197754 0.896527111530304
Car 0.0 0 1.7646280527114868 423.2659606933594 176.3853759765625 500.59326171875 239.63845825195312 3.6994247 1.71022 1.5759484 -4.373874 1.8252262 21.56769 1.5645439624786377 0.8355726599693298
Car 0.0 0 -1.7744221687316895 702.6218872070312 176.6246795654297 812.0234985351562 257.46392822265625 3.4745455 1.51656 1.5883489 2.9726644 1.6067767 15.44431 -1.5842711925506592 0.8217918276786804
Car 0.0 0 0.7060046195983887 0.0 199.051025390625 185.77020263671875 303.5865783691406 4.0540953 1.4741726 1.6285337 -9.293781 1.9224994 11.47073 0.025064706802368164 0.7491185069084167
Car 0.0 0 -1.7068796157836914 673.7892456054688 174.6617431640625 738.67822265625 223.67430114746094 3.8527339 1.4923286 1.6141167 3.0755436 1.5577737 24.042597 -1.5796499252319336 0.7226137518882751
Car 0.0 0 1.741368055343628 466.8070983886719 178.00689697265625 531.7548828125 226.34263610839844 4.302379 1.6326312 1.6916999 -4.09065 1.8413025 26.998604 1.5909982919692993 0.6728401184082031
Car 0.0 0 -1.6717033386230469 531.0422973632812 177.81185913085938 553.9353637695312 195.83555603027344 3.8214564 1.474317 1.5819045 -5.8656297 1.9157525 62.161495 -1.7657859325408936 0.3487936556339264
