Pedestrian 0.0 0 1.0304419994354248 52.4927978515625 145.77186584472656 97.53424072265625 213.26258850097656 0.9968835 1.8627024 0.59271806 -15.154067 1.1156102 20.37519 0.39095234870910645 0.3841521739959717
Pedestrian 0.0 0 1.9262540340423584 0.0 154.76007080078125 152.42599487304688 375.0 1.2639934 1.6119357 0.5815515 -3.029087 1.5327352 3.8603969 1.2609388828277588 0.3604367673397064
Cyclist 0.0 0 1.9262540340423584 0.0 154.76007080078125 152.42599487304688 375.0 1.2639934 1.6119357 0.5815515 -3.029087 1.5327352 3.8603969 1.2609388828277588 0.4278470575809479
Cyclist 0.0 0 -1.1154682636260986 0.0 187.6609344482422 48.89353942871094 263.1787109375 1.5912162 1.6237663 0.33562642 -13.608159 1.9824061 16.643295 -1.8008707761764526 0.3058514893054962
Cyclist 0.0 0 0.9401074051856995 52.61616516113281 144.19418334960938 102.21504211425781 211.617919921875 1.090429 1.8629457 0.59897405 -15.089702 1.0714213 20.38209 0.30281662940979004 0.17653657495975494
Car 0.0 0 -1.739112377166748 663.0755004882812 180.4112091064453 760.3046264648438 249.26611328125 4.1852765 1.4250531 1.6168092 2.28149 1.6311581 17.518866 -1.6096107959747314 0.8835744261741638
Car 0.0 0 -2.6187450885772705 51.41342544555664 188.2220458984375 349.1845397949219 283.500244140625 3.981022 1.4153259 1.5825301 -6.594499 1.6844004 11.796374 -3.128492832183838 0.8404693603515625
Car 0.0 0 -2.63271427154541 184.65936279296875 188.6229248046875 405.136474609375 268.2569274902344 3.7795906 1.4546988 1.5897244 -6.311443 1.7943541 14.543902 -3.0421478748321533 0.8145540356636047
Car 0.0 0 -1.6505520343780518 638.062255859375 176.4647674560547 680.02392578125 211.35874938964844 3.7158828 1.4700576 1.5912427 2.1259296 1.6431807 32.65145 -1.5855339765548706 0.6288483142852783
Car 0.0 0 0.18331505358219147 420.56488037109375 176.16908264160156 504.4972229003906 206.9034881591797 3.866605 1.4866213 1.6045145 -7.330258 1.6558497 35.9155 -0.018017124384641647 0.5951570868492126
Car 0.0 0 0.41995179653167725 270.44683837890625 182.89678955078125 431.8815002441406 241.0076446533203 3.8369508 1.4859456 1.5931944 -7.0482965 1.7738302 19.71392 0.07658553123474121 0.5139880180358887
Car 0.0 0 0.31559717655181885 387.33197021484375 180.7333526611328 498.5274658203125 221.18360900878906 4.0475664 1.550268 1.6564617 -6.7181735 1.8787898 29.044786 0.08829069137573242 0.4753657281398773
