Pedestrian 0.0 0 -1.2894165515899658 344.1307373046875 154.6669464111328 361.7389221191406 193.3192901611328 0.6314427 1.9122252 0.68048716 -12.871125 1.0128254 36.029583 -1.6325246095657349 0.17212580144405365
Cyclist 0.0 0 -1.9004836082458496 881.0720825195312 149.18789672851562 954.5217895507812 250.175537109375 2.0468462 1.742045 0.62132406 5.6493483 1.3341606 13.485766 -1.5037808418273926 0.887744665145874
Cyclist 0.0 0 -1.7153302431106567 811.58837890625 177.61871337890625 825.6771850585938 218.86947631835938 1.6298676 1.6883568 0.33863738 8.785413 1.8959632 30.551296 -1.4353225231170654 0.22804422676563263
Cyclist 0.0 0 -0.03902876377105713 434.00115966796875 162.08828735351562 457.1711120605469 196.87623596191406 1.1947178 1.853538 0.5886164 -8.898561 1.2802877 38.881527 -0.2640174329280853 0.17494827508926392
Cyclist 0.0 0 -0.07909297943115234 404.4513244628906 181.50509643554688 442.2568664550781 218.65296936035156 1.7784088 1.8105392 0.728941 -9.376964 2.2513223 36.09526 -0.3332585096359253 0.16296277940273285
Car 0.0 0 -1.6315022706985474 572.6112670898438 177.19766235351562 680.0747680664062 274.0311584472656 3.869717 1.4580991 1.648859 0.10231367 1.5487177 13.014978 -1.6236412525177002 0.8018673658370972
Car 0.0 0 1.562754511833191 596.7882690429688 168.68414306640625 619.8847045898438 189.87513732910156 4.033054 1.4907637 1.6251698 -0.16839334 1.197776 52.78216 1.559564232826233 0.4546250104904175
Car 0.0 0 2.2772834300994873 0.0 18.87374496459961 291.7693786621094 375.0 3.8852592 1.5485228 1.5881213 -3.6577547 1.0296283 4.3815804 1.5816786289215088 0.21512870490550995
Car 0.0 0 1.633633017539978 405.09295654296875 182.9675750732422 440.5635986328125 213.44374084472656 3.6411211 1.4551742 1.5685277 -9.761935 2.0107253 37.670475 1.380070447921753 0.18022508919239044
Car 0.0 0 1.326202392578125 580.2254028320312 178.77102661132812 637.2756958007812 215.23768615722656 3.9550774 1.4625663 1.5848017 -0.16343452 1.7404987 31.733353 1.3210521936416626 0.1563011109828949
Car 0.0 0 2.927917242050171 0.0 74.90605163574219 154.72084045410156 337.4612121582031 3.8433487 1.5657444 1.5868858 -6.518076 0.98199093 6.3502088 2.1294748783111572 0.15284155309200287
