Pedestrian 0.0 0 1.5273101329803467 1005.99560546875 122.93800354003906 1039.170654296875 204.25582885742188 0.8036311 1.884658 0.65078664 9.790571 0.7281407 17.225903 2.044142484664917 0.386330246925354
Car 0.0 0 -1.8359414339065552 702.3942260742188 188.57708740234375 821.4973754882812 272.4882507324219 3.3842297 1.4721574 1.5639609 2.9846623 1.8385245 15.051262 -1.6401811838150024 0.8867871165275574
Car 0.0 0 3.473132848739624 200.05950927734375 178.03070068359375 419.9255676269531 259.1153259277344 3.8350236 1.5436314 1.6345118 -6.055194 1.6566726 14.777417 3.0842411518096924 0.8197498321533203
Car 0.0 0 0.5624772310256958 0.0 181.7217254638672 311.8213806152344 296.564453125 3.709394 1.4624499 1.5703937 -6.406573 1.5966641 10.098187 -0.0028730779886245728 0.745902955532074
Car 0.0 0 0.5588899850845337 0.0 196.0369415283203 266.94085693359375 363.8889465332031 4.014797 1.4514408 1.6158217 -6.040937 1.7278819 7.5560365 -0.11553679406642914 0.7009580731391907
Car 0.0 0 0.4933662414550781 129.15452575683594 189.3216094970703 399.47369384765625 283.07232666015625 3.9782033 1.4821881 1.6307328 -5.977865 1.7921133 12.643998 0.05172848701477051 0.6681609749794006
Car 0.0 0 3.3721253871917725 281.7033996582031 177.30462646484375 449.3197326660156 238.78134155273438 4.051442 1.576721 1.6833603 -6.597173 1.704801 19.677498 3.0486373901367188 0.6521974802017212
Car 0.0 0 0.18338726460933685 445.7278747558594 179.26193237304688 524.7868041992188 209.13772583007812 3.9275877 1.546313 1.6625427 -6.6598783 1.896788 38.56515 0.012382268905639648 0.616737961769104
Car 0.0 0 2.837074041366577 696.8251342773438 179.23507690429688 796.1189575195312 214.6495361328125 4.1252317 1.5389956 1.670056 6.1275573 1.8391107 32.816376 3.0216708183288574 0.598253071308136
Car 0.0 0 2.803562641143799 774.2188720703125 186.73570251464844 908.4296875 237.51446533203125 3.6587083 1.4894978 1.5985522 7.096077 1.9390931 22.489445 3.1092047691345215 0.49987706542015076
Car 0.0 0 3.084352731704712 468.2958068847656 174.5367431640625 539.7865600585938 201.92501831054688 4.1697965 1.5969762 1.6990786 -6.4388 1.7016659 43.478256 2.937328815460205 0.3848179578781128
