Pedestrian 0.0 0 2.034090042114258 254.23756408691406 143.22703552246094 287.9734191894531 210.0642547607422 0.7449746 1.8805872 0.60734844 -9.752217 1.0473367 20.678288 1.5934062004089355 0.4263308644294739
Pedestrian 0.0 0 -3.5543181896209717 1207.9385986328125 128.4640655517578 1242.0 213.19412231445312 0.79182345 1.7483857 0.566691 13.22519 0.83276707 15.27398 -2.840686082839966 0.2626115381717682
Pedestrian 0.0 0 -1.4962658882141113 493.0308532714844 137.76492309570312 519.421142578125 217.20909118652344 1.2698234 1.7740217 0.5172978 -2.4487216 0.990826 16.761057 -1.6413354873657227 0.1286935955286026
Cyclist 0.0 0 -1.7143030166625977 1204.2667236328125 165.61029052734375 1242.0 240.44105529785156 1.7570162 1.619035 0.44665313 13.953214 1.4626683 16.47155 -1.0114891529083252 0.38170233368873596
Cyclist 0.0 0 -1.816256046295166 988.8275756835938 175.76524353027344 1046.2366943359375 288.6972961425781 1.5712101 1.6239084 0.3990409 6.256239 1.6728373 11.224866 -1.3077833652496338 0.23112301528453827
Cyclist 0.0 0 -1.4962658882141113 493.0308532714844 137.76492309570312 519.421142578125 217.20909118652344 1.2698234 1.7740217 0.5172978 -2.4487216 0.990826 16.761057 -1.6413354873657227 0.19549274444580078
Car 0.0 0 -1.9557243585586548 753.6124267578125 174.96731567382812 1019.108154296875 329.77618408203125 3.5915692 1.4270784 1.5971221 2.8952446 1.4578372 8.537881 -1.628787636756897 0.9313395619392395
Car 0.0 0 -1.6788883209228516 672.1656494140625 174.62838745117188 739.2448120117188 227.5559539794922 3.5997825 1.4409702 1.5872238 2.7313352 1.4988562 21.576714 -1.5529708862304688 0.8728817105293274
Car 0.0 0 -1.2100951671600342 119.24823760986328 180.9966278076172 435.1651916503906 368.65545654296875 4.1550894 1.434156 1.596223 -3.1910462 1.546174 7.7927055 -1.5987569093704224 0.8616100549697876
Car 0.0 0 -2.2912628650665283 947.08544921875 178.11758422851562 1242.0 375.0 3.9347303 1.4533759 1.5968848 3.2594936 1.4938922 3.5136776 -1.5433752536773682 0.6467489004135132
Car 0.0 0 -1.621117353439331 628.9861450195312 172.4772186279297 658.2039794921875 199.78831481933594 4.119813 1.7021301 1.688698 2.1171496 1.6790051 47.030598 -1.5761313438415527 0.6149985194206238
