Pedestrian 0.0 0 1.1292237043380737 548.3369750976562 141.73953247070312 638.2898559570312 309.94140625 0.9378292 1.7003046 0.6349693 -0.19541015 1.3101795 7.704013 1.1038644313812256 0.735072910785675
Pedestrian 0.0 0 -1.6887620687484741 838.4376831054688 173.3080596923828 870.7029418945312 243.79493713378906 0.8091623 1.7335408 0.6750775 6.2552233 1.5582612 17.852324 -1.3517425060272217 0.30498552322387695
Pedestrian 0.0 0 -1.8452061414718628 840.4291381835938 144.99478149414062 892.1448974609375 248.41961669921875 0.936773 1.7639846 0.62632525 4.575646 1.1600652 12.544879 -1.4954588413238525 0.21492762863636017
Pedestrian 0.0 0 -2.0637831687927246 1115.2869873046875 192.40283203125 1224.0 370.0 0.6752795 1.6692829 0.66344255 4.326213 1.767038 5.305968 -1.3797531127929688 0.13834592700004578
Pedestrian 0.0 0 -1.6284091472625732 527.9151611328125 168.9334716796875 565.3153076171875 266.7396545410156 0.83115375 1.7495749 0.63990045 -1.13525 1.5443128 13.100051 -1.7148531675338745 0.12697084248065948
Cyclist 0.0 0 -2.293781042098999 1147.3740234375 166.7689208984375 1224.0 267.7538757324219 1.5970274 1.6096865 0.4672329 10.08142 1.3924699 12.069841 -1.597908616065979 0.12592174112796783
Car 0.0 0 1.7015972137451172 0.0 190.40049743652344 112.5535659790039 298.9396057128906 3.9721375 1.5039464 1.6006953 -9.746305 1.7073891 12.292787 1.0312328338623047 0.5854150652885437
Car 0.0 0 1.781531572341919 58.601844787597656 188.98683166503906 134.43653869628906 232.71340942382812 3.673859 1.4512938 1.5479296 -18.785461 1.7915974 26.228401 1.1599985361099243 0.176631897687912
Car 0.0 0 1.3675024509429932 1183.791748046875 200.44178771972656 1224.0 370.0 3.7938547 1.4784559 1.5836538 5.9508133 1.7008995 5.8070526 2.1651268005371094 0.1523076891899109
Car 0.0 0 -1.2694228887557983 484.650390625 143.6276397705078 582.1798095703125 208.67713928222656 4.2358108 1.7309321 1.698223 -2.0342913 0.7513626 21.055655 -1.365738868713379 0.13484691083431244
