Pedestrian 0.0 0 -0.9847234487533569 780.9874267578125 164.55577087402344 815.6510620117188 228.62960815429688 0.78216165 1.7962016 0.637915 5.362727 1.5639329 20.722942 -0.7314964532852173 0.5698090195655823
Pedestrian 0.0 0 2.222609519958496 130.9838104248047 173.6637420654297 170.2604522705078 230.30953979492188 0.9232365 1.7985396 0.64870644 -14.938324 1.825717 23.407606 1.6545867919921875 0.3534277081489563
Pedestrian 0.0 0 2.151379346847534 231.30795288085938 185.394775390625 258.1060485839844 228.10379028320312 0.8614287 1.7209048 0.6170851 -15.124787 2.247363 29.804379 1.681774616241455 0.255160927772522
Pedestrian 0.0 0 -1.7796813249588013 984.9237060546875 146.62391662597656 1027.2159423828125 234.67120361328125 0.91435254 1.8434926 0.62431365 8.51644 1.2946575 15.631816 -1.2808279991149902 0.23698671162128448
Pedestrian 0.0 0 -1.8402243852615356 708.1318969726562 166.5517120361328 722.688720703125 197.5446319580078 0.80108166 1.8497895 0.6788076 6.3187284 1.4739999 43.50151 -1.6959800720214844 0.2138596773147583
Cyclist 0.0 0 2.147005081176758 130.52159118652344 174.28294372558594 169.0305938720703 231.2855987548828 0.9591433 1.8063568 0.6320566 -14.939659 1.8539536 23.368122 1.5781757831573486 0.12744654715061188
Car 0.0 0 1.94581937789917 286.5225524902344 186.54034423828125 370.0748291015625 229.9344940185547 4.2125134 1.5151771 1.6554192 -11.100462 2.0987341 28.632719 1.575974702835083 0.7737675905227661
Car 0.0 0 1.586914300918579 600.2244873046875 175.7756805419922 626.9934692382812 201.26593017578125 3.961251 1.5341021 1.6288561 0.22798532 1.7283272 45.877407 1.591883659362793 0.4269867539405823
Car 0.0 0 2.176560878753662 0.0 183.45729064941406 107.33940124511719 248.64425659179688 4.042947 1.5219088 1.6035454 -15.795271 1.8407054 19.592115 1.4980475902557373 0.2399580180644989
Car 0.0 0 -0.66722571849823 758.2509155273438 169.18821716308594 831.5932006835938 196.5880126953125 3.9925134 1.5411389 1.6387188 10.769322 1.33531 42.13882 -0.4170137345790863 0.17529873549938202
