Pedestrian 0.0 0 2.1490249633789062 852.52001953125 96.68182373046875 937.0930786132812 258.5227966308594 0.8613345 1.8831407 0.59763277 3.454876 0.99717844 8.886631 2.519814968109131 0.35340389609336853
Pedestrian 0.0 0 1.85111665725708 287.9771423339844 181.26405334472656 301.6136779785156 209.661376953125 0.7081144 1.8309848 0.6465997 -20.624657 2.3854923 47.146774 1.4387428760528564 0.24644194543361664
Cyclist 0.0 0 -2.170694589614868 1032.6063232421875 187.5758056640625 1081.3892822265625 234.0580291748047 1.786279 1.724051 0.74178153 17.427677 2.3193228 28.245258 -1.6178597211837769 0.19540667533874512
Cyclist 0.0 0 2.702044725418091 247.1569366455078 183.02708435058594 279.2410888671875 212.58468627929688 1.7245649 1.7544397 0.4991572 -21.277061 2.3899624 44.220634 2.253584861755371 0.18011079728603363
Car 0.0 0 2.0345072746276855 128.51174926757812 192.74356079101562 257.780517578125 253.09800720214844 4.298966 1.555037 1.6908969 -12.691943 2.2285829 22.22581 1.5156501531600952 0.8714589476585388
Car 0.0 0 1.5797393321990967 573.9682006835938 179.66603088378906 611.680908203125 215.35406494140625 4.061858 1.5108378 1.6375996 -0.81797665 1.8455291 33.366764 1.5552295446395874 0.67162024974823
Car 0.0 0 1.8148549795150757 343.48431396484375 186.3482208251953 394.59429931640625 218.78933715820312 4.126725 1.5799415 1.6738364 -12.994204 2.3498726 39.024563 1.4934269189834595 0.657840371131897
Car 0.0 0 -0.49177730083465576 1041.724365234375 185.43617248535156 1164.15234375 227.07447814941406 3.5984502 1.5277408 1.6067547 19.041367 2.03456 28.05408 0.10453581809997559 0.20478419959545135
Car 0.0 0 1.4897875785827637 542.564208984375 183.42605590820312 569.872314453125 205.632568359375 4.068916 1.4875895 1.6509755 -3.9772954 2.2886517 52.506615 1.414183497428894 0.16056431829929352
Car 0.0 0 1.3928158283233643 654.1524047851562 183.187255859375 690.6619873046875 208.18301391601562 4.1857367 1.5073498 1.6689214 4.023343 2.2183533 47.45779 1.4773908853530884 0.1483244001865387
