Pedestrian 0.0 0 1.8628017902374268 274.0727844238281 177.22705078125 319.97344970703125 265.7596435546875 0.7214152 1.762615 0.68472606 -6.33419 1.6990818 14.471092 1.4502123594284058 0.4009028375148773
Pedestrian 0.0 0 -0.03292578458786011 994.64990234375 106.9630126953125 1066.77099609375 245.46478271484375 0.8319506 1.8261333 0.5584911 5.810637 0.8582278 9.762798 0.5039432048797607 0.3728497624397278
Pedestrian 0.0 0 3.647317886352539 111.63392639160156 116.4162826538086 216.44017028808594 253.23277282714844 1.0587164 1.8306924 0.63597953 -6.13822 0.97488296 9.801768 3.0878303050994873 0.31941482424736023
Pedestrian 0.0 0 -1.2661939859390259 116.50982666015625 150.770751953125 136.8915557861328 190.91970825195312 0.6072206 1.9503604 0.67945236 -23.507208 0.507609 34.730316 -1.8612133264541626 0.22824221849441528
Pedestrian 0.0 0 -1.6345641613006592 790.9486083984375 162.59938049316406 805.3085327148438 196.5789031982422 0.6781264 1.7933083 0.69592917 10.286877 0.84999394 37.71247 -1.3682712316513062 0.2255605161190033
Pedestrian 0.0 0 -0.1404881626367569 773.307861328125 155.11839294433594 795.8840942382812 188.34085083007812 1.1870351 1.8906296 0.5687391 10.29527 0.4475928 40.57859 0.10798096656799316 0.13839447498321533
Pedestrian 0.0 0 -1.9564366340637207 877.4507446289062 151.89944458007812 903.8069458007812 190.48361206054688 1.7863702 1.7827327 0.5231403 13.524713 0.46273506 33.55717 -1.5733166933059692 0.12992063164710999
Cyclist 0.0 0 -1.9778752326965332 877.6316528320312 151.0740966796875 904.4755859375 189.343505859375 1.7515496 1.7659599 0.5255767 13.523358 0.4095427 33.503834 -1.5942381620407104 0.43280789256095886
Cyclist 0.0 0 -1.779184341430664 984.9547119140625 143.474609375 1024.50732421875 216.80902099609375 1.9330875 1.8062578 0.50072795 10.344871 0.8959038 18.40713 -1.2671722173690796 0.37227943539619446
Cyclist 0.0 0 -0.1404881626367569 773.307861328125 155.11839294433594 795.8840942382812 188.34085083007812 1.1870351 1.8906296 0.5687391 10.29527 0.4475928 40.57859 0.10798096656799316 0.21796458959579468
Cyclist 0.0 0 3.602843761444092 109.66580963134766 115.95032501220703 217.27972412109375 252.7711944580078 1.0956184 1.8277185 0.6463639 -6.151764 0.96710515 9.815656 3.043001651763916 0.13611452281475067
Car 0.0 0 -0.799915611743927 0.0 212.61566162109375 293.33319091796875 370.0 4.0047693 1.4250207 1.6009934 -3.229508 1.6707851 3.36131 -1.5653185844421387 0.7424986958503723
Car 0.0 0 1.6893211603164673 432.0947570800781 174.51141357421875 466.57855224609375 201.26597595214844 3.808059 1.514758 1.5628909 -9.204904 1.1770895 41.99679 1.4735521078109741 0.5296948552131653
