Pedestrian 0.0 0 -0.5844175815582275 877.4208374023438 159.03604125976562 948.7682495117188 262.06414794921875 1.0476724 1.8362974 0.60699713 5.5074263 1.590374 13.254661 -0.19061358273029327 0.2966899573802948
Pedestrian 0.0 0 -1.2672475576400757 770.810302734375 149.41519165039062 803.032958984375 221.6834259033203 0.7468239 1.8611277 0.6340054 4.630091 1.2578651 19.062456 -1.0289711952209473 0.28969860076904297
Pedestrian 0.0 0 -2.038001775741577 1149.594482421875 144.24659729003906 1242.0 296.35906982421875 0.8023643 1.6894569 0.61845946 6.8404627 1.3720828 8.468427 -1.3585466146469116 0.2610386610031128
Pedestrian 0.0 0 -1.5123597383499146 165.50588989257812 189.35552978515625 219.4447021484375 320.8531494140625 0.705663 1.7248969 0.6112779 -5.841438 1.9650247 10.028441 -2.0398025512695312 0.15734708309173584
Pedestrian 0.0 0 -1.8601689338684082 742.830078125 160.0316925048828 773.0818481445312 215.4150848388672 1.6120672 1.788312 0.5494389 4.8856807 1.374642 24.12285 -1.6603386402130127 0.13852187991142273
Cyclist 0.0 0 -1.9094512462615967 737.2874145507812 160.9256591796875 771.3760986328125 216.63795471191406 1.8526381 1.7918934 0.5287488 4.767298 1.4085964 24.158957 -1.7146238088607788 0.28846418857574463
Cyclist 0.0 0 -1.0624629259109497 82.43138885498047 133.39859008789062 155.13856506347656 225.14129638671875 1.6344403 1.7630966 0.49289393 -10.018004 1.0052066 14.699689 -1.6606723070144653 0.19334420561790466
Cyclist 0.0 0 -0.5844175815582275 877.4208374023438 159.03604125976562 948.7682495117188 262.06414794921875 1.0476724 1.8362974 0.60699713 5.5074263 1.590374 13.254661 -0.19061358273029327 0.14287029206752777
Cyclist 0.0 0 -1.0822515487670898 5.21162748336792 143.28912353515625 142.7765350341797 324.92877197265625 1.5913509 1.7884012 0.52723414 -5.8672786 1.4976672 7.9273605 -1.7194058895111084 0.1245313212275505
Car 0.0 0 1.8737834692001343 391.3209228515625 185.8720703125 520.9933471679688 270.80816650390625 3.8941345 1.5281954 1.637523 -3.2140238 1.8468027 15.617397 1.6708195209503174 0.8941261768341064
Car 0.0 0 -1.6630455255508423 673.9071655273438 176.44894409179688 766.159423828125 253.44439697265625 3.605605 1.4704915 1.6330563 2.2404735 1.5587025 15.789759 -1.522092342376709 0.8115058541297913
Car 0.0 0 1.4959359169006348 704.9650268554688 162.0736846923828 744.556884765625 196.43850708007812 3.8100526 1.6055415 1.6413311 5.5822177 1.1022376 35.67261 1.651161789894104 0.1349955052137375
