Pedestrian 0.0 0 -0.029044628143310547 396.9372863769531 149.38304138183594 485.99420166015625 299.5070495605469 1.007901 1.7145244 0.4867761 -2.002528 1.3608311 8.435693 -0.2621179223060608 0.7038682699203491
Pedestrian 0.0 0 -1.5906808376312256 839.3175659179688 172.76760864257812 867.2267456054688 242.65394592285156 0.87021667 1.7205307 0.64705807 6.245378 1.5317645 17.915886 -1.2552587985992432 0.243465393781662
Pedestrian 0.0 0 0.24196943640708923 446.03887939453125 162.14540100097656 500.2641906738281 247.73858642578125 1.0064179 1.7689553 0.6346337 -2.8191636 1.3912443 14.9524145 0.05561470985412598 0.1375671625137329
Pedestrian 0.0 0 -3.126138925552368 758.1044311523438 171.01681518554688 789.7153930664062 257.83209228515625 0.60644567 1.703663 0.6147287 3.363688 1.5191957 14.242412 -2.894214630126953 0.12064598500728607
Pedestrian 0.0 0 -1.986119270324707 1117.76220703125 186.625 1224.0 370.0 0.6670248 1.661885 0.6537675 4.3227863 1.7131518 5.307852 -1.3026511669158936 0.11868292838335037
Pedestrian 0.0 0 0.706432044506073 1127.8690185546875 137.84463500976562 1204.9700927734375 250.82809448242188 0.76175046 1.7685516 0.6193977 9.070018 1.1025158 11.496587 1.374387264251709 0.11492636799812317
Pedestrian 0.0 0 3.029898166656494 637.57177734375 170.38772583007812 693.1078491210938 269.2957458496094 0.9503167 1.770882 0.6166073 1.0527638 1.5914704 12.977027 3.1108460426330566 0.11029747128486633
Pedestrian 0.0 0 -0.8784597516059875 984.5611572265625 192.04185485839844 1122.3924560546875 370.0 0.66382647 1.6237944 0.5795501 3.277901 1.717869 5.2734065 -0.3223157525062561 0.10972198098897934
Pedestrian 0.0 0 -1.2551794052124023 486.0772705078125 164.05372619628906 533.5008544921875 263.4095458984375 0.9513809 1.7812318 0.61509484 -1.8068044 1.488028 13.193823 -1.3912760019302368 0.10734377056360245
Cyclist 0.0 0 -2.1829798221588135 0.0 177.45188903808594 71.54579162597656 261.2689514160156 1.8386756 1.6169071 0.6546 -11.782307 1.5597392 14.191873 -2.8758749961853027 0.18461856245994568
Cyclist 0.0 0 -1.4222584962844849 76.08598327636719 154.63702392578125 124.46907043457031 251.94737243652344 1.7033656 1.696388 0.49150753 -9.433471 1.2471701 13.191091 -2.0430731773376465 0.11898486316204071
Cyclist 0.0 0 -1.1185693740844727 76.58033752441406 196.81150817871094 116.71392822265625 252.5152130126953 1.5727423 1.6369629 0.3684712 -15.866926 2.1659448 22.051332 -1.7422926425933838 0.10700127482414246
Car 0.0 0 1.6993515491485596 52.87388610839844 186.6388702392578 121.53821563720703 230.30813598632812 3.8234832 1.4525222 1.5695738 -19.075823 1.6988755 26.143103 1.0689895153045654 0.16467265784740448
Car 0.0 0 3.7791380882263184 0.0 194.7266082763672 126.80238342285156 245.5600128173828 3.535226 1.4798638 1.5863932 -17.153215 1.9388794 21.889933 3.1144700050354004 0.12997610867023468
