Car 0.0 0 2.1413283348083496 0.0 204.3474578857422 275.8116149902344 355.0552978515625 3.490308 1.425293 1.5007485 -5.9245634 1.9079322 9.299061 1.5740649700164795 0.9052643179893494
Car 0.0 0 1.9310193061828613 244.86056518554688 193.75717163085938 395.5378723144531 277.5211486816406 4.096182 1.4223744 1.6035618 -5.995732 1.9266787 15.334568 1.558300256729126 0.8951327800750732
Car 0.0 0 1.8620750904083252 377.2326354980469 188.1987762451172 467.8615417480469 244.45042419433594 4.143979 1.5231892 1.6401962 -5.838479 2.052928 22.786198 1.6112427711486816 0.8757877945899963
Car 0.0 0 -0.6719990372657776 998.8031005859375 150.76649475097656 1235.787841796875 231.47613525390625 3.4946873 1.4321821 1.5221232 9.4608 1.0406001 13.676915 -0.06684167683124542 0.8073013424873352
Car 0.0 0 -1.7766549587249756 701.5170288085938 177.74014282226562 805.2683715820312 246.7880859375 3.963081 1.4253163 1.6058918 3.2224953 1.5555035 17.17171 -1.5911495685577393 0.805793821811676
Car 0.0 0 1.8127411603927612 431.957275390625 185.27731323242188 494.1565246582031 227.44583129882812 3.7604406 1.5020047 1.5705202 -5.815465 2.0300956 28.735918 1.6130619049072266 0.7365800738334656
Car 0.0 0 -1.7068877220153809 680.044677734375 174.39210510253906 749.6636352539062 229.20411682128906 3.9143646 1.5663859 1.6258917 3.1566145 1.6192852 22.685822 -1.568630576133728 0.729692280292511
Car 0.0 0 1.4676417112350464 663.5856323242188 176.0347900390625 707.06494140625 211.67051696777344 3.7583513 1.4973015 1.5583655 3.299778 1.649368 32.53052 1.5687322616577148 0.7037850022315979
Car 0.0 0 2.4990813732147217 903.6536254882812 158.2000274658203 1109.32470703125 228.30032348632812 3.8696296 1.4698225 1.5918125 8.778394 1.1629243 16.194576 2.9958064556121826 0.6597670316696167
Car 0.0 0 2.434441089630127 1042.2044677734375 135.65066528320312 1242.0 244.48367309570312 3.7815197 1.5548884 1.6160069 9.003037 1.0237252 11.167657 3.1129331588745117 0.6312278509140015
