Pedestrian 0.0 0 3.089334011077881 500.0827331542969 162.615234375 523.54345703125 213.00050354003906 0.8301655 1.841769 0.6039083 -3.6871417 1.4678618 26.746784 2.952343702316284 0.25177818536758423
Pedestrian 0.0 0 -1.819230079650879 903.7943725585938 117.75360870361328 958.3897094726562 226.85203552246094 0.95090497 1.8268031 0.65345067 5.5372596 0.90453017 12.601871 -1.405226230621338 0.15558186173439026
Pedestrian 0.0 0 -1.264879584312439 175.28042602539062 115.58953857421875 246.73907470703125 261.9606628417969 0.7229101 1.8158844 0.62511814 -5.2138658 1.1058177 9.3654995 -1.7728596925735474 0.14592094719409943
Pedestrian 0.0 0 -0.8712904453277588 0.0 107.66279602050781 85.86112976074219 321.1198425292969 0.75702447 1.7431356 0.6339272 -5.205386 1.2111284 6.2700877 -1.5641728639602661 0.13185089826583862
Car 0.0 0 -1.6936994791030884 658.3262329101562 173.4989471435547 716.974365234375 219.01510620117188 3.526262 1.4307163 1.5425063 2.52173 1.4545715 24.506329 -1.5911592245101929 0.8733396530151367
Car 0.0 0 -1.9347707033157349 753.0006103515625 162.35519409179688 1094.2686767578125 366.1036682128906 4.2757306 1.516013 1.633057 2.711763 1.4382534 7.5179925 -1.5885928869247437 0.8422085046768188
Car 0.0 0 -0.8778862953186035 0.0 204.81163024902344 292.98455810546875 375.0 3.928168 1.4180945 1.5744673 -3.0198827 1.6500077 3.2169385 -1.6316994428634644 0.7258617877960205
Car 0.0 0 -1.3444730043411255 655.609619140625 174.16656494140625 713.4262084960938 212.26007080078125 3.7864838 1.480748 1.6010284 3.1429653 1.5398444 30.236206 -1.2408978939056396 0.2960279583930969
Car 0.0 0 1.6509509086608887 682.6436157226562 165.10345458984375 713.5922241210938 191.5448455810547 3.8372843 1.6024667 1.6485723 5.594959 1.1331072 45.770626 1.7725865840911865 0.13746370375156403
Car 0.0 0 -1.733527660369873 741.65185546875 189.2032012939453 801.3831176757812 232.003662109375 3.9793775 1.4931836 1.6829284 6.310753 2.1911607 28.753492 -1.5174754858016968 0.13292816281318665
