Pedestrian 0.0 0 -0.6296840906143188 897.627197265625 140.79901123046875 971.318359375 270.63714599609375 0.71781594 1.7516189 0.61279386 4.480993 1.3195297 10.106524 -0.21235209703445435 0.418985515832901
Pedestrian 0.0 0 -0.40224123001098633 863.5968627929688 132.50645446777344 924.2958374023438 244.501220703125 0.7448285 1.7805455 0.6016396 4.5725255 1.139439 11.781185 -0.032017119228839874 0.402954638004303
Pedestrian 0.0 0 -1.650553822517395 987.8419799804688 130.8912811279297 1048.3446044921875 271.077392578125 0.7626787 1.7683945 0.6359666 5.3448195 1.2394084 9.5782585 -1.1415772438049316 0.35676828026771545
Pedestrian 0.0 0 -1.7383506298065186 562.9920043945312 155.26475524902344 583.1982421875 204.87518310546875 0.75118345 1.8144405 0.6323246 -1.4196621 1.1714939 26.82225 -1.7912298440933228 0.3441007435321808
Pedestrian 0.0 0 -1.4365575313568115 572.7362670898438 152.20143127441406 587.880859375 191.48976135253906 0.60329145 1.9334601 0.67779773 -1.509955 0.91746217 35.837162 -1.4786664247512817 0.2752595841884613
Pedestrian 0.0 0 -1.9801228046417236 1065.7147216796875 132.1475372314453 1147.4034423828125 275.5724792480469 0.6945489 1.761286 0.6374755 6.2967286 1.2617606 9.258581 -1.3828800916671753 0.24320264160633087
Pedestrian 0.0 0 -1.7612851858139038 1026.50634765625 144.86537170410156 1092.0662841796875 276.02978515625 0.881357 1.7613533 0.62763387 6.2816443 1.3858632 10.209618 -1.2097152471542358 0.2160380780696869
Pedestrian 0.0 0 -2.092434883117676 1098.1187744140625 121.8612289428711 1168.841064453125 234.33058166503906 0.7866387 1.7938018 0.63758254 8.583218 0.9808631 11.928993 -1.468724250793457 0.15922918915748596
Pedestrian 0.0 0 0.8692153692245483 965.6065063476562 138.65574645996094 999.38671875 191.29806518554688 0.9779737 1.9021753 0.62207425 13.6887245 0.66681504 26.615622 1.3442466259002686 0.15210090577602386
Cyclist 0.0 0 -2.0171165466308594 631.4716186523438 152.37559509277344 651.8490600585938 183.22772216796875 1.7556806 1.7923821 0.49680793 1.8353215 0.60302883 42.82051 -1.9742820262908936 0.18124380707740784
Cyclist 0.0 0 -0.9056800007820129 1009.224609375 137.00045776367188 1107.404541015625 275.47119140625 0.9602005 1.7336576 0.6446605 5.8409834 1.2851281 9.499838 -0.3544122576713562 0.10548386722803116
