Pedestrian 0.0 0 -1.7191598415374756 812.4453735351562 178.54685974121094 854.740478515625 271.0185241699219 1.7247341 1.6888157 0.53582543 4.3167152 1.8080902 14.176947 -1.4235904216766357 0.175869420170784
Cyclist 0.0 0 -1.7152613401412964 811.619384765625 180.60269165039062 853.82958984375 273.2894592285156 1.7514163 1.6872122 0.53751254 4.3030915 1.8497095 14.189203 -1.420811653137207 0.6508600115776062
Car 0.0 0 -1.770129919052124 677.1113891601562 176.53822326660156 787.9824829101562 258.07550048828125 3.6702003 1.5665065 1.6755856 2.5122726 1.6575967 15.897577 -1.6133973598480225 0.9177418947219849
Car 0.0 0 1.7686634063720703 424.4495849609375 187.7154083251953 528.1209106445312 270.03399658203125 3.400537 1.494412 1.5303092 -2.78926 1.8479422 15.429635 1.5898219347000122 0.8523669838905334
Car 0.0 0 -1.6953506469726562 666.7941284179688 181.91551208496094 737.9076538085938 239.99606323242188 3.437654 1.4713231 1.5705054 2.4967148 1.7512201 20.534393 -1.574357509613037 0.7519108653068542
Car 0.0 0 -1.7001309394836426 649.2706298828125 175.40771484375 711.390869140625 225.1939697265625 4.1504455 1.6142629 1.6598091 2.3745093 1.7130845 25.7129 -1.6080451011657715 0.6926752328872681
Car 0.0 0 1.5946471691131592 532.6835327148438 181.5039825439453 565.6515502929688 212.58604431152344 4.444019 1.5793341 1.7255868 -3.372309 2.0887756 40.19276 1.5109398365020752 0.6228041648864746
Car 0.0 0 -1.6779916286468506 638.9431762695312 173.2703399658203 678.866455078125 206.51356506347656 4.4294477 1.7504797 1.7482609 2.6360047 1.7753892 40.296795 -1.6126699447631836 0.37490999698638916
Car 0.0 0 0.89644455909729 0.0 0.0 1242.0 375.0 4.1201863 1.4655919 1.6198113 2.186194 1.3445293 1.3685989 1.9079091548919678 0.32599011063575745
Car 0.0 0 1.5753965377807617 630.8177490234375 176.95057678222656 656.2214965820312 201.29336547851562 3.9259741 1.5188308 1.6084006 2.1910567 1.801335 47.69111 1.6213068962097168 0.31878232955932617
