Pedestrian 0.0 0 1.1741448640823364 1103.4769287109375 137.1786651611328 1140.564697265625 198.58106994628906 0.89283544 1.871484 0.6469012 15.90583 0.7844937 22.494987 1.7896089553833008 0.3107501268386841
Pedestrian 0.0 0 -1.2308316230773926 37.33271789550781 175.17489624023438 112.02417755126953 292.6790771484375 0.968517 1.6896771 0.6249861 -8.150211 1.7270494 10.949649 -1.8706974983215332 0.282061904668808
Pedestrian 0.0 0 1.1667115688323975 83.01817321777344 112.7585220336914 164.25950622558594 259.46185302734375 0.7983917 1.8195587 0.61337304 -6.40322 1.0745536 9.420041 0.5697097778320312 0.19744184613227844
Pedestrian 0.0 0 -3.34222674369812 811.5828857421875 148.4436492919922 851.6337890625 206.6598663330078 1.1546587 1.8672562 0.5687915 7.1569014 1.0846646 23.478226 -3.0463433265686035 0.13132211565971375
Pedestrian 0.0 0 1.005387783050537 811.5120239257812 158.56004333496094 832.6945190429688 198.8758087158203 0.80328673 1.8321135 0.59878737 9.732683 1.1828954 33.255745 1.2900986671447754 0.13062237203121185
Pedestrian 0.0 0 -2.291217565536499 1059.109130859375 151.0509490966797 1096.9254150390625 207.48365783691406 0.88297665 1.8036791 0.60122085 15.214586 1.107177 23.53941 -1.7174158096313477 0.1158887967467308
Cyclist 0.0 0 1.8462611436843872 19.12957000732422 170.2392578125 103.0046615600586 295.8150939941406 1.6607472 1.7082316 0.55964285 -8.13549 1.6730205 10.687618 1.1956260204315186 0.21857737004756927
Cyclist 0.0 0 -1.3011152744293213 0.0 142.45648193359375 67.77388763427734 298.84674072265625 1.6856922 1.7217729 0.4788665 -7.206147 1.3874704 8.808717 -1.986777901649475 0.13692358136177063
Cyclist 0.0 0 -1.0751885175704956 23.658449172973633 124.52384948730469 112.7027359008789 239.12933349609375 1.5793953 1.7830458 0.49842286 -9.045899 1.0314772 12.040928 -1.7194972038269043 0.13137297332286835
Cyclist 0.0 0 -0.3326382339000702 813.722900390625 146.68658447265625 860.0606079101562 204.04905700683594 1.329414 1.8469714 0.5658763 7.346809 1.0047846 23.532272 -0.030025413259863853 0.10151785612106323
Car 0.0 0 2.192277193069458 398.9156188964844 175.92303466796875 657.6621704101562 308.502197265625 4.2719574 1.58293 1.7077214 -1.0442715 1.6397376 10.993105 2.0975680351257324 0.8825928568840027
Car 0.0 0 1.0466394424438477 794.2674560546875 193.2553253173828 1242.0 375.0 3.7258222 1.4712899 1.5535241 2.4136732 1.6534134 4.5366974 1.5355838537216187 0.7912912368774414
