Pedestrian 0.0 0 1.7343453168869019 252.45669555664062 181.138916015625 324.107666015625 323.4300231933594 1.6135397 1.6661268 0.6009579 -4.205096 1.784313 9.402348 1.3137898445129395 0.1536734402179718
Pedestrian 0.0 0 -1.668130874633789 657.7696533203125 155.0182342529297 678.3612060546875 208.3707275390625 1.7404575 1.8370395 0.5604451 2.0132887 1.2232745 25.71677 -1.590003252029419 0.12061731517314911
Cyclist 0.0 0 1.745687484741211 251.0043182373047 180.973388671875 326.6238708496094 326.1227111816406 1.6976348 1.6896893 0.61598283 -4.190511 1.8059093 9.395327 1.3261475563049316 0.6495341062545776
Cyclist 0.0 0 -1.6713438034057617 657.8085327148438 153.36599731445312 678.6774291992188 206.80160522460938 1.7281524 1.8350617 0.5641406 2.0138044 1.1661716 25.646095 -1.5929816961288452 0.28401297330856323
Car 0.0 0 -1.7398406267166138 708.286865234375 171.6301727294922 851.8943481445312 276.6905517578125 4.122 1.4865086 1.6348854 2.6395001 1.4695504 12.300111 -1.5284548997879028 0.8480058908462524
Car 0.0 0 2.362588882446289 0.0 209.9331512451172 222.5136260986328 375.0 3.9032242 1.4185184 1.5728188 -3.7012699 1.6977636 3.4509332 1.5422037839889526 0.6964450478553772
Car 0.0 0 -2.810133457183838 298.78167724609375 168.0789794921875 463.7146301269531 236.64047241210938 3.9461324 1.781225 1.6854633 -6.184058 1.6575283 19.637245 -3.1152167320251465 0.6404265761375427
Car 0.0 0 -2.324246883392334 0.0 0.0 1242.0 375.0 3.853869 1.4180309 1.5637349 2.3862832 1.5771183 1.5088174 -1.3172731399536133 0.48566004633903503
Car 0.0 0 1.7871055603027344 543.3876342773438 173.54576110839844 573.9893798828125 194.4443817138672 3.8499537 1.5769333 1.6070265 -4.012385 1.6334921 56.596794 1.71632981300354 0.4253135919570923
Car 0.0 0 1.5137633085250854 652.8781127929688 167.26068115234375 703.3136596679688 213.6781768798828 4.1198936 1.6358042 1.6633091 2.4807026 1.4390475 27.511229 1.6036906242370605 0.23236697912216187
