Pedestrian 0.0 0 -1.8020892143249512 876.7071533203125 161.48358154296875 925.1024169921875 261.3380432128906 0.9560723 1.8124468 0.6409973 5.420851 1.6064214 13.613788 -1.4231455326080322 0.383979856967926
Pedestrian 0.0 0 1.2405081987380981 1054.017333984375 159.80921936035156 1113.4947509765625 257.4952392578125 0.8547193 1.8090618 0.7141574 9.03093 1.5678414 13.861249 1.8179537057876587 0.3521059453487396
Pedestrian 0.0 0 0.9244968891143799 0.0 182.89698791503906 49.47201156616211 266.64093017578125 1.025993 1.7088997 0.61579466 -12.602358 1.927237 15.239713 0.23354244232177734 0.20302405953407288
Cyclist 0.0 0 0.8859685659408569 0.0 180.6833038330078 64.49768829345703 265.6318054199219 1.5363495 1.7310368 0.6214069 -12.504963 1.9017521 15.240827 0.19885730743408203 0.24120205640792847
Cyclist 0.0 0 -1.4341272115707397 469.5229797363281 188.46241760253906 483.173828125 226.99624633789062 1.5710601 1.6350698 0.3883122 -5.9700484 2.345983 32.05056 -1.618286371231079 0.19921787083148956
Cyclist 0.0 0 -1.819010853767395 876.1314697265625 161.0540313720703 926.3442993164062 262.4532470703125 1.0418826 1.8329079 0.63684607 5.4187565 1.6199677 13.597953 -1.4398000240325928 0.11263974756002426
Car 0.0 0 1.6969759464263916 410.2494201660156 184.90530395507812 472.0646057128906 233.2632293701172 3.839432 1.4623272 1.5953416 -5.7633038 1.9101975 24.799742 1.4686353206634521 0.8880746960639954
Car 0.0 0 1.3289767503738403 635.7072143554688 166.65565490722656 714.0663452148438 223.1492919921875 4.0843663 1.7308168 1.6702254 2.0337455 1.5412738 24.251493 1.4126416444778442 0.7615000009536743
Car 0.0 0 1.6708409786224365 446.1967468261719 185.3340606689453 488.7445068359375 221.06285095214844 3.6712403 1.4797996 1.557388 -6.52462 2.085779 33.110485 1.4762778282165527 0.36977723240852356
Car 0.0 0 1.6997873783111572 540.8162841796875 175.49122619628906 568.2981567382812 196.58949279785156 3.9216485 1.5576586 1.6286875 -4.2747607 1.7691735 55.768524 1.623285174369812 0.26941320300102234
Car 0.0 0 1.6670608520507812 292.4858093261719 170.19996643066406 350.8847351074219 217.37818908691406 3.733371 1.5658724 1.5979307 -10.337104 1.4781418 25.960958 1.2881253957748413 0.2291983962059021
