Pedestrian 0.0 0 1.6302177906036377 278.2581481933594 178.30429077148438 317.0367431640625 266.5332336425781 0.69681233 1.7503211 0.69006926 -6.3207273 1.708391 14.467847 1.2183270454406738 0.42781391739845276
Pedestrian 0.0 0 0.5873572826385498 109.80924987792969 111.3823471069336 214.04074096679688 246.9459228515625 1.0511277 1.819691 0.63620114 -6.180384 0.8935856 9.817247 0.0254974365234375 0.3169071078300476
Pedestrian 0.0 0 -1.6515089273452759 493.5188903808594 164.5321044921875 509.085693359375 199.04884338378906 0.8869032 1.8465576 0.76502913 -5.6380033 0.99372244 38.338448 -1.7975211143493652 0.21733208000659943
Pedestrian 0.0 0 -0.037410736083984375 992.3499145507812 113.1781234741211 1055.2652587890625 251.00991821289062 0.7242919 1.823982 0.5722036 5.726408 0.93475807 9.775015 0.49251770973205566 0.21404686570167542
Pedestrian 0.0 0 -0.1415177881717682 775.7283935546875 156.04962158203125 793.465576171875 189.27113342285156 0.903183 1.8887486 0.64619696 10.292117 0.5000509 40.56249 0.10697293281555176 0.20477032661437988
Pedestrian 0.0 0 -1.1428718566894531 115.90731811523438 151.10362243652344 137.0479736328125 191.14659118652344 0.6066726 1.9472339 0.6696327 -23.520071 0.51916796 34.732708 -1.738113284111023 0.20207303762435913
Pedestrian 0.0 0 -1.7474513053894043 583.1140747070312 168.49795532226562 594.3692626953125 193.9192657470703 0.78229976 1.775509 0.665115 -1.144114 0.9385454 49.826992 -1.7704089879989624 0.1901758313179016
Pedestrian 0.0 0 -1.4913227558135986 790.6719970703125 162.05470275878906 805.0169677734375 196.38186645507812 0.69985574 1.8101398 0.6857621 10.281273 0.8388942 37.724533 -1.2252492904663086 0.15178577601909637
Pedestrian 0.0 0 -1.933946967124939 877.9769287109375 154.60302734375 903.562255859375 192.74000549316406 1.8016 1.7628773 0.517286 13.542566 0.56724787 33.584118 -1.5506478548049927 0.12293689697980881
Cyclist 0.0 0 -1.9504214525222778 877.8615112304688 154.2804718017578 904.0849609375 191.8263702392578 1.803539 1.7343736 0.5192705 13.541625 0.52465874 33.558826 -1.5668851137161255 0.5229413509368896
Cyclist 0.0 0 -1.8214147090911865 980.162109375 139.09762573242188 1024.07763671875 212.13450622558594 1.9542053 1.806044 0.52640045 10.32041 0.7838494 18.490738 -1.3123438358306885 0.5012686848640442
Cyclist 0.0 0 3.710643768310547 89.54398345947266 109.99109649658203 217.0920867919922 246.20773315429688 1.3629576 1.8249594 0.63169384 -6.2728186 0.8819896 9.78426 3.1405413150787354 0.1867666244506836
Cyclist 0.0 0 -0.03534519672393799 777.7832641601562 156.36045837402344 796.1082763671875 189.6520538330078 0.9966668 1.8914847 0.5972376 10.427028 0.52136546 40.5651 0.21625232696533203 0.140452578663826
Cyclist 0.0 0 -1.5833653211593628 494.2127380371094 164.28530883789062 508.1905517578125 198.2193145751953 1.0961487 1.8168359 0.7367601 -5.660663 0.9501035 38.45004 -1.729536533355713 0.11217353492975235
Car 0.0 0 1.1441595554351807 432.9449157714844 174.57057189941406 514.3714599609375 212.3909149169922 4.458003 1.4911067 1.7133906 -5.706252 1.2588322 30.186947 0.9573335647583008 0.8441419005393982
Car 0.0 0 -0.7944794297218323 0.0 207.30050659179688 291.97540283203125 370.0 3.937318 1.424136 1.5928814 -3.2422009 1.6293257 3.3847957 -1.558363676071167 0.7169398665428162
