Pedestrian 0.0 0 -3.0005154609680176 829.3662719726562 156.78855895996094 865.9212036132812 231.7021942138672 0.7851669 1.8135647 0.6023098 5.9121294 1.1265107 17.843182 -2.6805615425109863 0.31701695919036865
Car 0.0 0 -1.060467004776001 26.2657413482666 187.87330627441406 244.72207641601562 287.236083984375 3.6423995 1.4634445 1.5817605 -8.01256 1.5178683 12.5474205 -1.6287736892700195 0.9035943150520325
Car 0.0 0 -1.2229201793670654 223.6030731201172 186.71893310546875 343.3490905761719 251.36399841308594 3.7015102 1.4802505 1.6254796 -8.211017 1.5239499 18.448864 -1.6416659355163574 0.7762231826782227
Car 0.0 0 -0.9927642941474915 0.0 185.261474609375 163.4602508544922 261.8968811035156 3.6163094 1.4388684 1.5940151 -11.367536 1.4410954 15.347651 -1.6302670240402222 0.6962054967880249
Car 0.0 0 1.7247378826141357 461.9368896484375 182.9183349609375 519.2059326171875 224.6538543701172 4.0395746 1.527062 1.6248242 -4.5748324 1.4441359 28.323252 1.564598798751831 0.5781720280647278
Car 0.0 0 -1.539430022239685 573.372314453125 180.27354431152344 604.1831665039062 207.84527587890625 4.152524 1.5076239 1.6454715 -1.0757774 1.2385185 41.383984 -1.5654191970825195 0.5652620792388916
Car 0.0 0 2.467195510864258 0.0 226.32493591308594 147.09039306640625 376.0 3.8139153 1.4149529 1.568385 -4.6841526 1.7564576 4.0154395 1.6050809621810913 0.49813514947891235
Car 0.0 0 -1.0487706661224365 212.50369262695312 180.424560546875 305.3791809082031 221.51243591308594 3.557404 1.427801 1.5459068 -12.937179 1.2624407 26.806362 -1.4984145164489746 0.4112173318862915
Car 0.0 0 1.7136951684951782 526.36376953125 179.75091552734375 552.0771484375 198.24038696289062 3.8374639 1.4607886 1.5631316 -5.5813675 1.0301671 58.74465 1.6189688444137573 0.3001807630062103
Car 0.0 0 -1.6334668397903442 491.2942810058594 183.8778533935547 524.7784423828125 211.7347412109375 3.6640785 1.4538934 1.5862855 -5.5426784 1.3852005 39.46839 -1.772987723350525 0.28030872344970703
