Pedestrian 0.0 0 -3.286942481994629 896.2005004882812 146.42794799804688 945.6390380859375 247.56642150878906 0.6921068 1.6833557 0.6109167 5.434354 1.1009003 12.339966 -2.8721117973327637 0.7099195122718811
Pedestrian 0.0 0 -1.2810488939285278 0.0 126.14281463623047 95.43359375 343.02679443359375 0.89466566 1.745923 0.6182118 -4.9912286 1.3016872 6.310017 -1.950278401374817 0.5680577158927917
Pedestrian 0.0 0 -1.2250176668167114 157.4938507080078 180.7496337890625 271.2465515136719 374.0 0.85958195 1.6187017 0.60975146 -3.3478994 1.6141217 6.1855435 -1.721114993095398 0.5655975341796875
Pedestrian 0.0 0 -2.187875986099243 94.86954498291016 155.47393798828125 203.93775939941406 327.02435302734375 0.8314255 1.7687912 0.6483195 -4.986096 1.5018101 7.8613353 -2.753103256225586 0.4911814033985138
Pedestrian 0.0 0 -1.4552181959152222 280.95526123046875 199.232666015625 368.23358154296875 374.0 0.7207663 1.5799619 0.6977951 -2.6513193 1.760446 6.816462 -1.826169729232788 0.3778191804885864
Pedestrian 0.0 0 1.8197143077850342 482.5761413574219 166.1691436767578 504.6679992675781 214.40928649902344 0.8549266 1.8201107 0.64906687 -4.150074 1.2427037 27.557894 1.6702427864074707 0.37362155318260193
Pedestrian 0.0 0 -1.9437369108200073 854.4473266601562 148.29696655273438 962.31201171875 346.1825256347656 0.9498313 1.6296647 0.56717664 2.646548 1.3576138 6.393516 -1.5512691736221313 0.33130165934562683
Pedestrian 0.0 0 1.785634994506836 566.7976684570312 169.9665985107422 581.1652221679688 201.74745178222656 0.8410401 1.8206712 0.6689824 -1.5864466 1.1607326 41.62239 1.7475382089614868 0.297458291053772
Pedestrian 0.0 0 -0.11340770125389099 531.7125854492188 177.58193969726562 568.7869873046875 221.57525634765625 1.3393934 1.6539283 0.7354184 -1.9847411 1.50766 27.48811 -0.18548624217510223 0.1540747582912445
Cyclist 0.0 0 -1.2943168878555298 104.58174896240234 151.2878875732422 152.40762329101562 233.20021057128906 1.6607943 1.672287 0.42884734 -10.227851 1.0567298 15.519013 -1.8770298957824707 0.24145488440990448
Cyclist 0.0 0 -0.11340770125389099 531.7125854492188 177.58193969726562 568.7869873046875 221.57525634765625 1.3393934 1.6539283 0.7354184 -1.9847411 1.50766 27.48811 -0.18548624217510223 0.23533201217651367
Cyclist 0.0 0 -2.1875898838043213 87.3445816040039 150.59429931640625 202.5339813232422 322.8712158203125 0.9370389 1.7833477 0.646821 -5.0659304 1.4647864 7.9088016 -2.7572884559631348 0.14598986506462097
Cyclist 0.0 0 -1.954193115234375 852.4738159179688 147.157958984375 963.1957397460938 346.6002197265625 0.98844856 1.6406218 0.57038146 2.6435432 1.3595116 6.4029746 -1.5626484155654907 0.14180053770542145
Cyclist 0.0 0 -1.2226698398590088 155.18434143066406 180.40699768066406 270.2838134765625 374.0 0.88453186 1.6342686 0.6046461 -3.3444116 1.6270257 6.155529 -1.72036874294281 0.11370488256216049
Car 0.0 0 -1.7285027503967285 678.6656494140625 162.19358825683594 744.939453125 218.2720489501953 3.8254356 1.7593246 1.6284329 3.6455677 1.15474 24.453932 -1.580513596534729 0.6564551591873169
Car 0.0 0 -1.3086661100387573 562.4807739257812 173.11175537109375 598.772216796875 194.87811279296875 3.9202645 1.4792998 1.6115036 -1.4170493 0.90987194 50.91097 -1.3364927768707275 0.39347565174102783
Car 0.0 0 -1.7046681642532349 657.060546875 174.8993682861328 697.6204223632812 206.1008758544922 3.6917698 1.5113126 1.5693264 3.8163006 1.192495 36.660194 -1.6009424924850464 0.3177764117717743
