Car 0.0 0 -2.4809646606445312 0.0 177.12319946289062 307.62799072265625 303.5452880859375 3.7368135 1.4242754 1.5603082 -6.0590005 1.4839236 9.102912 -3.0682363510131836 0.8443166613578796
Car 0.0 0 -1.7122788429260254 664.09326171875 175.7853546142578 735.759521484375 227.96693420410156 3.991703 1.4533885 1.6290487 2.6396508 1.5526814 22.334951 -1.594639778137207 0.8162904381752014
Car 0.0 0 0.39561033248901367 185.35572814941406 172.93145751953125 430.1997375488281 251.73655700683594 4.234127 1.4930499 1.6440926 -5.987443 1.4950538 14.499731 0.004003286361694336 0.7962624430656433
Car 0.0 0 0.5176141262054443 277.3614501953125 174.67860412597656 446.0984802246094 232.76025390625 3.9942987 1.4521612 1.5963328 -6.6289134 1.5041584 19.263783 0.18619370460510254 0.6611613631248474
Car 0.0 0 -2.3400492668151855 0.0 191.25167846679688 198.10748291015625 374.5928955078125 3.9251697 1.4157794 1.5672903 -6.226931 1.6072655 6.6188035 -3.0949509143829346 0.6207916140556335
Car 0.0 0 3.258345603942871 452.5248718261719 172.70697021484375 534.1377563476562 203.39247131347656 3.8997326 1.5087734 1.6188914 -5.8679957 1.5019023 36.36744 3.0983715057373047 0.5663939118385315
Car 0.0 0 -2.792504072189331 289.1715087890625 164.2787322998047 432.84100341796875 215.42054748535156 3.7508073 1.4719751 1.5782795 -7.421943 1.225518 21.587374 -3.1236534118652344 0.5069841742515564
Car 0.0 0 0.32923880219459534 367.585205078125 173.7478790283203 496.8313293457031 219.92782592773438 3.8545299 1.4667554 1.5839652 -5.8820176 1.4979247 23.909983 0.08802199363708496 0.5053972601890564
Car 0.0 0 3.4496028423309326 212.117919921875 172.62074279785156 400.6233825683594 237.70425415039062 3.756957 1.4328938 1.550956 -7.0057297 1.4281161 16.818005 3.054901599884033 0.39578941464424133
Car 0.0 0 -0.3910484313964844 711.4301147460938 172.7288055419922 812.0642700195312 208.8489990234375 4.0367146 1.5393323 1.6408252 6.6444454 1.5343548 31.926243 -0.1858588457107544 0.385943204164505
Car 0.0 0 -0.2066720575094223 724.3777465820312 171.16847229003906 829.845947265625 213.72731018066406 3.6543884 1.5710673 1.618462 6.259176 1.509204 27.473726 0.017328739166259766 0.3748585283756256
