Pedestrian 0.0 0 1.5255730152130127 1196.5526123046875 174.74539184570312 1242.0 291.0479736328125 0.738991 1.7113571 0.6718107 9.440341 1.7421982 11.128434 2.229084014892578 0.2546856105327606
Cyclist 0.0 0 -0.7188873291015625 244.13270568847656 183.98272705078125 326.2466125488281 264.6587219238281 1.757642 1.7226486 0.60719335 -7.4785614 1.9931233 16.584892 -1.1425111293792725 0.2577608525753021
Car 0.0 0 -1.7637178897857666 510.99359130859375 177.94993591308594 564.9310913085938 216.36404418945312 3.7044039 1.5176392 1.6167625 -3.197916 1.75144 31.043224 -1.866370677947998 0.863605797290802
Car 0.0 0 0.3135722875595093 103.7393798828125 167.78359985351562 322.6470031738281 246.26760864257812 4.13811 1.6949277 1.718064 -9.105369 1.5857861 16.800823 -0.18307696282863617 0.7754533886909485
Car 0.0 0 0.599860668182373 30.813297271728516 176.4783172607422 272.0098571777344 262.70489501953125 3.6302416 1.5396639 1.6089662 -8.717464 1.6138623 13.825945 0.037305355072021484 0.7324852347373962
Car 0.0 0 0.6308795809745789 0.0 176.6578826904297 207.4954376220703 281.9600830078125 3.6623607 1.4097865 1.540286 -8.202711 1.4700874 10.542197 -0.03035411611199379 0.7151262760162354
Car 0.0 0 3.842883825302124 0.0 153.25379943847656 98.74130249023438 322.1681213378906 3.8431125 1.5417912 1.6042184 -7.969602 1.3632454 7.5888124 3.033015727996826 0.3508685231208801
Car 0.0 0 -1.4846010208129883 332.2251892089844 172.41822814941406 391.1716003417969 221.02691650390625 3.6476457 1.5332946 1.5996552 -8.47243 1.5199069 24.720196 -1.8147873878479004 0.3468867242336273
Car 0.0 0 3.288378953933716 251.60069274902344 172.6598358154297 355.8819274902344 210.47891235351562 3.87291 1.5366888 1.6330588 -12.934531 1.5291569 30.59088 2.8883535861968994 0.2940601408481598
Car 0.0 0 -1.551926851272583 279.10321044921875 171.65647888183594 329.3651428222656 217.05685424804688 3.5763085 1.5543708 1.6042174 -11.295782 1.5137296 26.658777 -1.9527103900909424 0.2654373049736023
