Pedestrian 0.0 0 -3.521623373031616 1094.668212890625 174.97427368164062 1179.940673828125 308.7289733886719 0.7154859 1.6876289 0.6517206 6.879274 1.7171456 9.517054 -2.8957347869873047 0.3961460590362549
Pedestrian 0.0 0 1.2934203147888184 632.9602661132812 173.8561248779297 645.709716796875 201.9542999267578 1.0331101 1.8051177 0.5667564 1.8743348 1.8714916 46.960472 1.3333121538162231 0.3446512222290039
Pedestrian 0.0 0 1.3242347240447998 1013.4918823242188 154.08987426757812 1035.0166015625 196.6863250732422 0.79895806 1.8934876 0.66605395 18.639767 1.0597473 32.545475 1.8443613052368164 0.2507200539112091
Pedestrian 0.0 0 -2.0397214889526367 1195.443603515625 111.50276184082031 1242.0 193.92173767089844 0.8978982 1.8733847 0.61048436 14.274622 0.47922817 16.904982 -1.3384854793548584 0.16908767819404602
Pedestrian 0.0 0 -1.545957326889038 893.1378784179688 151.35781860351562 928.1614379882812 237.36959838867188 0.7033077 1.8338032 0.6945864 6.556776 1.3758545 15.842928 -1.1535588502883911 0.16514381766319275
Pedestrian 0.0 0 2.603700637817383 801.8856201171875 142.6949462890625 835.0480346679688 203.4532470703125 0.79148495 1.8743117 0.62540925 6.496879 0.9443033 22.65925 2.8829307556152344 0.1617504358291626
Pedestrian 0.0 0 1.5224108695983887 868.9312744140625 131.6103515625 890.17919921875 191.29502868652344 1.1435804 1.9012122 0.5939812 8.768875 0.58778363 23.616138 1.877941370010376 0.131914883852005
Pedestrian 0.0 0 -0.7949673533439636 979.2652587890625 151.8155517578125 1058.0889892578125 262.30419921875 0.95212203 1.7797734 0.6753598 6.7791896 1.4412396 12.077282 -0.28347665071487427 0.12815220654010773
Cyclist 0.0 0 1.3186194896697998 632.9359130859375 175.19467163085938 645.6981201171875 203.0178985595703 1.1397963 1.7845173 0.5626581 1.8740357 1.9393349 46.995094 1.358475685119629 0.14819391071796417
Cyclist 0.0 0 -3.4309983253479004 1029.357421875 134.52816772460938 1121.594970703125 214.09176635742188 1.7649987 1.8622646 0.6326106 11.164232 0.965569 17.433565 -2.861410617828369 0.14728091657161713
Cyclist 0.0 0 -2.0989930629730225 1190.8953857421875 112.06134796142578 1242.0 194.88026428222656 1.1973939 1.872116 0.5493242 14.275626 0.49826005 16.944426 -1.3988710641860962 0.11302628368139267
Cyclist 0.0 0 1.4076117277145386 805.4349975585938 141.58604431152344 831.5307006835938 202.67149353027344 1.1396533 1.875742 0.6106472 6.518769 0.9159593 22.7547 1.6866192817687988 0.11063753813505173
Cyclist 0.0 0 1.5224108695983887 868.9312744140625 131.6103515625 890.17919921875 191.29502868652344 1.1435804 1.9012122 0.5939812 8.768875 0.58778363 23.616138 1.877941370010376 0.10698767006397247
Car 0.0 0 1.5976979732513428 575.8796997070312 179.96241760253906 602.3558349609375 205.2763214111328 3.881776 1.5371169 1.6164656 -1.3514045 2.0181336 46.844013 1.568856954574585 0.3338073492050171
Car 0.0 0 1.735958456993103 386.6031494140625 183.86212158203125 446.9238586425781 229.41990661621094 3.678529 1.5213605 1.5890753 -7.1740007 1.9615543 26.92019 1.4755196571350098 0.21280419826507568
Car 0.0 0 1.7007064819335938 496.45989990234375 183.6968536376953 525.0014038085938 205.4423065185547 3.830277 1.4672416 1.576878 -7.215512 2.2856972 52.51729 1.5641682147979736 0.1448221057653427
Car 0.0 0 1.7969496250152588 156.13623046875 186.07781982421875 193.28060913085938 207.4842987060547 4.054436 1.5454136 1.6448523 -34.337574 2.6298645 56.966675 1.254498839378357 0.12980453670024872
