Pedestrian 0.0 0 1.1650680303573608 340.12408447265625 160.3478240966797 361.85980224609375 204.94500732421875 0.73170817 1.8784727 0.63786036 -11.12551 1.3520598 30.874132 0.819202184677124 0.25613272190093994
Pedestrian 0.0 0 -0.8828994631767273 772.2079467773438 149.53073120117188 808.7771606445312 219.01893615722656 0.79872435 1.8532466 0.5994245 4.885673 1.2315743 19.719528 -0.6400319337844849 0.20236490666866302
Pedestrian 0.0 0 -1.661806583404541 830.8507080078125 171.24905395507812 857.0206298828125 235.50048828125 0.79523087 1.778429 0.63285434 6.5676928 1.7343634 20.42595 -1.3507102727890015 0.17056044936180115
Pedestrian 0.0 0 -2.5744779109954834 308.06219482421875 182.47483825683594 348.84283447265625 252.6637420654297 0.69916934 1.7414663 0.7101981 -7.2327733 1.9931304 18.428944 -2.948474407196045 0.16378608345985413
Pedestrian 0.0 0 -0.4888932704925537 745.7059326171875 166.04736328125 781.5332641601562 230.19461059570312 0.80798334 1.7768817 0.58757967 4.2876315 1.5886956 20.378342 -0.2815166711807251 0.14808331429958344
Pedestrian 0.0 0 -2.107980489730835 717.6048583984375 158.25453186035156 756.7542724609375 228.98805236816406 1.0149688 1.8719591 0.6171133 3.411086 1.485943 19.676962 -1.9363319873809814 0.14501412212848663
Pedestrian 0.0 0 -1.1032871007919312 334.79803466796875 168.8932342529297 354.3852233886719 199.2630615234375 1.3778898 1.8213879 0.5612476 -16.205177 1.5842042 43.986965 -1.4562665224075317 0.1058039516210556
Cyclist 0.0 0 -1.1032871007919312 334.79803466796875 168.8932342529297 354.3852233886719 199.2630615234375 1.3778898 1.8213879 0.5612476 -16.205177 1.5842042 43.986965 -1.4562665224075317 0.13937713205814362
Car 0.0 0 3.2378649711608887 97.41526794433594 186.62405395507812 329.5303649902344 272.9774169921875 4.0468116 1.5550163 1.6729525 -8.092078 1.8721249 15.040394 2.7442636489868164 0.8504654169082642
Car 0.0 0 1.6755799055099487 424.7287292480469 184.4220733642578 492.9325866699219 238.49632263183594 4.25139 1.4716631 1.6644033 -4.7136855 1.872399 22.772388 1.4714710712432861 0.8367698788642883
Car 0.0 0 -1.7209556102752686 451.3467712402344 175.9014892578125 480.8837585449219 198.29344177246094 3.4256265 1.5411927 1.5903774 -10.436034 1.7693568 52.05263 -1.9188222885131836 0.26821696758270264
Car 0.0 0 1.815430760383606 436.9274597167969 172.72833251953125 467.5500793457031 191.09474182128906 3.9501674 1.4986088 1.6165799 -13.290725 1.4887127 60.86938 1.6004564762115479 0.17705745995044708
Car 0.0 0 -2.0128915309906006 544.132080078125 155.7279052734375 595.152587890625 187.2591094970703 4.4229665 2.1206737 1.8760203 -2.9295185 0.9691925 50.915855 -2.0703647136688232 0.1615239530801773
Car 0.0 0 2.3140885829925537 664.6368408203125 173.0238037109375 747.5819091796875 210.0000457763672 3.6756802 1.556925 1.6052338 4.2799616 1.565281 32.188522 2.4462785720825195 0.1485566794872284
