Pedestrian 0.0 0 1.6143968105316162 328.1019592285156 157.57896423339844 415.35931396484375 341.1552734375 0.94193536 1.7288584 0.7958959 -2.3655376 1.5049529 7.322176 1.3019161224365234 0.6418262720108032
Pedestrian 0.0 0 -0.11001448333263397 541.9282836914062 171.07699584960938 566.8577880859375 230.3156280517578 0.677054 1.7351043 0.6062453 -1.434061 1.4309459 21.395449 -0.17694082856178284 0.45000702142715454
Pedestrian 0.0 0 -1.84638512134552 784.41455078125 194.9228515625 865.4275512695312 345.0303955078125 0.8694007 1.6305318 0.67893165 2.516736 1.7956221 8.3197975 -1.5526366233825684 0.273446261882782
Pedestrian 0.0 0 -1.5865986347198486 902.5589599609375 140.639892578125 947.6396484375 241.8907470703125 0.69188863 1.8245252 0.74880874 5.98952 1.0895016 13.407017 -1.1664546728134155 0.25382667779922485
Pedestrian 0.0 0 -0.7750276923179626 781.6588134765625 167.4722442626953 819.8131103515625 236.5649871826172 0.720236 1.7369006 0.61781037 5.0981965 1.3854444 18.500141 -0.5061259865760803 0.19361445307731628
Pedestrian 0.0 0 -1.6191285848617554 725.454833984375 152.71768188476562 752.1045532226562 225.2437286376953 1.0226549 1.790619 0.6137506 3.4525452 1.0811915 18.281351 -1.4324709177017212 0.15411587059497833
Pedestrian 0.0 0 -2.941551923751831 1160.362548828125 81.7916259765625 1238.0 286.7599792480469 0.63014615 1.7842116 0.6365965 5.644811 0.91765195 6.694992 -2.2410542964935303 0.1482895314693451
Pedestrian 0.0 0 1.8753259181976318 318.8774108886719 128.36888122558594 361.3916320800781 219.82907104492188 0.6688 1.8675814 0.66710824 -5.4903097 0.7839049 15.014895 1.524770975112915 0.14625303447246552
Pedestrian 0.0 0 -1.7698116302490234 778.2601318359375 150.79238891601562 813.9559936523438 219.2248992919922 1.7305595 1.8016397 0.61301225 5.3115954 0.9943614 19.792074 -1.507619857788086 0.11329443007707596
Cyclist 0.0 0 0.528168261051178 419.29443359375 156.6313934326172 511.6832580566406 243.5047607421875 1.7499878 1.7232018 0.73245275 -2.851599 1.2311609 14.882384 0.3388538360595703 0.3728872835636139
Cyclist 0.0 0 -1.5950311422348022 699.5519409179688 164.5203857421875 728.2061157226562 244.60269165039062 1.8874859 1.7489219 0.6023054 2.5532615 1.3793261 16.659578 -1.4429535865783691 0.3317979872226715
Cyclist 0.0 0 -1.7882498502731323 778.6502075195312 149.30679321289062 816.2901611328125 218.42559814453125 1.8077474 1.8000296 0.60956025 5.300295 0.9628087 19.621687 -1.5244221687316895 0.2755885124206543
Cyclist 0.0 0 -1.6951069831848145 816.9185180664062 166.93463134765625 856.4912109375 250.84494018554688 1.9676098 1.725795 0.5776744 5.1081853 1.4274656 15.791987 -1.3822623491287231 0.22501982748508453
Cyclist 0.0 0 -1.7555416822433472 790.481689453125 188.90869140625 873.944091796875 352.4231872558594 1.5891045 1.6556875 0.6048327 2.5297413 1.7498101 8.169654 -1.4552544355392456 0.146403506398201
Cyclist 0.0 0 1.634880781173706 328.2962646484375 161.58895874023438 415.7637634277344 343.6244812011719 1.0431099 1.7116488 0.79144216 -2.3618143 1.5258034 7.354156 1.324131727218628 0.1201091855764389
Cyclist 0.0 0 -1.6157535314559937 725.6158447265625 150.4863739013672 750.8939208984375 223.6669921875 1.1753496 1.805913 0.57765454 3.4509194 1.0417635 18.346506 -1.4298291206359863 0.11659415066242218
Car 0.0 0 3.012465476989746 358.1923522949219 167.65444946289062 454.64666748046875 204.61753845214844 3.941519 1.5581468 1.6378781 -8.645008 0.9754747 31.791859 2.746960163116455 0.21155253052711487
Car 0.0 0 2.744831085205078 560.7368774414062 163.1403045654297 667.9965209960938 201.43505859375 4.453734 1.6162044 1.7077755 0.56392604 0.84232056 31.931633 2.7624895572662354 0.1483590006828308
