Pedestrian 0.0 0 1.2404242753982544 598.92626953125 147.20584106445312 630.6944580078125 220.90359497070312 0.79779863 1.8097287 0.5709972 0.2036052 0.9937521 17.82569 1.2518458366394043 0.6272561550140381
Pedestrian 0.0 0 1.6477564573287964 612.6378173828125 133.51846313476562 649.3092041015625 240.63414001464844 0.7937359 1.8286656 0.5915007 0.424263 1.02825 12.492842 1.6817039251327515 0.5958746671676636
Pedestrian 0.0 0 0.508541464805603 616.119873046875 124.62383270263672 678.3388061523438 242.95909118652344 0.80867714 1.8235927 0.6011093 0.63481796 0.96417737 11.361145 0.5643596649169922 0.5762926340103149
Pedestrian 0.0 0 -1.4782352447509766 648.2639770507812 144.19056701660156 671.4827880859375 204.5745849609375 0.94537 1.8284284 0.6353642 1.676673 0.7305386 21.923836 -1.4019066095352173 0.5203357338905334
Pedestrian 0.0 0 1.2419822216033936 528.745361328125 132.30921936035156 586.388427734375 258.70440673828125 0.82230836 1.8384999 0.6428199 -0.7805178 1.1391978 10.783516 1.1697275638580322 0.46953603625297546
Pedestrian 0.0 0 1.3689591884613037 496.362060546875 142.02410888671875 522.3958129882812 208.39508056640625 0.8284027 1.8834684 0.5938883 -2.8188322 0.79317576 20.54885 1.2326328754425049 0.42257001996040344
Pedestrian 0.0 0 1.53580904006958 574.183349609375 125.63719940185547 614.0101928710938 244.8160400390625 0.8186467 1.8305506 0.6023153 -0.23087059 0.98953354 11.280465 1.5153454542160034 0.363993763923645
Pedestrian 0.0 0 -0.8775644302368164 869.8247680664062 143.92835998535156 1019.2382202148438 370.0 0.8586378 1.6288764 0.58915794 2.456714 1.382473 5.2411513 -0.4392397105693817 0.35162708163261414
Pedestrian 0.0 0 1.2932487726211548 415.8876647949219 144.5401611328125 440.92559814453125 201.1761932373047 0.92966855 1.8739288 0.5887849 -6.0141697 0.6856587 23.939081 1.047114610671997 0.34544050693511963
Pedestrian 0.0 0 0.8505401611328125 473.490234375 134.9351806640625 508.7568359375 205.11972045898438 0.7244553 1.8756248 0.63305426 -3.1546466 0.65952545 19.364956 0.6890537738800049 0.3105478584766388
Pedestrian 0.0 0 -0.8686655163764954 17.750858306884766 151.72181701660156 63.46287155151367 220.72604370117188 0.66838396 1.7867631 0.6699348 -14.913874 1.0431833 18.646296 -1.5433030128479004 0.28622427582740784
Pedestrian 0.0 0 0.5978235006332397 506.14007568359375 131.41531372070312 542.2311401367188 201.7145538330078 0.7322105 1.8759826 0.6677472 -2.2419345 0.5677084 19.328709 0.4823496341705322 0.26353052258491516
Pedestrian 0.0 0 1.4796706438064575 440.8421936035156 151.2877960205078 464.34283447265625 213.96185302734375 0.86331636 1.8296479 0.6087201 -4.596018 0.9784211 21.13913 1.265584945678711 0.26097917556762695
Pedestrian 0.0 0 -1.8720003366470337 236.34329223632812 138.78468322753906 293.00653076171875 243.719970703125 1.0833634 1.7034044 0.572149 -5.8615937 1.0278968 12.06326 -2.324308156967163 0.2366340309381485
Pedestrian 0.0 0 -1.3425830602645874 57.76828384399414 152.4984130859375 94.67230987548828 217.643798828125 0.6595151 1.7886134 0.7002132 -14.872358 1.021388 19.850456 -1.9855847358703613 0.2274520993232727
Pedestrian 0.0 0 1.8380038738250732 107.3836441040039 148.6170196533203 166.51014709472656 257.4811096191406 0.8586852 1.732337 0.6170646 -7.806099 1.2266434 11.75065 1.2516331672668457 0.2247256189584732
Cyclist 0.0 0 0.8961280584335327 242.75064086914062 131.1168670654297 342.9893798828125 241.92941284179688 1.5905327 1.722846 0.65840554 -5.1934586 0.95672464 11.645158 0.4766256809234619 0.3331007957458496
Cyclist 0.0 0 -1.5135072469711304 648.9216918945312 144.7037353515625 670.9905395507812 205.65200805664062 0.9539839 1.8421631 0.62960696 1.6757487 0.76178 21.880316 -1.4370694160461426 0.11760658770799637
Cyclist 0.0 0 -0.845926821231842 863.6315307617188 144.67494201660156 1025.64111328125 370.0 0.9555242 1.6300713 0.6046499 2.4557858 1.3896856 5.2401347 -0.4076727628707886 0.11503416299819946
Car 0.0 0 1.8954938650131226 0.0 44.93608856201172 288.54718017578125 370.0 3.9009936 1.5981368 1.5887003 -3.1100576 1.1731156 4.3188553 1.271397352218628 0.41450929641723633
