Car 0.0 0 -1.9923508167266846 778.243896484375 205.11241149902344 1115.320556640625 375.0 3.574856 1.3880593 1.5672754 2.8790221 1.7899944 7.162621 -1.6101638078689575 0.9085562229156494
Car 0.0 0 -1.6911863088607788 666.9021606445312 184.00387573242188 727.7522583007812 231.41322326660156 3.7178512 1.4483396 1.6207352 2.8763855 1.8604348 24.779009 -1.5756219625473022 0.8859140872955322
Car 0.0 0 -1.8147366046905518 715.2963256835938 185.936767578125 862.6661376953125 289.8763732910156 3.6941903 1.488699 1.6072072 2.9023833 1.7524487 12.662045 -1.5894099473953247 0.838127613067627
Car 0.0 0 0.6244189739227295 0.0 158.38221740722656 309.9512939453125 297.4636535644531 3.8948445 1.4815149 1.6068459 -5.8819084 1.3277173 8.526428 0.02054142951965332 0.7851687669754028
Car 0.0 0 0.3691537082195282 210.8426971435547 176.39454650878906 421.97314453125 252.59722900390625 3.878287 1.5428541 1.6476749 -6.24812 1.6236204 15.534432 -0.013257255777716637 0.7822842597961426
Car 0.0 0 -1.6159275770187378 650.876220703125 179.1197509765625 687.415771484375 212.14627075195312 3.7614024 1.5048512 1.6128788 2.8241873 1.8301154 35.50495 -1.5365512371063232 0.7026907801628113
Car 0.0 0 0.3565524220466614 337.41839599609375 181.009521484375 484.2650146484375 230.9122314453125 4.2550416 1.5172862 1.6675929 -6.408188 1.7923741 23.285677 0.08800148963928223 0.6988234519958496
Car 0.0 0 0.533400297164917 7.234317779541016 167.364501953125 323.26922607421875 277.39617919921875 3.769168 1.5339093 1.6079264 -6.5806565 1.4577401 10.879787 -0.010578861460089684 0.6364473700523376
Car 0.0 0 0.653491735458374 158.41180419921875 194.09877014160156 393.6938171386719 285.6469421386719 3.7409196 1.4671794 1.5881962 -6.146244 1.8939059 13.29417 0.22043466567993164 0.5880906581878662
Car 0.0 0 -2.907028913497925 393.7037353515625 174.1922149658203 509.1256103515625 216.14324951171875 4.114349 1.5798293 1.6781203 -6.156087 1.633943 28.103382 -3.1226742267608643 0.5766220688819885
Car 0.0 0 3.9175119400024414 0.0 177.2971954345703 148.52113342285156 371.9300842285156 3.5903065 1.4613545 1.5547563 -6.3595257 1.5052568 6.260079 3.1242337226867676 0.5376198887825012
