Pedestrian 0.0 0 -2.0794565677642822 1009.3697509765625 150.69920349121094 1158.853515625 369.194580078125 0.90045434 1.6979613 0.6884978 3.9690301 1.4599983 6.053405 -1.4991064071655273 0.5737968683242798
Pedestrian 0.0 0 -2.547578811645508 238.24806213378906 148.6045684814453 302.6311340332031 246.86471557617188 0.9139952 1.7858394 0.60021144 -6.2160463 1.1892455 13.422044 -2.9812912940979004 0.5169428586959839
Pedestrian 0.0 0 -1.2689118385314941 534.8849487304688 159.8562469482422 553.0789184570312 202.408203125 0.6169592 1.8519645 0.645266 -2.5410323 0.91093487 31.63295 -1.3490684032440186 0.4041246175765991
Pedestrian 0.0 0 1.9340131282806396 364.8063659667969 134.49668884277344 425.82989501953125 257.5738220214844 0.82481253 1.8386049 0.6646562 -3.2320035 1.1377466 11.166417 1.6522727012634277 0.359085351228714
Pedestrian 0.0 0 1.584573745727539 777.7958374023438 158.58444213867188 814.4373779296875 252.97544860839844 0.6821203 1.7517029 0.6605332 3.6876495 1.3277004 13.746329 1.8466670513153076 0.31129592657089233
Pedestrian 0.0 0 1.5798988342285156 613.420654296875 159.539794921875 624.06005859375 191.21554565429688 0.7384757 1.9336903 0.6491617 1.0728685 0.5938431 44.22903 1.6041511297225952 0.24654659628868103
Pedestrian 0.0 0 -0.6150074601173401 708.6265869140625 153.8879852294922 725.2330932617188 191.96664428710938 0.6061041 1.9242758 0.59314185 5.8928385 0.529797 36.697582 -0.4557883143424988 0.18878406286239624
Pedestrian 0.0 0 0.1216343343257904 430.9712219238281 144.5182342529297 502.2901611328125 215.363525390625 1.7719486 1.8124335 0.5677554 -3.528215 0.86750734 18.7151 -0.06470108032226562 0.12034209072589874
Cyclist 0.0 0 0.1216343343257904 430.9712219238281 144.5182342529297 502.2901611328125 215.363525390625 1.7719486 1.8124335 0.5677554 -3.528215 0.86750734 18.7151 -0.06470108032226562 0.4075707793235779
Cyclist 0.0 0 -2.578524112701416 222.21636962890625 150.92645263671875 295.11578369140625 249.05625915527344 1.0804809 1.7821352 0.5885355 -6.422943 1.2281569 13.397903 -3.0255556106567383 0.23120853304862976
Cyclist 0.0 0 -1.002811074256897 31.26591682434082 130.6082000732422 150.60365295410156 263.430908203125 1.7353503 1.7202255 0.5284606 -7.2084866 1.0624423 10.180138 -1.6189481019973755 0.19035658240318298
Cyclist 0.0 0 -2.0817532539367676 1005.580810546875 149.82203674316406 1158.736572265625 369.8512268066406 0.97049713 1.7073072 0.6829154 3.9644964 1.4628983 6.078291 -1.5038057565689087 0.1050812229514122
Car 0.0 0 1.6462384462356567 537.2772827148438 172.83319091796875 604.4761352539062 230.33522033691406 4.018671 1.4772588 1.610822 -0.8090766 1.2557801 20.488815 1.6067702770233154 0.817968487739563
Car 0.0 0 0.09455960988998413 1136.8857421875 163.71041870117188 1238.0 327.0478820800781 4.0012226 1.435556 1.5796064 8.865019 1.2805876 8.374033 0.9084310531616211 0.2294369637966156
Car 0.0 0 -1.5924564599990845 644.8250732421875 147.64996337890625 701.7142333984375 206.07179260253906 4.3533654 1.7391243 1.6904029 2.275456 0.7325893 23.614553 -1.4963948726654053 0.1873839795589447
