Pedestrian 0.0 0 -3.681591272354126 1126.7679443359375 159.6777801513672 1242.0 375.0 0.63902116 1.6962723 0.5568345 3.334019 1.6289587 4.026464 -2.989993095397949 0.23136933147907257
Pedestrian 0.0 0 -2.0880582332611084 237.4104461669922 142.112060546875 282.7091064453125 227.1658477783203 0.6740879 1.8523744 0.6674207 -7.8944445 1.1832079 16.177214 -2.542057991027832 0.1654203236103058
Pedestrian 0.0 0 -1.898038625717163 699.3460693359375 133.12484741210938 740.4791259765625 221.7522430419922 0.9668447 1.9171445 0.62904376 2.3966515 1.0581008 16.13708 -1.7505980730056763 0.12173972278833389
Pedestrian 0.0 0 -2.2844088077545166 1157.0255126953125 126.93621826171875 1242.0 262.9521179199219 1.6235974 1.6812543 0.54117084 8.2195215 1.1140354 9.731022 -1.583016037940979 0.1098162978887558
Cyclist 0.0 0 -1.0205739736557007 914.2716674804688 174.84207153320312 1010.66650390625 273.3459777832031 2.0157974 1.7346002 0.6775578 6.593113 1.7746211 13.56443 -0.5681412220001221 0.3001701831817627
Cyclist 0.0 0 -2.2844088077545166 1157.0255126953125 126.93621826171875 1242.0 262.9521179199219 1.6235974 1.6812543 0.54117084 8.2195215 1.1140354 9.731022 -1.583016037940979 0.2261074036359787
Cyclist 0.0 0 -1.2216850519180298 39.67220687866211 202.02423095703125 102.33668518066406 293.0857238769531 1.6511431 1.6853139 0.49431086 -11.045013 2.3175375 14.764944 -1.8639411926269531 0.1336759775876999
Car 0.0 0 1.7371985912322998 401.02752685546875 186.07492065429688 498.8467712402344 260.87884521484375 4.0298576 1.5250494 1.6542625 -3.7893395 1.8834176 17.484236 1.5237704515457153 0.8817003965377808
Car 0.0 0 1.696928858757019 458.4889831542969 176.4308624267578 527.233154296875 232.08099365234375 4.1987357 1.6317967 1.6940902 -3.7684708 1.7594683 23.55355 1.5382776260375977 0.7998300790786743
Car 0.0 0 1.663973331451416 529.9222412109375 177.89578247070312 564.15625 205.2580108642578 3.989754 1.475144 1.6050189 -3.6203704 1.7804132 41.63361 1.5772336721420288 0.4761606454849243
Car 0.0 0 3.3673095703125 393.6161193847656 173.0670928955078 472.2403869628906 203.95758056640625 3.542304 1.5063685 1.6149361 -8.834671 1.5176136 36.0279 3.1268372535705566 0.13725805282592773
