Pedestrian 0.0 0 1.7263299226760864 358.5354309082031 166.4438934326172 392.0390930175781 237.94239807128906 0.9057646 1.8213159 0.70481384 -6.0395594 1.4648495 18.509243 1.4109230041503906 0.3503328859806061
Pedestrian 0.0 0 0.3032081723213196 692.2789306640625 138.2452392578125 735.8782348632812 221.34669494628906 0.8331421 1.8345599 0.62037987 2.4426053 0.9033519 16.065426 0.45409369468688965 0.31924158334732056
Pedestrian 0.0 0 -1.5009156465530396 624.0545654296875 153.2712860107422 636.0199584960938 188.09707641601562 0.5971406 1.9498686 0.63572556 1.4071422 0.42674413 39.912426 -1.4656745195388794 0.24411636590957642
Pedestrian 0.0 0 -2.3473455905914307 397.9720764160156 169.1734619140625 423.9324951171875 214.46078491210938 0.76873535 1.7470331 0.6216654 -7.635462 1.3115981 27.732338 -2.616015911102295 0.2434568554162979
Pedestrian 0.0 0 1.2838984727859497 689.3168334960938 146.1873016357422 722.9298706054688 223.86154174804688 0.7439205 1.8421013 0.6212579 2.4115574 1.029954 17.176758 1.423383355140686 0.2164856195449829
Pedestrian 0.0 0 -2.0401999950408936 870.3980102539062 86.71023559570312 971.3781127929688 283.4879150390625 0.79298776 1.7854999 0.59062475 2.9722166 0.93618083 6.8236775 -1.6294071674346924 0.17773766815662384
Pedestrian 0.0 0 2.931208610534668 644.8964233398438 148.2296905517578 669.2874755859375 198.6373748779297 0.8159337 1.8768969 0.56682605 1.9347291 0.6768468 26.658361 3.0036566257476807 0.16876313090324402
Pedestrian 0.0 0 -2.088865280151367 1066.0316162109375 16.471590042114258 1224.0 370.0 0.92721254 1.7660147 0.6420865 3.0598993 0.98288953 3.8843226 -1.4216346740722656 0.16610682010650635
Pedestrian 0.0 0 -0.7095060348510742 163.29188537597656 147.0232391357422 340.1170654296875 350.4486083984375 1.4834259 1.6949272 0.56840366 -3.3204854 1.417706 6.679945 -1.1708171367645264 0.1309361755847931
Pedestrian 0.0 0 1.7750096321105957 516.3782348632812 162.58287048339844 530.7718505859375 193.17112731933594 1.825567 1.8294493 0.51671296 -4.9725876 0.75921065 43.215096 1.6604474782943726 0.12447915226221085
Cyclist 0.0 0 1.7750096321105957 516.3782348632812 162.58287048339844 530.7718505859375 193.17112731933594 1.825567 1.8294493 0.51671296 -4.9725876 0.75921065 43.215096 1.6604474782943726 0.4480339586734772
Cyclist 0.0 0 -0.6859973073005676 136.82583618164062 142.71986389160156 339.7869873046875 354.5957336425781 1.7272304 1.7101839 0.545191 -3.3807907 1.4069434 6.6026096 -1.1592292785644531 0.3694402575492859
Cyclist 0.0 0 -1.3004920482635498 207.25404357910156 175.65731811523438 265.1121826171875 271.2115783691406 1.709492 1.6659591 0.5244634 -6.9016776 1.5831735 13.212923 -1.7818539142608643 0.22070075571537018
Car 0.0 0 -1.615609884262085 584.894775390625 157.23043823242188 634.8914794921875 209.82754516601562 4.007901 1.7883106 1.6463646 0.084293626 0.99867666 26.071257 -1.6123766899108887 0.6454561352729797
Car 0.0 0 1.2760030031204224 554.7623901367188 164.84742736816406 617.1895751953125 202.95945739746094 3.9531512 1.5442002 1.6241213 -0.91991323 0.9114905 30.775179 1.2461204528808594 0.37723079323768616
