Pedestrian 0.0 0 1.5963016748428345 799.869140625 142.52333068847656 834.9220581054688 251.2911834716797 0.9635979 1.904756 0.59414095 3.7466464 1.3739593 13.181325 1.873236894607544 0.1942448616027832
Pedestrian 0.0 0 2.585453748703003 813.066650390625 160.3296661376953 876.0914306640625 276.46881103515625 0.79177403 1.8285221 0.5715746 3.7541988 1.6316938 11.731036 2.8951773643493652 0.1408664584159851
Cyclist 0.0 0 -1.1157705783843994 525.9100341796875 187.33273315429688 547.75 220.5525360107422 1.678158 1.7250204 0.4916696 -3.9904463 2.5274897 39.097603 -1.217482089996338 0.21244028210639954
Cyclist 0.0 0 1.618268370628357 657.8811645507812 181.7421112060547 667.6847534179688 207.32533264160156 1.6337235 1.7866211 0.62712723 3.7683935 2.4358516 51.824394 1.6908552646636963 0.14001072943210602
Cyclist 0.0 0 -1.6692554950714111 695.6192626953125 147.21656799316406 712.0780639648438 194.5911407470703 1.6393387 1.8112043 0.48003247 3.6435385 0.8314031 28.409088 -1.5416992902755737 0.13579608500003815
Car 0.0 0 -1.738281488418579 672.9938354492188 191.92359924316406 767.72705078125 264.67852783203125 3.9711463 1.4808252 1.6255417 2.5358582 2.0031211 17.740202 -1.596299171447754 0.7997138500213623
Car 0.0 0 1.7550349235534668 539.073486328125 192.71253967285156 579.8915405273438 220.7617950439453 4.0366945 1.4883118 1.7380078 -3.0159507 2.740244 43.36721 1.6856021881103516 0.18968115746974945
Car 0.0 0 1.4366083145141602 655.7913818359375 185.7056884765625 686.6270751953125 209.36590576171875 3.9913704 1.5992006 1.7321299 4.4285836 2.5801928 53.016346 1.5199472904205322 0.1649070382118225
Car 0.0 0 -0.536636471748352 698.453369140625 159.6892547607422 819.3411865234375 207.4056396484375 3.939047 1.6127702 1.668084 5.273033 1.1681718 25.820053 -0.3351842164993286 0.13205234706401825
Car 0.0 0 1.7933651208877563 480.8699951171875 181.485107421875 535.7496337890625 218.1636199951172 4.1877046 1.5953366 1.7192236 -4.8324957 2.034893 34.554745 1.6544158458709717 0.12238973379135132
