Pedestrian 0.0 0 -3.703050136566162 1064.421142578125 157.55654907226562 1155.40234375 294.82635498046875 0.7278804 1.6550766 0.57793164 6.238988 1.3801255 8.8280945 -3.0878286361694336 0.7387818694114685
Pedestrian 0.0 0 1.2876014709472656 331.7110900878906 141.33786010742188 419.2364501953125 321.136474609375 0.747565 1.695714 0.65621805 -2.3837245 1.3280665 7.157366 0.9661104679107666 0.7162679433822632
Pedestrian 0.0 0 1.526219129562378 839.8408813476562 171.2034454345703 868.1312255859375 242.7845916748047 0.7978872 1.7584227 0.63556814 6.2364373 1.5316464 17.837494 1.8625600337982178 0.2179957628250122
Pedestrian 0.0 0 2.961055278778076 630.9078369140625 173.16543579101562 687.3182373046875 271.5661315917969 0.93793833 1.7593192 0.60415316 0.94081265 1.6298256 12.9874115 3.033369302749634 0.20344950258731842
Pedestrian 0.0 0 -0.4206521511077881 820.9332885742188 183.5557861328125 868.1212768554688 272.8130798339844 0.6767471 1.7178189 0.6481406 4.6865363 1.7814329 13.982354 -0.09724496304988861 0.16553688049316406
Pedestrian 0.0 0 -2.167401075363159 1111.1871337890625 187.83180236816406 1224.0 370.0 0.6826552 1.6558082 0.66414404 4.314226 1.7164062 5.3055944 -1.4846951961517334 0.144875168800354
Pedestrian 0.0 0 -0.768049955368042 982.6762084960938 191.2259521484375 1123.421630859375 370.0 0.6672961 1.6208411 0.58709365 3.2710054 1.7080753 5.2754416 -0.21302250027656555 0.13680069148540497
Cyclist 0.0 0 -1.9936916828155518 0.0 180.42367553710938 56.218807220458984 263.2416076660156 1.8294156 1.5833232 0.6374579 -11.942087 1.5834979 14.196329 -2.6930601596832275 0.22623685002326965
Cyclist 0.0 0 -2.329491138458252 1134.984619140625 152.83705139160156 1224.0 257.8995056152344 1.7161374 1.6836506 0.5296018 10.056483 1.2419996 12.199999 -1.6401066780090332 0.17022445797920227
Cyclist 0.0 0 -1.6370916366577148 850.2996215820312 143.35890197753906 890.5347290039062 250.5142364501953 1.7815363 1.7419804 0.5343148 4.593093 1.1398456 12.419192 -1.2828539609909058 0.15513651072978973
Cyclist 0.0 0 3.7335257530212402 36.81416702270508 193.0817108154297 104.31476593017578 255.53433227539062 1.4269221 1.7512114 0.65524113 -15.391554 2.1212683 20.335938 3.0856456756591797 0.12283503264188766
Car 0.0 0 1.8037059307098389 49.256866455078125 185.7099609375 130.90084838867188 229.7886199951172 3.9755979 1.4757243 1.5775903 -19.066948 1.6868769 26.309698 1.1765867471694946 0.19645337760448456
Car 0.0 0 -1.3805856704711914 295.2638244628906 195.43032836914062 378.48553466796875 253.0457000732422 3.55449 1.4133312 1.5742368 -7.5852985 1.8813249 20.199743 -1.739807367324829 0.12527525424957275
Car 0.0 0 -0.016185399144887924 583.13525390625 177.91537475585938 681.123291015625 213.53421020507812 3.9488568 1.4342225 1.5904769 1.0842308 1.3316437 29.301077 0.02080082893371582 0.12055943161249161
Car 0.0 0 -1.2742379903793335 485.00408935546875 140.882080078125 581.9246215820312 204.63650512695312 4.225003 1.6953301 1.6978086 -2.031601 0.64341193 21.03573 -1.3705179691314697 0.11941748112440109
