Pedestrian 0.0 0 -1.7262848615646362 778.9039306640625 170.0504150390625 798.0496215820312 213.5093536376953 0.8385798 1.7273773 0.6262209 7.155969 1.6163006 29.120955 -1.4853265285491943 0.4570743143558502
Pedestrian 0.0 0 -0.773255467414856 956.8394775390625 158.4014892578125 1012.2657470703125 245.6257781982422 0.8274498 1.7795421 0.63062954 7.8034883 1.4850411 15.140699 -0.2973653972148895 0.25663551688194275
Pedestrian 0.0 0 -1.8432130813598633 1195.1365966796875 139.25552368164062 1242.0 251.583251953125 0.7493598 1.7633328 0.7029457 10.085536 1.236258 11.81182 -1.1364874839782715 0.20957478880882263
Pedestrian 0.0 0 -3.2138373851776123 887.6618041992188 175.62513732910156 913.2284545898438 228.860595703125 0.762877 1.7767392 0.6091066 9.822033 1.8728651 24.52695 -2.8329355716705322 0.20407864451408386
Cyclist 0.0 0 -1.9087374210357666 923.2467651367188 149.67604064941406 997.6483154296875 263.1954345703125 1.8450961 1.8139215 0.5665072 5.958968 1.4439197 12.474325 -1.4630895853042603 0.9074633717536926
Cyclist 0.0 0 -1.9048885107040405 982.1678466796875 155.55343627929688 1046.386962890625 244.57040405273438 1.7639607 1.7747633 0.6380316 8.486111 1.4301935 15.306401 -1.3986613750457764 0.26934564113616943
Cyclist 0.0 0 -1.675479531288147 779.2053833007812 169.8744659423828 797.5134887695312 212.92906188964844 0.8901318 1.7108811 0.6267575 7.1588893 1.5928404 29.152822 -1.4346801042556763 0.1350407749414444
Cyclist 0.0 0 -0.9432026147842407 1183.6212158203125 140.717041015625 1242.0 252.79888916015625 0.987357 1.7587162 0.7075443 10.058037 1.2548016 11.778729 -0.23643991351127625 0.13175833225250244
Car 0.0 0 1.3511981964111328 1027.667724609375 177.26478576660156 1060.1185302734375 195.81227111816406 3.8840451 1.5329412 1.6052427 37.65237 1.9295695 62.725037 1.891821026802063 0.303368479013443
Car 0.0 0 1.4113291501998901 895.4696044921875 180.92605590820312 936.089111328125 207.20196533203125 3.9858663 1.5213186 1.7247757 19.076067 2.051641 45.228657 1.8104603290557861 0.22402144968509674
Car 0.0 0 2.086656093597412 91.75981903076172 191.8159942626953 159.63156127929688 220.41128540039062 4.037898 1.5439978 1.6408405 -29.324238 2.7495236 43.781807 1.4965002536773682 0.21300320327281952
