Pedestrian 0.0 0 -1.264539122581482 972.796875 172.0876007080078 1036.9644775390625 272.3450927734375 1.8132132 1.733113 0.5172721 7.239927 1.7202226 13.284902 -0.7655627727508545 0.1185174211859703
Cyclist 0.0 0 -1.264539122581482 972.796875 172.0876007080078 1036.9644775390625 272.3450927734375 1.8132132 1.733113 0.5172721 7.239927 1.7202226 13.284902 -0.7655627727508545 0.24924613535404205
Car 0.0 0 1.7635754346847534 351.11529541015625 194.24403381347656 467.3830261230469 280.382568359375 4.1012387 1.4942348 1.6533598 -4.2394404 2.021402 15.663327 1.4992482662200928 0.875223696231842
Car 0.0 0 1.8890423774719238 177.10621643066406 182.96144104003906 411.1438903808594 350.5614013671875 3.3734713 1.5365723 1.5052937 -3.5208757 1.6811816 8.558368 1.498750925064087 0.8672489523887634
Car 0.0 0 -1.9785192012786865 743.2461547851562 151.84542846679688 1019.48095703125 320.0294189453125 4.3132215 1.6916566 1.68728 3.115179 1.4807025 9.478576 -1.6609852313995361 0.8503385186195374
Car 0.0 0 1.7317689657211304 476.9051818847656 184.54478454589844 525.4083251953125 219.10304260253906 4.2772026 1.5428146 1.7162656 -5.3691072 2.1582859 35.812252 1.5829535722732544 0.6997931599617004
Car 0.0 0 2.282676935195923 0.0 200.33834838867188 270.3601379394531 375.0 3.7535877 1.4492445 1.5537442 -3.4698896 1.6670741 3.8094554 1.5438928604125977 0.6962294578552246
Car 0.0 0 0.7631651759147644 953.7906494140625 194.23085021972656 1242.0 375.0 3.8657794 1.4341727 1.5819429 3.3409739 1.5941048 3.4243338 1.5362422466278076 0.5106069445610046
Car 0.0 0 1.5829081535339355 611.0054931640625 180.19195556640625 630.6246337890625 199.4927520751953 3.9280648 1.5508654 1.618001 0.9213901 2.1965744 61.469257 1.5978964567184448 0.2593730092048645
Car 0.0 0 1.5189610719680786 500.6724548339844 185.8571014404297 532.2095336914062 214.28208923339844 4.0329733 1.5379449 1.6536076 -5.6652417 2.3538888 43.120872 1.3883287906646729 0.2442762851715088
