Pedestrian 0.0 0 -1.4508990049362183 394.5618896484375 178.14071655273438 413.28912353515625 224.63369750976562 0.7247619 1.7275202 0.6004536 -7.8370786 1.930932 27.30483 -1.7304069995880127 0.21348130702972412
Pedestrian 0.0 0 -1.3110339641571045 117.36927032470703 141.9284210205078 201.73870849609375 288.30377197265625 1.8088964 1.75879 0.5065126 -5.9976354 1.387558 9.605907 -1.8691797256469727 0.13854871690273285
Cyclist 0.0 0 -1.3033215999603271 111.83313751220703 142.30484008789062 198.3952178955078 288.1744689941406 1.8201749 1.738622 0.50641817 -6.0145426 1.3748639 9.541662 -1.865755558013916 0.43099701404571533
Cyclist 0.0 0 -1.3232345581054688 446.69696044921875 186.41220092773438 462.72625732421875 222.9735870361328 1.5748272 1.6916544 0.38298863 -7.5124354 2.3602192 34.76416 -1.5360591411590576 0.20811748504638672
Car 0.0 0 1.959900975227356 31.552980422973633 201.68357849121094 406.7825927734375 375.0 3.5929224 1.4550757 1.5423297 -3.0457702 1.7845659 6.398425 1.5156217813491821 0.8958771228790283
Car 0.0 0 -1.7138110399246216 620.436767578125 171.2023162841797 686.7324829101562 223.41015625 3.7192373 1.5733237 1.6367606 1.3025092 1.5239071 23.66572 -1.6588287353515625 0.8935002088546753
Car 0.0 0 -1.568190097808838 460.8644104003906 178.6193389892578 518.49169921875 233.44866943359375 4.404002 1.5675567 1.6743193 -3.945313 1.7735287 23.42074 -1.735077142715454 0.7774356007575989
Car 0.0 0 1.4124534130096436 604.02197265625 177.5379638671875 652.4280395507812 212.6355743408203 4.0058665 1.5114312 1.637296 0.7498039 1.7443347 33.724094 1.4346832036972046 0.457355797290802
Car 0.0 0 0.8079821467399597 996.492431640625 186.131103515625 1242.0 375.0 3.9429622 1.4533619 1.60621 2.6885006 1.5304831 2.1024377 1.7151029109954834 0.4320508539676666
Car 0.0 0 -1.5659466981887817 646.8439331054688 150.9690399169922 675.23876953125 179.5584716796875 3.6764739 1.6827036 1.6694778 3.1109705 0.39496714 44.360703 -1.4959323406219482 0.27654075622558594
