Pedestrian 0.0 0 -1.5144046545028687 980.594970703125 144.62208557128906 1011.6978759765625 215.69100952148438 0.9213826 1.8552903 0.6885202 10.34356 1.1186401 19.405844 -1.0246970653533936 0.5660213232040405
Pedestrian 0.0 0 1.2358702421188354 1168.0260009765625 104.67167663574219 1242.0 262.708740234375 0.8472044 1.7990471 0.6699231 7.2584624 1.0232376 8.7253 1.9297542572021484 0.34804677963256836
Cyclist 0.0 0 -1.8475072383880615 999.0673217773438 156.97767639160156 1034.1805419921875 218.67791748046875 1.7780465 1.7515465 0.4331248 11.989853 1.3012077 21.395277 -1.336716651916504 0.41028690338134766
Car 0.0 0 -2.639756679534912 104.15524291992188 186.66273498535156 379.1116027832031 282.44769287109375 3.9549067 1.5122199 1.6497726 -6.3125343 1.7697626 12.541159 -3.106076955795288 0.8143791556358337
Car 0.0 0 -2.407407522201538 0.0 193.4100799560547 238.35255432128906 348.61346435546875 3.8459427 1.4301639 1.5845408 -6.3726616 1.6767963 7.7605953 -3.0949161052703857 0.8076609969139099
Car 0.0 0 -1.649117112159729 656.36669921875 176.10060119628906 693.9549560546875 205.9088592529297 4.1975875 1.465903 1.6384958 3.3446455 1.6469412 38.04605 -1.561432123184204 0.7246044278144836
Car 0.0 0 -2.640523910522461 175.6177215576172 182.10948181152344 388.8963317871094 261.05230712890625 3.7220106 1.5117829 1.6000826 -6.7581525 1.7163624 14.976794 -3.0644099712371826 0.7106349468231201
Car 0.0 0 -2.203981399536133 802.9487915039062 182.83154296875 1242.0 375.0 4.2637095 1.4860117 1.6321665 2.622603 1.5756663 4.26349 -1.6525107622146606 0.6652300953865051
Car 0.0 0 0.43245041370391846 351.70806884765625 180.55157470703125 499.9176025390625 231.09109497070312 4.1917176 1.4720701 1.6337458 -5.76157 1.725733 22.557508 0.18237996101379395 0.5726466178894043
Car 0.0 0 0.27572110295295715 389.98077392578125 184.6729736328125 512.7843017578125 229.7663116455078 3.848237 1.4685007 1.5966195 -5.457683 1.891458 24.884647 0.05982017517089844 0.45349612832069397
Car 0.0 0 -2.9098243713378906 401.3023986816406 177.89950561523438 513.186279296875 218.4481658935547 3.9744685 1.5113935 1.6381388 -5.9056273 1.7134331 27.972979 -3.1178879737854004 0.3836885690689087
Car 0.0 0 3.2464306354522705 446.64208984375 184.2425079345703 535.5060424804688 218.73081970214844 3.7838495 1.4736847 1.5873313 -5.3131437 1.9985545 32.326447 3.0835280418395996 0.3719399869441986
