Pedestrian 0.0 0 -1.1822569370269775 496.1378173828125 186.86773681640625 532.6411743164062 247.30625915527344 0.8492198 1.712724 0.79652625 -2.5616403 1.8743335 20.95959 -1.3038718700408936 0.5288801193237305
Pedestrian 0.0 0 -1.5933197736740112 706.5449829101562 167.4652557373047 737.1430053710938 249.04217529296875 0.88618225 1.8170732 0.6690468 2.7173343 1.505676 16.483503 -1.429937481880188 0.5122334957122803
Pedestrian 0.0 0 -0.6896535158157349 756.16162109375 166.0698699951172 787.7208862304688 223.64566040039062 0.74164706 1.8044289 0.64301044 5.421969 1.321955 22.962337 -0.4577762186527252 0.4270519018173218
Pedestrian 0.0 0 1.3508353233337402 531.7356567382812 176.5467071533203 545.3670654296875 206.779296875 0.84630936 1.792549 0.64460415 -3.7722635 1.4996241 43.089703 1.2635135650634766 0.407927006483078
Pedestrian 0.0 0 -2.94972825050354 548.0304565429688 179.13742065429688 576.6822509765625 210.7218475341797 1.542785 1.8032876 0.72446066 -2.2507732 1.6691912 41.474827 -3.00394344329834 0.10733737051486969
Cyclist 0.0 0 -1.600808024406433 687.2410278320312 173.82086181640625 710.8508911132812 236.71035766601562 1.8398412 1.7316598 0.6134793 2.771193 1.5213689 20.72328 -1.467872977256775 0.5756785273551941
Cyclist 0.0 0 -2.94972825050354 548.0304565429688 179.13742065429688 576.6822509765625 210.7218475341797 1.542785 1.8032876 0.72446066 -2.2507732 1.6691912 41.474827 -3.00394344329834 0.27317965030670166
Cyclist 0.0 0 -1.182857871055603 495.4421691894531 186.7194061279297 532.8198852539062 247.4287872314453 0.91051996 1.7163815 0.7983501 -2.5663223 1.8736565 20.943764 -1.3047840595245361 0.12043015658855438
Car 0.0 0 1.7593568563461304 282.15838623046875 149.76861572265625 478.91058349609375 339.93817138671875 4.0191493 1.9061105 1.6236756 -2.6138258 1.5894272 9.269471 1.4845110177993774 0.42039862275123596
Car 0.0 0 2.20440936088562 0.0 0.0 358.64825439453125 374.0 4.177929 1.5777274 1.6435988 -2.754956 1.1512686 3.5893753 1.549782633781433 0.3883780837059021
Car 0.0 0 -1.708184838294983 648.6058349609375 171.775634765625 690.6420288085938 205.05438232421875 4.129802 1.6965106 1.6940517 3.612925 1.2016416 38.717663 -1.6151396036148071 0.377709299325943
Car 0.0 0 1.6982312202453613 641.9737548828125 178.76901245117188 671.1493530273438 202.08370971679688 3.71493 1.5810487 1.5952638 3.9380188 1.3965133 50.691067 1.7757620811462402 0.2167501449584961
Car 0.0 0 1.722137689590454 569.33203125 176.95887756347656 594.2005615234375 194.38299560546875 4.153027 1.5266857 1.6473274 -1.7136725 1.1292169 65.10027 1.6958202123641968 0.19781382381916046
