Pedestrian 0.0 0 -2.622816562652588 241.88052368164062 153.19947814941406 308.4359130859375 262.7413024902344 0.7808873 1.7271677 0.61023545 -5.4755063 1.4176288 11.709729 -3.0602123737335205 0.3778521418571472
Pedestrian 0.0 0 -1.1759065389633179 722.0264282226562 154.2329864501953 752.111328125 215.896240234375 0.7918822 1.7490494 0.60381186 3.6481578 1.221231 20.959478 -1.003575325012207 0.18584762513637543
Pedestrian 0.0 0 0.35084623098373413 904.0707397460938 152.77084350585938 934.1439208984375 208.7449951171875 0.74319625 1.7888522 0.59355265 10.034007 1.147382 23.527271 0.7539732456207275 0.178910493850708
Pedestrian 0.0 0 -1.2350947856903076 136.90003967285156 155.0463104248047 231.76824951171875 308.8559265136719 1.3153225 1.6614813 0.5616424 -5.0197687 1.4694769 8.491522 -1.76898193359375 0.10963185131549835
Cyclist 0.0 0 -1.1380729675292969 1210.6209716796875 163.85739135742188 1242.0 209.05429077148438 1.7817724 1.7525429 0.65958536 24.694485 1.4040507 28.644272 -0.42659080028533936 0.19340172410011292
Cyclist 0.0 0 -1.2350947856903076 136.90003967285156 155.0463104248047 231.76824951171875 308.8559265136719 1.3153225 1.6614813 0.5616424 -5.0197687 1.4694769 8.491522 -1.76898193359375 0.15925374627113342
Car 0.0 0 -1.361868977546692 1065.116455078125 176.3020782470703 1205.6048583984375 256.7663269042969 3.765771 1.4084696 1.552471 10.662485 1.4874798 14.620198 -0.7317491769790649 0.8161798715591431
Car 0.0 0 1.913328766822815 856.093994140625 173.56370544433594 1065.4375 295.64556884765625 3.673579 1.4435198 1.556978 5.1032057 1.4559078 10.389074 2.3699188232421875 0.8100087642669678
Car 0.0 0 -0.9688130021095276 584.7313842773438 161.4340057373047 888.2399291992188 332.5135192871094 3.3933854 1.409197 1.5015424 1.4303147 1.3154874 7.670616 -0.7844634056091309 0.7560059428215027
Car 0.0 0 -2.977705240249634 1067.7568359375 169.19058227539062 1200.2664794921875 211.32455444335938 3.6463046 1.4043736 1.5377449 18.68591 1.2826258 25.882587 -2.3523998260498047 0.5102362036705017
