Pedestrian 0.0 0 0.6973579525947571 293.8844299316406 143.34695434570312 336.390380859375 217.49649047851562 0.77294475 1.8592409 0.6502808 -7.61073 1.1197332 18.516075 0.3073761463165283 0.24179819226264954
Cyclist 0.0 0 -1.6795246601104736 135.14817810058594 195.5354766845703 157.4250030517578 254.9109344482422 1.5637566 1.6621213 0.38732508 -13.861735 2.3607628 21.481745 -2.2525744438171387 0.17519716918468475
Car 0.0 0 1.496132254600525 368.27593994140625 175.18577575683594 419.0209655761719 215.2798614501953 4.140731 1.471404 1.6321812 -8.784422 1.5725551 28.961004 1.201633334159851 0.4613768458366394
Car 0.0 0 1.4191830158233643 756.3128051757812 191.7077178955078 787.5068969726562 213.8015594482422 3.8273742 1.4923103 1.7155045 12.061692 2.956687 54.05827 1.6387110948562622 0.3386062979698181
Car 0.0 0 2.1027894020080566 410.60662841796875 184.56228637695312 449.158203125 202.6810302734375 3.805831 1.469841 1.5643145 -15.7612295 2.529348 63.222034 1.8584699630737305 0.3236222565174103
Car 0.0 0 2.313286304473877 320.0227355957031 182.7928009033203 363.7823791503906 200.2744903564453 3.9218433 1.5301149 1.6255188 -25.123932 2.4921055 67.6873 1.9578720331192017 0.2558281421661377
Car 0.0 0 1.9028913974761963 256.43402099609375 193.15528869628906 304.0746154785156 219.80642700195312 3.7934158 1.5873376 1.7381499 -21.878458 2.9922645 47.946434 1.4748021364212036 0.19493381679058075
Car 0.0 0 1.4606977701187134 1136.9913330078125 188.30966186523438 1180.76025390625 216.3304443359375 3.677748 1.5047961 1.673981 32.593967 2.4686286 42.96865 2.109649896621704 0.19119879603385925
Car 0.0 0 -3.3719301223754883 1134.80712890625 194.9530792236328 1242.0 234.06350708007812 3.75166 1.5778936 1.6652832 26.019302 2.6193924 32.43053 -2.6957828998565674 0.17977404594421387
Car 0.0 0 1.5315673351287842 1036.96826171875 187.30213928222656 1097.5909423828125 236.0040740966797 3.7658923 1.4582131 1.6006416 15.612785 1.9966521 24.837679 2.0927460193634033 0.1764591634273529
