Pedestrian 0.0 0 -3.078472137451172 770.2894287109375 126.3858871459961 819.13330078125 238.60496520996094 0.75916034 1.8182365 0.5889145 3.0473387 1.0656918 12.084266 -2.8314483165740967 0.48782986402511597
Pedestrian 0.0 0 -1.8735439777374268 738.05615234375 157.6957550048828 763.974853515625 201.88534545898438 1.6979573 1.7371596 0.54571724 5.657762 1.141624 29.236078 -1.6823869943618774 0.16121456027030945
Cyclist 0.0 0 -1.8735439777374268 738.05615234375 157.6957550048828 763.974853515625 201.88534545898438 1.6979573 1.7371596 0.54571724 5.657762 1.141624 29.236078 -1.6823869943618774 0.3737502992153168
Car 0.0 0 -1.9440127611160278 775.9559326171875 183.85154724121094 1068.965576171875 365.3122253417969 3.545487 1.4362699 1.562644 2.9243896 1.5812496 7.7049365 -1.581261157989502 0.929768979549408
Car 0.0 0 2.0046427249908447 43.287384033203125 202.77427673339844 353.4020690917969 375.0 3.8567355 1.4488811 1.5950418 -4.4596405 1.8816794 8.458953 1.5194652080535889 0.9069363474845886
Car 0.0 0 -1.7530527114868164 696.0599365234375 187.50482177734375 798.6407470703125 263.6375732421875 3.760515 1.4503226 1.5898887 2.929984 1.8210182 16.351831 -1.5757503509521484 0.8810808062553406
Car 0.0 0 1.8499842882156372 298.9405822753906 187.3958740234375 437.7043151855469 289.00848388671875 3.6025567 1.6095669 1.5582911 -4.4914536 1.9245043 13.77793 1.5348581075668335 0.8720922470092773
Car 0.0 0 1.8086495399475098 393.95660400390625 184.68243408203125 494.9541320800781 258.6111145019531 4.2117934 1.6944574 1.6776472 -4.33802 2.0465524 19.333347 1.5879251956939697 0.8184918761253357
Car 0.0 0 -1.737042784690857 678.296142578125 182.99745178222656 751.36669921875 237.78573608398438 3.751398 1.5023134 1.6218127 3.1123605 1.8440434 22.382471 -1.5988752841949463 0.7736701369285583
Car 0.0 0 1.6014831066131592 521.2543334960938 186.49302673339844 544.0479125976562 208.02169799804688 3.8407118 1.4896145 1.5938265 -5.8274183 2.555674 54.40018 1.494768738746643 0.525431215763092
Car 0.0 0 -2.192122459411621 0.0 0.0 1242.0 375.0 3.9637651 1.4187455 1.5790119 2.4723637 1.5427675 1.8250489 -1.2572191953659058 0.44181305170059204
