Pedestrian 0.0 0 -1.5232086181640625 537.5703735351562 174.44302368164062 551.2876586914062 213.10728454589844 0.9280691 1.6898755 0.56490284 -2.948438 1.7618674 32.048252 -1.6149502992630005 0.1724558174610138
Pedestrian 0.0 0 -0.9489989876747131 1.2890431880950928 170.39295959472656 67.63690185546875 233.29794311523438 1.8625377 1.7836839 0.55952 -17.076187 1.7142586 21.40108 -1.62246572971344 0.11263076961040497
Cyclist 0.0 0 -0.9812979698181152 1.6385185718536377 169.69760131835938 66.47290802001953 232.37567138671875 1.8712893 1.7745546 0.5564466 -17.073002 1.6855481 21.381332 -1.6551238298416138 0.7365062832832336
Cyclist 0.0 0 -1.794425129890442 801.74365234375 178.2133026123047 818.2173461914062 217.95069885253906 1.6335663 1.6923245 0.34220067 8.756734 1.9348092 31.771751 -1.5254883766174316 0.22653159499168396
Cyclist 0.0 0 1.6336230039596558 537.3814697265625 173.95614624023438 551.4188232421875 213.33004760742188 1.0661834 1.7158827 0.55622846 -2.9457543 1.7659701 32.012478 1.5418624877929688 0.10418926924467087
Car 0.0 0 1.9945015907287598 195.11062622070312 179.3280487060547 311.1822509765625 235.31687927246094 4.268028 1.5757802 1.6949583 -11.230571 1.8015786 22.963366 1.5396404266357422 0.8403184413909912
Car 0.0 0 1.8492870330810547 362.60064697265625 180.65309143066406 416.2845764160156 212.40882873535156 4.0262756 1.5124819 1.6148437 -11.39031 1.9388754 37.385406 1.5535489320755005 0.7863994836807251
Car 0.0 0 -1.6035194396972656 558.6099243164062 178.0052947998047 715.6737670898438 317.2068786621094 3.7222674 1.4060531 1.6192144 0.20556961 1.4861268 9.293381 -1.5814030170440674 0.75587397813797
Car 0.0 0 -1.5277445316314697 585.997314453125 171.7949981689453 640.65576171875 223.0215606689453 3.7320938 1.5084312 1.5929712 0.13014214 1.4776057 23.146439 -1.5221220254898071 0.31660404801368713
Car 0.0 0 2.3607027530670166 0.0 182.91445922851562 34.593910217285156 233.82833862304688 3.7822754 1.5082039 1.5759122 -21.606617 1.8711643 24.069262 1.6291680335998535 0.1743869036436081
