Pedestrian 0.0 0 1.7784074544906616 315.5384216308594 149.00201416015625 339.99652099609375 200.84690856933594 1.5096537 1.8544611 0.5424249 -10.434258 1.0016476 26.59554 1.4045295715332031 0.12038777768611908
Cyclist 0.0 0 1.7784074544906616 315.5384216308594 149.00201416015625 339.99652099609375 200.84690856933594 1.5096537 1.8544611 0.5424249 -10.434258 1.0016476 26.59554 1.4045295715332031 0.20425045490264893
Cyclist 0.0 0 -1.6847726106643677 712.3355712890625 184.73101806640625 726.1826171875 224.24142456054688 1.5781642 1.6635249 0.42066413 4.7450147 2.1980264 31.650934 -1.535963773727417 0.1845221370458603
Car 0.0 0 1.4977092742919922 652.7294921875 180.8870849609375 723.7070922851562 244.78018188476562 4.206921 1.5949955 1.6869774 2.0892298 1.8491771 20.669914 1.5984430313110352 0.8864092230796814
Car 0.0 0 1.8876005411148071 204.38885498046875 186.08184814453125 431.13360595703125 328.4841613769531 4.1361756 1.50696 1.6674798 -3.8258433 1.7315737 10.126644 1.526377558708191 0.8854840993881226
Car 0.0 0 1.7041703462600708 469.0596618652344 184.97006225585938 528.986572265625 230.51756286621094 4.2014956 1.5007685 1.670015 -4.1105494 1.9902761 27.012026 1.5531541109085083 0.8632158041000366
Car 0.0 0 -1.715366005897522 630.6057739257812 185.8048553466797 687.5939331054688 230.8138427734375 3.8421755 1.5208287 1.6130373 1.7552247 2.0503151 27.496943 -1.6516190767288208 0.5834895968437195
Car 0.0 0 1.7067265510559082 507.1876525878906 184.6439971923828 543.6465454101562 212.9438018798828 3.8599627 1.50976 1.6036501 -4.9162493 2.2291584 42.05659 1.5903586149215698 0.3986035883426666
Car 0.0 0 1.6677879095077515 528.2428588867188 180.46722412109375 557.4320678710938 204.36216735839844 4.0300508 1.5337304 1.617547 -4.607406 2.078923 49.615017 1.5751903057098389 0.2044810950756073
Car 0.0 0 2.180562734603882 463.6576232910156 183.1575927734375 539.4238891601562 218.3069610595703 3.8002923 1.4773942 1.5997528 -5.0180593 1.9868214 33.588684 2.0322623252868652 0.19033832848072052
