Pedestrian 0.0 0 -1.4913933277130127 856.5440063476562 161.44271850585938 909.790771484375 292.7975769042969 0.8658145 1.678696 0.6059907 3.7689936 1.4237003 9.699207 -1.1207635402679443 0.6966792941093445
Pedestrian 0.0 0 1.4548448324203491 718.2218627929688 171.72337341308594 777.984619140625 318.39288330078125 0.86912537 1.7132074 0.61793286 1.7406734 1.600356 8.845476 1.649148941040039 0.658799946308136
Pedestrian 0.0 0 -2.7501039505004883 690.0244750976562 170.09597778320312 723.561279296875 227.17384338378906 0.8945188 1.7611334 0.5745012 3.2941642 1.4103765 22.636946 -2.6055967807769775 0.619988203048706
Pedestrian 0.0 0 -0.2560119330883026 754.5731811523438 162.4766082763672 841.5064697265625 331.3382568359375 0.73678505 1.646947 0.5224996 1.9242692 1.462778 7.2657843 0.0028841495513916016 0.6093095541000366
Pedestrian 0.0 0 -2.138633966445923 804.2853393554688 169.34510803222656 885.7492065429688 318.05316162109375 0.7517831 1.6775408 0.6052504 2.8327234 1.5417761 8.539335 -1.8183302879333496 0.5685915350914001
Pedestrian 0.0 0 -1.804442286491394 787.9395751953125 172.72959899902344 842.6463623046875 297.7666320800781 0.7046303 1.6525975 0.5679694 2.8761814 1.5380085 9.857654 -1.5205516815185547 0.47675931453704834
Pedestrian 0.0 0 -2.9563074111938477 528.3685913085938 159.56361389160156 589.146728515625 253.59222412109375 1.0692549 1.7709422 0.6963043 -0.85589254 1.3590504 13.938147 -3.017636775970459 0.44620901346206665
Pedestrian 0.0 0 -2.1352522373199463 925.4575805664062 155.30490112304688 1098.8287353515625 374.0 0.74430573 1.5992407 0.60768974 2.4073284 1.4552279 4.375683 -1.632285714149475 0.4224834442138672
Pedestrian 0.0 0 -2.20548152923584 806.8995361328125 161.90708923339844 865.6988525390625 262.0582275390625 0.7302473 1.7167364 0.69449425 4.1242547 1.3821656 12.766991 -1.893022894859314 0.42212486267089844
Pedestrian 0.0 0 -2.474700450897217 851.7796020507812 163.85154724121094 979.3773193359375 374.0 0.76473224 1.6685563 0.5891371 2.527052 1.5358611 5.932126 -2.0719878673553467 0.3490477204322815
Pedestrian 0.0 0 -3.2770562171936035 756.6177368164062 161.4823455810547 797.5814819335938 265.0419921875 0.58611184 1.6794174 0.5883718 2.875975 1.3560845 11.968625 -3.041234254837036 0.3196641802787781
Pedestrian 0.0 0 1.6416207551956177 785.7511596679688 150.4715576171875 803.146728515625 198.03643798828125 0.80008394 1.8843788 0.622825 7.7612834 0.6561305 28.935524 1.9036791324615479 0.273529976606369
Pedestrian 0.0 0 1.886671543121338 304.38555908203125 164.83738708496094 344.0824890136719 239.01962280273438 1.1100422 1.8158349 0.6243522 -7.0231867 1.4091581 18.151672 1.5174944400787354 0.26319965720176697
Pedestrian 0.0 0 -1.5159220695495605 560.87158203125 162.6785430908203 575.0830688476562 201.38046264648438 0.6619831 1.8569285 0.6534649 -1.6266975 0.9547739 34.796936 -1.562636375427246 0.2576134502887726
Pedestrian 0.0 0 -3.216630220413208 666.89404296875 169.00689697265625 700.0450439453125 220.93701171875 1.0982183 1.7795572 0.6313621 2.8183692 1.3525113 24.949533 -3.104144334793091 0.24997544288635254
Pedestrian 0.0 0 -0.7503752708435059 703.6858520507812 166.8140869140625 746.0006713867188 251.07022094726562 0.60080475 1.6980186 0.62373906 2.519323 1.4032961 14.899754 -0.5828746557235718 0.22668732702732086
Pedestrian 0.0 0 -2.052886962890625 432.7789001464844 173.34457397460938 507.9654846191406 267.1112976074219 1.8006037 1.7371662 0.7039878 -2.661588 1.5873383 14.230708 -2.2377820014953613 0.10760964453220367
Cyclist 0.0 0 -2.083012819290161 431.96417236328125 172.63902282714844 510.8194885253906 266.25384521484375 1.8243057 1.7284002 0.72554624 -2.6345823 1.566065 14.192589 -2.266554594039917 0.39740830659866333
Cyclist 0.0 0 -2.8473939895629883 519.1106567382812 161.67442321777344 604.5912475585938 254.44656372070312 1.5270927 1.7360028 0.67973846 -0.7992628 1.3662771 13.948877 -2.9046308994293213 0.38255617022514343
Cyclist 0.0 0 -3.216630220413208 666.89404296875 169.00689697265625 700.0450439453125 220.93701171875 1.0982183 1.7795572 0.6313621 2.8183692 1.3525113 24.949533 -3.104144334793091 0.2103084772825241
Cyclist 0.0 0 1.886671543121338 304.38555908203125 164.83738708496094 344.0824890136719 239.01962280273438 1.1100422 1.8158349 0.6243522 -7.0231867 1.4091581 18.151672 1.5174944400787354 0.1630287617444992
Cyclist 0.0 0 -1.4913933277130127 856.5440063476562 161.44271850585938 909.790771484375 292.7975769042969 0.8658145 1.678696 0.6059907 3.7689936 1.4237003 9.699207 -1.1207635402679443 0.12702493369579315
Car 0.0 0 1.7002838850021362 533.65380859375 178.27430725097656 599.7157592773438 227.71160888671875 4.2297254 1.4953 1.658021 -1.0876398 1.3988553 23.901398 1.6548099517822266 0.7657821774482727
