Pedestrian 0.0 0 -2.039013147354126 737.682373046875 161.15415954589844 824.385009765625 332.6207580566406 0.7950243 1.6822456 0.5768984 1.8071231 1.4840039 7.4980426 -1.8025109767913818 0.7155715823173523
Pedestrian 0.0 0 -1.8613190650939941 649.7935180664062 170.39491271972656 688.688232421875 243.70445251464844 0.8295329 1.6833978 0.7042432 1.557786 1.4296025 16.968605 -1.769771695137024 0.6998893618583679
Pedestrian 0.0 0 -3.6737637519836426 1066.904296875 145.14979553222656 1181.2530517578125 296.2832336425781 0.93611044 1.7796504 0.64594245 6.343459 1.3529595 8.820343 -3.0502777099609375 0.6759383082389832
Pedestrian 0.0 0 -2.301058053970337 353.3069152832031 166.65721130371094 418.0470886230469 271.66143798828125 0.8649673 1.72656 0.6516335 -3.7381349 1.4837923 12.311772 -2.5958352088928223 0.6549839973449707
Pedestrian 0.0 0 -1.8760228157043457 0.0 171.39382934570312 94.18760681152344 346.7648620605469 1.0506661 1.7303249 0.5688245 -5.9792767 1.6319798 7.616306 -2.5415890216827393 0.6457889080047607
Pedestrian 0.0 0 1.7039519548416138 397.7403564453125 172.7414093017578 432.20220947265625 252.58580017089844 0.8735059 1.8326454 0.6801075 -4.426807 1.6328216 16.960056 1.4486346244812012 0.6180890798568726
Pedestrian 0.0 0 -1.0734156370162964 986.382568359375 154.01657104492188 1066.461669921875 277.7243957519531 1.0026313 1.7523353 0.62600553 6.286943 1.364346 10.699471 -0.5421682596206665 0.5393169522285461
Pedestrian 0.0 0 1.3512369394302368 830.2942504882812 160.06492614746094 917.5985107421875 337.531005859375 0.91618985 1.7713411 0.6803153 2.830542 1.558759 7.66676 1.7049100399017334 0.47971636056900024
Pedestrian 0.0 0 -1.295088529586792 420.3502197265625 178.59832763671875 462.1456298828125 260.56097412109375 1.0698607 1.7679403 0.6470319 -3.599703 1.7065773 16.043829 -1.5158002376556396 0.3935166299343109
Pedestrian 0.0 0 -1.3414093255996704 272.4606018066406 155.22706604003906 294.87762451171875 201.9640655517578 0.8763055 1.8855149 0.6606705 -13.046493 0.8265807 29.469269 -1.7581887245178223 0.36563846468925476
Pedestrian 0.0 0 0.2507284879684448 359.3367919921875 173.61341857910156 382.8388366699219 221.75482177734375 0.6917359 1.7372162 0.59878075 -8.431069 1.4536726 26.238651 -0.0601736456155777 0.35462307929992676
Pedestrian 0.0 0 -1.8004380464553833 841.5995483398438 158.7052459716797 900.0107421875 276.6091613769531 0.84946203 1.7738347 0.6780971 4.164213 1.4321992 11.268057 -1.4464459419250488 0.32879337668418884
Pedestrian 0.0 0 -1.2636096477508545 1153.8172607421875 150.79949951171875 1238.0 290.9370422363281 1.6648277 1.6717483 0.52675 7.728266 1.3068554 9.235813 -0.5668456554412842 0.13827501237392426
Cyclist 0.0 0 -1.2489933967590332 1148.5147705078125 152.4083709716797 1238.0 294.3375549316406 1.7770282 1.6892238 0.5780316 7.7475095 1.3443229 9.259086 -0.5522441267967224 0.5924085378646851
Cyclist 0.0 0 1.651526689529419 432.4044494628906 173.52401733398438 465.783447265625 253.948974609375 1.5650046 1.771214 0.63593274 -3.5448549 1.5967783 16.634369 1.4415632486343384 0.4724120795726776
Cyclist 0.0 0 -1.8711763620376587 0.0 170.18048095703125 94.44644165039062 349.5211181640625 1.0650922 1.7714083 0.58587277 -6.001366 1.6609706 7.636273 -2.537261962890625 0.19755519926548004
Cyclist 0.0 0 -1.0472936630249023 984.0458374023438 153.9169464111328 1067.65966796875 278.3872985839844 1.0752672 1.7603757 0.61888266 6.2739825 1.3715874 10.691367 -0.5166165828704834 0.18229088187217712
Cyclist 0.0 0 -3.66440749168396 1064.387939453125 144.72158813476562 1186.0528564453125 297.7965393066406 1.0321145 1.8024383 0.624888 6.3546367 1.3707229 8.818855 -3.040006637573242 0.1633177250623703
Cyclist 0.0 0 -1.8844631910324097 648.69970703125 171.1375732421875 688.760986328125 244.15182495117188 0.9068556 1.6734276 0.6942908 1.5457394 1.4371393 16.97999 -1.7936804294586182 0.11969337612390518
Car 0.0 0 1.711155652999878 429.3204345703125 164.86080932617188 499.918212890625 222.619384765625 4.5411043 1.7811933 1.734876 -4.569355 1.2691776 24.456598 1.5264499187469482 0.6025134325027466
Car 0.0 0 1.6242172718048096 532.4732666015625 172.56858825683594 563.36328125 199.25547790527344 4.060853 1.5269672 1.6374887 -3.1675081 1.0167222 43.145256 1.5509337186813354 0.514862596988678
Car 0.0 0 1.6753040552139282 465.3016357421875 170.56317138671875 512.3909301757812 209.4835205078125 3.9228935 1.5654975 1.5999794 -4.791193 1.1265831 30.889584 1.5214232206344604 0.3492926359176636
