Pedestrian 0.0 0 -1.968228816986084 939.9993896484375 148.737548828125 974.5713500976562 211.58572387695312 0.8330542 1.8154463 0.6447264 10.182401 1.1191711 21.271568 -1.5217773914337158 0.49875831604003906
Car 0.0 0 -2.0306317806243896 760.3472900390625 180.974609375 1242.0 375.0 4.1504865 1.5265753 1.6164616 2.555823 1.6187868 6.039088 -1.6302753686904907 0.8751586079597473
Car 0.0 0 -2.717489004135132 169.96575927734375 184.45069885253906 398.7324523925781 265.0025939941406 3.8045967 1.4771618 1.600116 -6.3673534 1.719908 14.270038 -3.1371819972991943 0.8267976641654968
Car 0.0 0 3.677563428878784 0.0 189.20596313476562 293.0814208984375 311.2070617675781 3.6805255 1.4039934 1.5414578 -6.3665724 1.6376268 9.413284 3.0828943252563477 0.7918671369552612
Car 0.0 0 1.4971758127212524 650.622802734375 176.24972534179688 685.6961059570312 204.7392120361328 4.0995665 1.4724758 1.6220343 3.1255214 1.6699743 39.832947 1.5754810571670532 0.6631274819374084
Car 0.0 0 -2.6204638481140137 225.7373046875 182.3852081298828 408.2333984375 250.70648193359375 3.6501236 1.4701458 1.5686479 -6.820088 1.7064515 16.834227 -3.0053865909576416 0.6599270105361938
Car 0.0 0 2.500159502029419 0.0 206.5515899658203 341.1571044921875 375.0 3.979882 1.4312589 1.5853027 -2.7343981 1.6485442 2.5749712 1.6847429275512695 0.5633090734481812
Car 0.0 0 0.3400850296020508 372.7267761230469 181.58004760742188 505.5615234375 227.94805908203125 4.0264406 1.4640398 1.6093334 -5.717439 1.7691376 24.17879 0.10788512229919434 0.43605363368988037
Car 0.0 0 0.2995713949203491 403.71502685546875 182.21658325195312 515.6334838867188 224.0977783203125 3.7622075 1.4719319 1.592069 -5.571372 1.8321307 26.759142 0.0942995548248291 0.36580124497413635
Car 0.0 0 0.4699039161205292 337.70135498046875 182.5877685546875 477.7644958496094 234.7376251220703 3.770875 1.4644374 1.5899574 -6.1281776 1.7748691 21.834743 0.19628167152404785 0.3481747508049011
Car 0.0 0 3.2971622943878174 452.043701171875 182.96746826171875 536.7918090820312 215.38308715820312 3.7646372 1.4773089 1.5855119 -5.467348 1.9679458 34.17736 3.1385364532470703 0.3396167755126953
