Pedestrian 0.0 0 0.518773078918457 130.92897033691406 157.37109375 253.82666015625 325.9407653808594 0.9615817 1.7107575 0.5794105 -4.385131 1.4777231 7.4662137 -0.012278102338314056 0.7954272627830505
Pedestrian 0.0 0 1.4454320669174194 838.2409057617188 172.05079650878906 869.533447265625 243.7617950439453 0.8356123 1.761291 0.642508 6.232575 1.5553681 17.836613 1.7815953493118286 0.2772955596446991
Pedestrian 0.0 0 -0.007815197110176086 631.1131591796875 171.98080444335938 684.0325317382812 271.14080810546875 0.9469425 1.7751403 0.592032 0.9168162 1.6242735 12.977566 0.0627138614654541 0.20699989795684814
Pedestrian 0.0 0 -0.4361286759376526 821.7796020507812 186.83094787597656 871.1101684570312 276.0733337402344 0.7022618 1.7114561 0.67515326 4.7235785 1.8416704 13.981759 -0.11032883822917938 0.1933070868253708
Pedestrian 0.0 0 -2.094867706298828 1110.7939453125 191.24200439453125 1224.0 370.0 0.65605694 1.6587418 0.6768714 4.316344 1.747232 5.3303876 -1.4142028093338013 0.1606757789850235
Pedestrian 0.0 0 0.416551798582077 40.07954406738281 188.70639038085938 104.22958374023438 249.4187469482422 1.3389089 1.6983528 0.6217145 -15.354741 1.9414748 20.35197 -0.2297973930835724 0.1047198548913002
Cyclist 0.0 0 0.41704893112182617 35.48954772949219 189.70077514648438 109.07266998291016 250.0360565185547 1.5563709 1.6808492 0.6655493 -15.340974 1.9537522 20.345701 -0.22901715338230133 0.2932441830635071
Cyclist 0.0 0 -1.657173991203308 850.8485717773438 141.35142517089844 894.181884765625 249.9739227294922 1.7928965 1.7550125 0.54482615 4.6035156 1.1241429 12.355445 -1.3005177974700928 0.18756571412086487
Cyclist 0.0 0 -2.2816848754882812 0.0 179.2027130126953 76.76070404052734 262.78924560546875 1.8570366 1.6225328 0.65982836 -11.752338 1.5989825 14.200869 -2.973017454147339 0.1753469854593277
Car 0.0 0 1.8272507190704346 49.31991958618164 186.76947021484375 133.90994262695312 230.55734252929688 4.01924 1.4610215 1.5808711 -19.043076 1.7154751 26.36353 1.2016971111297607 0.21022643148899078
Car 0.0 0 -1.0151002407073975 289.3731994628906 196.1201934814453 408.8824768066406 253.81536865234375 3.563899 1.4106385 1.5645655 -7.2205887 1.9011612 20.221338 -1.3580663204193115 0.18763655424118042
Car 0.0 0 1.456632375717163 1196.3270263671875 197.1817626953125 1224.0 370.0 3.765854 1.4805771 1.5781106 5.9012556 1.6661243 5.8262277 2.2484281063079834 0.1785830706357956
