Pedestrian 0.0 0 -1.649111270904541 935.4535522460938 147.43850708007812 994.5399169921875 295.66766357421875 0.8825145 1.7264538 0.57838976 4.4282665 1.3310802 8.881456 -1.1865867376327515 0.6690452694892883
Pedestrian 0.0 0 -1.422527551651001 774.03564453125 155.00082397460938 807.3603515625 231.10865783691406 0.73238647 1.7692792 0.6709027 4.493246 1.1544588 17.165146 -1.166506290435791 0.43532317876815796
Pedestrian 0.0 0 1.6299781799316406 596.4612426757812 155.57147216796875 609.1351318359375 192.14712524414062 0.6677697 1.9690775 0.6510973 0.073876105 0.57402843 39.022625 1.6318713426589966 0.35756349563598633
Pedestrian 0.0 0 -1.425839900970459 577.47314453125 155.47801208496094 590.8744506835938 191.5251007080078 0.6319239 1.9322693 0.64098024 -0.9343628 0.53822136 38.85537 -1.4498825073242188 0.2861536741256714
Pedestrian 0.0 0 0.3973749876022339 377.2090759277344 148.31613159179688 423.75482177734375 220.62094116210938 1.0527977 1.8682951 0.5398312 -5.31118 1.0120263 18.891163 0.12330365180969238 0.27433106303215027
Pedestrian 0.0 0 0.9057299494743347 477.83465576171875 130.0963134765625 519.8167114257812 211.7162322998047 0.7562039 1.8200983 0.6196828 -2.394267 0.6750301 16.50119 0.761638879776001 0.25968411564826965
Pedestrian 0.0 0 2.1945223808288574 16.26057243347168 147.8335723876953 335.8519592285156 374.0 1.5548236 1.6310967 0.6259502 -2.1075444 1.494874 3.7419121 1.6815810203552246 0.2546459436416626
Pedestrian 0.0 0 -0.9720252752304077 898.284423828125 146.7031707763672 942.1677856445312 225.7635040283203 0.7883928 1.7937868 0.5954889 7.4008408 1.0055002 16.756542 -0.5561211705207825 0.2507871091365814
Pedestrian 0.0 0 -1.7736594676971436 730.505859375 148.56874084472656 745.8156127929688 188.5753631591797 0.5888315 1.9671797 0.63931084 6.76895 0.34879473 35.61809 -1.585856556892395 0.19976097345352173
Cyclist 0.0 0 2.20460844039917 1.1280156373977661 149.71609497070312 335.0747985839844 374.0 1.6191299 1.6074562 0.61674905 -2.1134331 1.4819217 3.7068403 1.6864312887191772 0.5835937261581421
Cyclist 0.0 0 -1.1391942501068115 1027.982666015625 162.4493408203125 1108.3717041015625 254.15513610839844 1.7219738 1.6423858 0.6129534 8.797805 1.3024731 13.581745 -0.5643904805183411 0.18623453378677368
Cyclist 0.0 0 -1.649111270904541 935.4535522460938 147.43850708007812 994.5399169921875 295.66766357421875 0.8825145 1.7264538 0.57838976 4.4282665 1.3310802 8.881456 -1.1865867376327515 0.1374240517616272
Car 0.0 0 1.8302363157272339 608.0192260742188 164.781982421875 660.8455810546875 198.07179260253906 3.8442068 1.5063168 1.6077988 1.6374377 0.7507876 34.576157 1.8775583505630493 0.4919959604740143
Car 0.0 0 1.6696383953094482 559.373291015625 164.13063049316406 591.7186279296875 190.42698669433594 3.8960402 1.5546288 1.6258326 -1.5549102 0.52852744 44.460968 1.634680151939392 0.20157475769519806
Car 0.0 0 -0.20584791898727417 1172.2720947265625 144.7490234375 1238.0 293.7316589355469 3.8645413 1.465562 1.568769 9.486816 1.1054074 8.820303 0.6159415245056152 0.16830536723136902
