Pedestrian 0.0 0 1.241184949874878 505.24658203125 143.06263732910156 529.4213256835938 196.9193878173828 0.8717033 1.8858179 0.6060387 -3.3605611 0.8430184 25.787222 1.1115963459014893 0.25979888439178467
Pedestrian 0.0 0 1.1523277759552002 897.2589721679688 170.9937286376953 949.4216918945312 266.5343933105469 0.8704916 1.8004698 0.62869287 6.0287895 1.7657708 14.033888 1.5580780506134033 0.24041011929512024
Pedestrian 0.0 0 0.941750168800354 957.1641235351562 157.46864318847656 1025.4287109375 275.1573791503906 0.8111785 1.7998065 0.5950502 5.996515 1.564877 11.476608 1.423234462738037 0.21441781520843506
Pedestrian 0.0 0 -1.843212366104126 999.624267578125 126.49678039550781 1040.10498046875 207.20204162597656 0.77727044 1.8285942 0.6317059 9.481547 0.77860516 16.798508 -1.329359531402588 0.1990208476781845
Pedestrian 0.0 0 0.5271170139312744 385.19451904296875 144.39747619628906 425.7555236816406 201.10992431640625 1.1778761 1.8734359 0.58509225 -6.918962 0.93376267 24.261301 0.24930667877197266 0.13033302128314972
Cyclist 0.0 0 -1.7892062664031982 1184.3046875 186.35606384277344 1230.0321044921875 278.3289489746094 1.5547342 1.6327597 0.33991167 11.349967 1.9058669 13.802634 -1.1010122299194336 0.4886864721775055
Cyclist 0.0 0 -1.555448055267334 1207.71630859375 124.54611206054688 1242.0 244.74180603027344 1.7550424 1.7077035 0.44146687 9.425601 1.0217177 11.053324 -0.8493659496307373 0.45085081458091736
Cyclist 0.0 0 0.5271170139312744 385.19451904296875 144.39747619628906 425.7555236816406 201.10992431640625 1.1778761 1.8734359 0.58509225 -6.918962 0.93376267 24.261301 0.24930667877197266 0.11108620464801788
Cyclist 0.0 0 1.3318779468536377 505.6976623535156 142.74693298339844 529.05419921875 197.36856079101562 0.9724729 1.9060264 0.6117928 -3.3541837 0.8557959 25.739159 1.2022937536239624 0.10034793615341187
Car 0.0 0 -1.8753069639205933 720.650146484375 183.82603454589844 915.0077514648438 304.0056457519531 4.104058 1.4210709 1.5960292 2.8458843 1.6205442 11.001092 -1.622165322303772 0.9411608576774597
Car 0.0 0 0.7215078473091125 1133.538330078125 185.78684997558594 1242.0 375.0 3.6302137 1.4605588 1.5354654 6.721546 1.6086831 6.39752 1.5315998792648315 0.25339412689208984
