Pedestrian 0.0 0 2.3239779472351074 1120.3519287109375 66.83274841308594 1242.0 265.379150390625 0.9692154 1.8595821 0.63320464 5.6929393 0.8669469 7.138197 2.9972121715545654 0.2943825423717499
Pedestrian 0.0 0 1.5368192195892334 925.0050659179688 108.86238098144531 978.8763427734375 236.1835479736328 1.0198491 1.9202296 0.7354229 5.372005 0.95548 11.492646 1.974072813987732 0.21206751465797424
Pedestrian 0.0 0 -1.789794921875 1012.82080078125 182.52523803710938 1054.036376953125 260.36724853515625 0.9448735 1.8468897 0.6859674 10.387685 2.0934162 17.808674 -1.2617502212524414 0.2027035653591156
Pedestrian 0.0 0 0.12616373598575592 731.569580078125 141.88343811035156 769.7969970703125 194.70449829101562 1.2623649 1.8280149 0.56504977 4.917022 0.7565531 25.433273 0.3171379566192627 0.1475871354341507
Pedestrian 0.0 0 -1.2363826036453247 0.0 130.98072814941406 89.71590423583984 307.5465393066406 0.7989653 1.8061765 0.70349795 -6.2877607 1.3781927 7.8720407 -1.9103584289550781 0.14581643044948578
Cyclist 0.0 0 1.1471991539001465 736.2133178710938 142.30813598632812 767.42333984375 196.69496154785156 1.3977823 1.8575444 0.54839355 4.932083 0.8146297 25.384043 1.339106559753418 0.18055015802383423
Cyclist 0.0 0 1.78648042678833 0.0 166.9900665283203 22.897232055664062 215.5371551513672 1.6380732 1.7368958 0.49788097 -22.25992 1.5274563 26.65351 1.090665578842163 0.16072167456150055
Cyclist 0.0 0 2.303062677383423 912.9685668945312 104.01082611083984 1005.215576171875 228.98155212402344 1.2112019 1.8882577 0.68539613 5.4814816 0.84842277 11.447447 2.749638557434082 0.15770462155342102
Cyclist 0.0 0 2.3364858627319336 1116.6600341796875 66.0943374633789 1242.0 266.1689453125 1.0816419 1.8743874 0.6258003 5.703983 0.8745736 7.137752 3.010695219039917 0.14152999222278595
Car 0.0 0 -1.5681828260421753 566.76220703125 185.0982208251953 604.56982421875 220.47024536132812 3.7848284 1.4553345 1.6255935 -1.1480459 2.0470767 32.929188 -1.6030328273773193 0.8157908320426941
Car 0.0 0 1.5933144092559814 88.97639465332031 190.23023986816406 128.06788635253906 221.68234252929688 3.8644378 1.5199195 1.6592867 -27.240881 2.5147057 39.221058 0.9862573146820068 0.2467796802520752
Car 0.0 0 1.2020165920257568 1171.360595703125 172.60105895996094 1242.0 212.27093505859375 3.9175794 1.6056331 1.6499939 26.13323 1.5957533 31.321318 1.8973599672317505 0.21037183701992035
Car 0.0 0 1.6310616731643677 519.4539184570312 183.78224182128906 549.8333129882812 210.01524353027344 3.8716512 1.4802264 1.6275603 -4.620447 2.181733 44.321194 1.527187705039978 0.17122136056423187
