Pedestrian 0.0 0 -3.5254485607147217 1093.142578125 148.40260314941406 1184.33251953125 268.15234375 0.9800541 1.7863576 0.5885873 8.250989 1.2939371 11.121255 -2.887144088745117 0.7264302372932434
Pedestrian 0.0 0 -1.7630925178527832 721.1685791015625 169.47877502441406 759.861328125 246.98764038085938 0.90989536 1.7267802 0.7061464 3.1388185 1.4601834 16.457098 -1.5746287107467651 0.7256792783737183
Pedestrian 0.0 0 -2.6408884525299072 625.8321533203125 167.455078125 676.0380859375 257.4914245605469 0.80839646 1.7701622 0.64647156 0.9703967 1.4952813 14.609986 -2.574565887451172 0.6416385769844055
Pedestrian 0.0 0 -1.2087699174880981 169.91342163085938 158.95956420898438 285.0626220703125 347.24432373046875 0.82994187 1.6896825 0.7373169 -3.6063783 1.4887829 6.8997736 -1.690397024154663 0.5801255702972412
Pedestrian 0.0 0 -1.9127514362335205 903.047119140625 188.2394256591797 1010.319580078125 364.534423828125 0.7782339 1.6550114 0.74070054 3.4810512 1.7279551 7.2003937 -1.4624289274215698 0.5296259522438049
Pedestrian 0.0 0 -1.7279620170593262 850.9359741210938 152.16925048828125 946.4711303710938 367.6424865722656 0.8094681 1.7041763 0.6271553 2.46153 1.4735926 6.1429567 -1.3468457460403442 0.4820988178253174
Pedestrian 0.0 0 1.3575735092163086 438.6019287109375 179.08255004882812 462.12652587890625 229.1840362548828 0.85405844 1.7814116 0.66842026 -5.508137 1.6965123 26.06493 1.1493139266967773 0.4462927579879761
Pedestrian 0.0 0 -1.0517127513885498 1114.7647705078125 149.49600219726562 1185.96142578125 256.6688232421875 0.8761682 1.7560652 0.6088539 9.291983 1.2329575 12.218999 -0.40155482292175293 0.44197696447372437
Pedestrian 0.0 0 -1.744031548500061 767.2479248046875 166.3005828857422 859.1064453125 374.0 0.8030247 1.6734252 0.6176909 1.7383753 1.5535245 6.1605864 -1.4690053462982178 0.40158745646476746
Pedestrian 0.0 0 -2.9821128845214844 615.6901245117188 172.57144165039062 628.8510131835938 203.50250244140625 0.68741 1.8271108 0.66946805 1.2471813 1.3004664 42.822987 -2.9529969692230225 0.35809922218322754
Pedestrian 0.0 0 -0.012758158147335052 532.2288818359375 186.96653747558594 554.3825073242188 235.46446228027344 0.7823836 1.7097776 0.67878646 -2.1133277 1.9098899 25.781149 -0.09454712271690369 0.3552743196487427
Pedestrian 0.0 0 -1.1612935066223145 359.421630859375 159.8080596923828 376.5492858886719 195.5379638671875 0.60087305 1.902779 0.69386977 -12.540576 0.7484247 38.584045 -1.4755432605743408 0.34363818168640137
Pedestrian 0.0 0 -2.2060909271240234 219.53768920898438 166.23513793945312 291.790771484375 288.4280700683594 0.7719609 1.7111781 0.6136535 -5.0991254 1.498729 10.508013 -2.6578776836395264 0.3068768382072449
Pedestrian 0.0 0 -3.810762405395508 1145.7080078125 167.4130401611328 1208.23046875 258.97467041015625 0.6414373 1.6969265 0.6824591 10.886089 1.4371141 13.652901 -3.137641668319702 0.3023892641067505
Pedestrian 0.0 0 -0.8935149908065796 880.9962768554688 158.49783325195312 964.49609375 243.24920654296875 1.7414323 1.6836016 0.63788825 6.656421 1.2279065 14.948835 -0.474592924118042 0.17298740148544312
Cyclist 0.0 0 -0.8935149908065796 880.9962768554688 158.49783325195312 964.49609375 243.24920654296875 1.7414323 1.6836016 0.63788825 6.656421 1.2279065 14.948835 -0.474592924118042 0.7182414531707764
Cyclist 0.0 0 -3.5569469928741455 1089.271484375 149.38221740722656 1190.0491943359375 269.2851257324219 1.0993048 1.7831361 0.59036726 8.238846 1.3068044 11.089818 -2.91799259185791 0.1633162498474121
Cyclist 0.0 0 -1.7746336460113525 720.9599609375 169.16680908203125 760.1085205078125 247.2156982421875 0.9321762 1.7360736 0.70250666 3.1369607 1.4629595 16.447037 -1.5861661434173584 0.12463266402482986
Cyclist 0.0 0 1.8731220960617065 535.9605102539062 181.2467803955078 560.7299194335938 229.65814208984375 0.9088833 1.7314669 0.6621626 -1.9523057 1.7234635 26.20666 1.7987629175186157 0.10003437101840973
Car 0.0 0 1.7047221660614014 474.7475891113281 167.06019592285156 530.3466186523438 216.69337463378906 4.1362276 1.8508639 1.6730851 -3.9100952 1.3134257 28.853474 1.5700271129608154 0.5519709587097168
