Pedestrian 0.0 0 -1.7075368165969849 798.2155151367188 180.17543029785156 842.4425659179688 266.2400207519531 1.7538128 1.6695251 0.64459205 4.313086 1.8320283 15.063191 -1.4286653995513916 0.14984388649463654
Cyclist 0.0 0 -1.7075368165969849 798.2155151367188 180.17543029785156 842.4425659179688 266.2400207519531 1.7538128 1.6695251 0.64459205 4.313086 1.8320283 15.063191 -1.4286653995513916 0.5629875659942627
Cyclist 0.0 0 2.151301860809326 5.149119853973389 116.17815399169922 133.41957092285156 258.9249572753906 1.7906605 1.7918411 0.51988393 -7.441878 1.0807707 9.963926 1.5097991228103638 0.4345649182796478
Car 0.0 0 -1.7077052593231201 674.8168334960938 181.49998474121094 764.6005859375 252.8367156982422 3.5884748 1.5249817 1.6665316 2.5240474 1.7584919 17.656134 -1.565711498260498 0.9062680006027222
Car 0.0 0 1.7698372602462769 441.6996765136719 189.21104431152344 534.118408203125 262.27783203125 3.4331844 1.4883308 1.5176725 -2.8547893 1.9185299 17.216387 1.6055142879486084 0.8412001729011536
Car 0.0 0 -1.6432499885559082 650.1802978515625 179.7122344970703 702.1659545898438 224.9912567138672 4.124074 1.5486829 1.6507845 2.3933134 1.8290122 27.378332 -1.5560553073883057 0.6677623987197876
Car 0.0 0 0.8512158989906311 905.3406372070312 176.27540588378906 1242.0 375.0 3.7656631 1.4259957 1.5609268 2.7809298 1.4502565 3.1527672 1.5740305185317993 0.6626101732254028
Car 0.0 0 2.4294650554656982 0.0 202.52235412597656 333.74407958984375 375.0 4.0002713 1.4274424 1.5983438 -2.8051865 1.6268808 2.787685 1.6409375667572021 0.6607735753059387
Car 0.0 0 -1.7002636194229126 660.1265869140625 185.3193359375 727.2265625 240.82289123535156 3.5759182 1.5158278 1.5923141 2.4596982 1.9329209 22.316061 -1.5904858112335205 0.6414763331413269
Car 0.0 0 1.6980916261672974 533.4055786132812 186.44009399414062 570.144287109375 216.47654724121094 3.9262908 1.5737405 1.6277304 -3.3434377 2.3952804 41.609722 1.6179115772247314 0.5582637786865234
Car 0.0 0 -1.7145613431930542 638.5307006835938 178.4146270751953 676.5254516601562 208.78611755371094 3.7642107 1.637723 1.6524715 2.6555045 1.973341 41.558 -1.6507493257522583 0.3596653342247009
