Pedestrian 0.0 0 -1.4825190305709839 830.0904541015625 159.69815063476562 868.5185546875 257.2637634277344 0.87424594 1.699213 0.58669144 4.462567 1.3207867 13.026577 -1.1524749994277954 0.7298771739006042
Pedestrian 0.0 0 2.066364049911499 179.80056762695312 158.1072540283203 291.2120666503906 335.888916015625 0.8796283 1.6759837 0.66085815 -3.6932027 1.45683 7.216423 1.5933388471603394 0.6982616782188416
Pedestrian 0.0 0 -2.057971954345703 770.3756103515625 161.46221923828125 811.3458862304688 234.14129638671875 0.8542716 1.7465916 0.65320724 4.63796 1.266249 17.750797 -1.8024036884307861 0.6741013526916504
Pedestrian 0.0 0 -0.8731005191802979 858.3497924804688 169.1661834716797 908.0963745117188 250.1048583984375 0.8244042 1.694168 0.6135186 6.0418453 1.4372367 15.500348 -0.5014287233352661 0.5281695127487183
Pedestrian 0.0 0 1.477988839149475 925.6395874023438 126.13945770263672 970.9229736328125 243.11891174316406 0.8422743 1.8366387 0.58854663 5.6273155 0.96874714 11.772535 1.9238851070404053 0.48013028502464294
Pedestrian 0.0 0 -1.4809343814849854 708.9136352539062 166.769287109375 738.6676025390625 235.14517211914062 0.753701 1.689305 0.67998457 3.0722299 1.3265538 18.195599 -1.3136672973632812 0.47074562311172485
Pedestrian 0.0 0 3.326752185821533 441.94830322265625 177.241455078125 462.8224792480469 217.013427734375 0.8062827 1.7196945 0.5439237 -6.5128775 1.5365222 31.33725 3.1218373775482178 0.4221835434436798
Pedestrian 0.0 0 -1.1445811986923218 248.17091369628906 191.3459930419922 315.50848388671875 297.86077880859375 0.8374982 1.6398655 0.7090146 -5.165583 1.8053378 11.555137 -1.5649690628051758 0.3582230806350708
Pedestrian 0.0 0 -0.9738848805427551 405.6219482421875 169.92874145507812 446.26654052734375 236.40269470214844 0.9430153 1.7684344 0.66787565 -4.8269854 1.4617645 19.665913 -1.214576005935669 0.31554773449897766
Pedestrian 0.0 0 3.339162826538086 232.59962463378906 143.2801971435547 279.1891784667969 229.13455200195312 0.80986834 1.8155985 0.60282016 -7.520624 1.0085796 15.581216 2.8894729614257812 0.31011176109313965
Pedestrian 0.0 0 -1.5612163543701172 752.478515625 174.96595764160156 789.2520751953125 253.62411499023438 0.80264014 1.6825036 0.7698855 3.7010589 1.5439682 15.84368 -1.331732988357544 0.30541306734085083
Pedestrian 0.0 0 -0.8653874397277832 799.7159423828125 163.54380798339844 835.30615234375 220.07313537597656 0.9808375 1.8101449 0.63173616 7.0534706 1.2362626 23.531015 -0.5741580724716187 0.3040478229522705
Pedestrian 0.0 0 -3.054752826690674 645.2646484375 170.78855895996094 661.41650390625 208.3475341796875 0.7142742 1.7767901 0.69707465 2.4779572 1.2709798 34.380047 -2.982801675796509 0.27743589878082275
Pedestrian 0.0 0 -1.613598346710205 911.2459716796875 124.59136199951172 966.6493530273438 260.1346740722656 0.89589214 1.774468 0.6502313 4.605319 1.0307771 9.939536 -1.1797118186950684 0.2462557852268219
Pedestrian 0.0 0 -1.0243380069732666 129.66763305664062 159.12306213378906 219.32577514648438 262.02447509765625 1.6788841 1.7372032 0.60932493 -7.697203 1.3607144 12.967139 -1.5600330829620361 0.10494006425142288
Cyclist 0.0 0 1.9850175380706787 217.13919067382812 149.55938720703125 378.5145568847656 374.0 1.7763805 1.6745118 0.5561379 -2.4665015 1.4511278 5.9466376 1.591841459274292 0.8030401468276978
Cyclist 0.0 0 -1.1256749629974365 0.0 123.69879913330078 83.67930603027344 271.1258239746094 1.8260187 1.7741863 0.5666015 -7.7157297 1.0799298 9.595761 -1.8028968572616577 0.47962671518325806
Cyclist 0.0 0 -1.7772276401519775 874.6158447265625 119.19029235839844 941.5147094726562 251.29110717773438 1.7886298 1.791977 0.54551846 4.4688635 0.94805586 10.671509 -1.380649209022522 0.3399627208709717
Cyclist 0.0 0 -1.0243380069732666 129.66763305664062 159.12306213378906 219.32577514648438 262.02447509765625 1.6788841 1.7372032 0.60932493 -7.697203 1.3607144 12.967139 -1.5600330829620361 0.25225046277046204
Cyclist 0.0 0 -1.4825190305709839 830.0904541015625 159.69815063476562 868.5185546875 257.2637634277344 0.87424594 1.699213 0.58669144 4.462567 1.3207867 13.026577 -1.1524749994277954 0.19176146388053894
Cyclist 0.0 0 -1.0773652791976929 403.5696105957031 172.17420959472656 444.3646545410156 239.12509155273438 1.0365723 1.7711521 0.67077553 -4.8587475 1.5256099 19.585783 -1.3205316066741943 0.16259406507015228
Cyclist 0.0 0 -1.208679437637329 246.33319091796875 190.12991333007812 314.58917236328125 296.9192199707031 0.9243865 1.6391157 0.7270781 -5.1972647 1.785404 11.584147 -1.6304128170013428 0.13209745287895203
Cyclist 0.0 0 -0.7599020600318909 796.0014038085938 165.1876678466797 832.9521484375 221.46226501464844 0.99468154 1.8024673 0.63707787 6.947958 1.2810845 23.515566 -0.47261369228363037 0.1293720304965973
Cyclist 0.0 0 -0.8554319739341736 855.9505615234375 169.37709045410156 910.2194213867188 250.65948486328125 0.9486476 1.698285 0.6210332 6.039746 1.4462278 15.501554 -0.48390406370162964 0.11125069111585617
Cyclist 0.0 0 -2.0588274002075195 769.7252197265625 161.02174377441406 812.3383178710938 234.59799194335938 0.9391059 1.7632362 0.6513024 4.638776 1.2736772 17.74402 -1.8031227588653564 0.10657200962305069
Car 0.0 0 1.7371089458465576 520.0360717773438 169.4882049560547 564.7896728515625 202.4850616455078 4.207662 1.6404295 1.6786207 -3.0539675 1.0441495 37.87727 1.656654953956604 0.6447400450706482
