Pedestrian 0.0 0 -2.5339949131011963 1139.0513916015625 189.5944366455078 1242.0 375.0 0.75636333 1.660672 0.6481797 4.9950356 1.8118068 6.044495 -1.8433756828308105 0.30540964007377625
Pedestrian 0.0 0 -1.5632603168487549 309.1834716796875 156.54847717285156 349.4935607910156 262.06365966796875 0.7325658 1.7949804 0.6452524 -4.9998827 1.5179553 12.7293625 -1.9375300407409668 0.24307173490524292
Pedestrian 0.0 0 -0.28135597705841064 960.0606689453125 121.3260498046875 1019.15283203125 226.773193359375 0.8177482 1.8564457 0.57531273 6.807309 0.94963014 13.063082 0.1990370750427246 0.22592638432979584
Car 0.0 0 -1.8003551959991455 706.8763427734375 164.13201904296875 846.1246948242188 273.8337707519531 3.5704277 1.7267249 1.6535475 2.8136785 1.5897969 13.1548605 -1.5896413326263428 0.8548818230628967
Car 0.0 0 3.6679508686065674 0.0 179.02293395996094 332.1425476074219 302.8128662109375 3.7909837 1.4464492 1.5857131 -5.8596272 1.5342242 9.367598 3.1089770793914795 0.8483120799064636
Car 0.0 0 1.6336257457733154 505.1160888671875 176.1909942626953 567.6478271484375 228.71080017089844 4.236824 1.4453357 1.6519603 -2.2260828 1.5586517 22.274069 1.5340160131454468 0.8416082859039307
Car 0.0 0 1.7895631790161133 386.54595947265625 157.65415954589844 527.8346557617188 273.1723937988281 4.2064824 1.8279009 1.682886 -2.7144494 1.5877444 13.534813 1.591635823249817 0.7641900181770325
Car 0.0 0 1.6772538423538208 528.4243774414062 167.80433654785156 582.3839111328125 211.7574462890625 4.1836815 1.5811715 1.6560141 -2.0897684 1.3998725 28.071259 1.6029458045959473 0.5251093506813049
Car 0.0 0 -0.5872358679771423 600.6897583007812 169.15614318847656 661.41943359375 194.12338256835938 3.518033 1.5065087 1.5687197 1.2959867 1.2837403 45.13177 -0.5585281252861023 0.3818974494934082
Car 0.0 0 1.8091131448745728 545.879150390625 174.30442810058594 601.1738891601562 209.5645294189453 4.0819345 1.5226285 1.6453875 -1.6616361 1.5946572 33.491955 1.7595407962799072 0.2897821068763733
