Pedestrian 0.0 0 -2.24288010597229 1150.699951171875 109.50594329833984 1223.4786376953125 210.7667999267578 0.87613404 1.7992216 0.6214032 10.640487 0.5394289 13.000322 -1.5569727420806885 0.44371533393859863
Pedestrian 0.0 0 -2.8599753379821777 435.5889892578125 167.25489807128906 453.9330749511719 205.55052185058594 0.7090212 1.813105 0.6308708 -7.67528 1.1874635 33.80583 -3.08323073387146 0.25388291478157043
Pedestrian 0.0 0 -1.0828338861465454 188.8282928466797 155.7542724609375 205.29339599609375 187.4534454345703 0.60159177 1.9880755 0.7012725 -25.76407 0.43744585 44.651966 -1.6061680316925049 0.23959505558013916
Pedestrian 0.0 0 -1.859368920326233 1099.7967529296875 133.45631408691406 1134.13671875 190.31260681152344 1.0477198 1.8575803 0.659371 17.119326 0.3221361 23.698792 -1.2337859869003296 0.2312532514333725
Pedestrian 0.0 0 3.314518451690674 452.684814453125 165.19740295410156 470.69049072265625 202.0989990234375 0.7922174 1.8259507 0.58890545 -7.1639113 1.0701867 35.28615 3.114217519760132 0.21447083353996277
Pedestrian 0.0 0 0.12771466374397278 806.802734375 155.75375366210938 832.7188720703125 192.9608917236328 1.1701219 1.8215846 0.5568734 10.649632 0.61149645 35.104443 0.4222602844238281 0.1947535276412964
Cyclist 0.0 0 -1.0479183197021484 345.0737609863281 176.78884887695312 376.85284423828125 219.45066833496094 1.6885488 1.7114625 0.46302393 -10.096098 1.5640771 29.23252 -1.3804644346237183 0.8433001637458801
Cyclist 0.0 0 -0.08402802050113678 712.5184326171875 157.29981994628906 752.7618408203125 194.92007446289062 1.8393073 1.7752632 0.70115614 6.072838 0.68191713 33.795143 0.09377002716064453 0.7391983270645142
Cyclist 0.0 0 -0.1685572862625122 651.4490966796875 164.2954559326172 688.8174438476562 197.7234649658203 1.8954015 1.7575759 0.6429256 3.4426389 0.906987 37.563793 -0.07716479897499084 0.7089025974273682
Cyclist 0.0 0 -0.517905056476593 569.2640380859375 166.8636932373047 600.4557495117188 195.76194763183594 1.8961127 1.7772967 0.6140387 -1.2580609 0.93999267 44.234734 -0.5463379621505737 0.3873365521430969
Cyclist 0.0 0 -1.2501156330108643 755.722900390625 159.89308166503906 771.4707641601562 187.82333374023438 1.7454344 1.7310227 0.445007 10.027417 0.4552266 44.6781 -1.0293371677398682 0.37979647517204285
Cyclist 0.0 0 -0.09713202714920044 305.77813720703125 180.11279296875 342.4192199707031 213.12493896484375 1.7916114 1.7566268 0.6450923 -15.231519 1.7374316 38.31504 -0.47551047801971436 0.30325889587402344
Cyclist 0.0 0 -1.949475646018982 1098.05517578125 132.08421325683594 1135.8328857421875 189.00425720214844 1.143682 1.85937 0.6477444 17.135578 0.27934688 23.725386 -1.323974609375 0.14869461953639984
Cyclist 0.0 0 0.8487783670425415 1149.413330078125 108.88143920898438 1224.0 212.48416137695312 1.0351126 1.822064 0.61017233 10.650718 0.5641504 12.95755 1.5367728471755981 0.1445380300283432
Cyclist 0.0 0 0.12771466374397278 806.802734375 155.75375366210938 832.7188720703125 192.9608917236328 1.1701219 1.8215846 0.5568734 10.649632 0.61149645 35.104443 0.4222602844238281 0.14286762475967407
Car 0.0 0 -1.4608081579208374 491.88482666015625 173.8380889892578 540.1760864257812 212.07913208007812 3.5682044 1.484241 1.5995857 -3.6402075 1.2271771 29.232618 -1.5846959352493286 0.8601194024085999
Car 0.0 0 -1.0976181030273438 1123.6348876953125 138.83067321777344 1224.0 211.9897003173828 3.8218563 1.4644805 1.572506 13.4771185 0.63198143 15.594837 -0.38493552803993225 0.640673041343689
