Pedestrian 0.0 0 -2.499511957168579 409.36004638671875 160.90463256835938 465.3973388671875 261.111572265625 0.7893244 1.7166631 0.56033313 -2.9428039 1.3651205 12.718748 -2.726886034011841 0.76763516664505
Pedestrian 0.0 0 -2.345618724822998 327.9648742675781 155.66517639160156 430.08245849609375 327.76593017578125 0.8630687 1.7180197 0.6060673 -2.4100301 1.4614878 7.6388154 -2.6512324810028076 0.762719452381134
Pedestrian 0.0 0 -2.531226634979248 469.17193603515625 150.8992919921875 587.5360107421875 365.244873046875 0.7978424 1.6758331 0.59601295 -0.6626758 1.4379796 6.066694 -2.6400270462036133 0.6426003575325012
Pedestrian 0.0 0 -1.46305251121521 246.63845825195312 170.28512573242188 309.1219177246094 301.5909423828125 0.8208562 1.6189752 0.6601233 -4.2361417 1.482037 9.3473215 -1.8885586261749268 0.5788960456848145
Pedestrian 0.0 0 0.6810900568962097 367.16082763671875 159.4075164794922 448.8889465332031 305.1444091796875 0.80158514 1.7208569 0.56409824 -2.4379761 1.4613348 8.898832 0.41368556022644043 0.501708984375
Pedestrian 0.0 0 -1.3382148742675781 620.3515625 182.60702514648438 659.2584838867188 255.89761352539062 0.90555537 1.7072124 0.7484906 0.8977966 1.7358744 17.285837 -1.2863231897354126 0.41481509804725647
Pedestrian 0.0 0 1.2740000486373901 644.294921875 161.84877014160156 670.3009033203125 214.06642150878906 1.1044797 1.8186083 0.6269062 1.9618275 1.1352705 25.622574 1.3504173755645752 0.38287609815597534
Pedestrian 0.0 0 -0.9144830107688904 248.03451538085938 164.28005981445312 305.44158935546875 257.94842529296875 0.7824106 1.7348888 0.663802 -6.2478266 1.417211 13.758688 -1.3407416343688965 0.3798140585422516
Pedestrian 0.0 0 -1.6861974000930786 344.5043029785156 168.45285034179688 377.9366149902344 240.31744384765625 0.7447099 1.7609973 0.7157903 -6.0876613 1.4424758 18.089073 -2.010829448699951 0.33612746000289917
Pedestrian 0.0 0 0.3120298385620117 428.0819091796875 159.4025421142578 504.8465576171875 292.20977783203125 0.8919067 1.7686253 0.64119446 -1.8987421 1.4756751 9.936598 0.12322020530700684 0.32262754440307617
Pedestrian 0.0 0 1.7331794500350952 612.5626220703125 157.4956512451172 639.6806640625 222.72943115234375 0.8497208 1.8101116 0.6430642 0.678117 1.1451882 20.409046 1.7663935422897339 0.2864384055137634
Pedestrian 0.0 0 2.602630615234375 712.1248168945312 145.70445251464844 748.6951904296875 205.54446411132812 0.96663773 1.8773576 0.6284714 4.1004605 0.75545263 22.998884 2.779066324234009 0.2801905572414398
Pedestrian 0.0 0 0.6223264932632446 333.9168701171875 161.16925048828125 385.5265197753906 261.1654052734375 0.6458399 1.7251247 0.5928848 -4.331429 1.3756592 12.767613 0.2952592372894287 0.2713187634944916
Pedestrian 0.0 0 -2.5522282123565674 305.79736328125 165.8042449951172 356.69970703125 259.76666259765625 0.6548077 1.7337584 0.65076804 -5.163674 1.445411 13.642681 -2.9140586853027344 0.2709444463253021
Pedestrian 0.0 0 2.9594309329986572 671.953369140625 153.82321166992188 699.247314453125 208.96836853027344 0.83532995 1.8602734 0.571726 2.8470047 0.92769927 24.54284 3.074916124343872 0.27063074707984924
Pedestrian 0.0 0 1.6984004974365234 185.75625610351562 150.662353515625 208.59263610839844 200.6007080078125 0.9258432 1.8710463 0.6500647 -15.467669 0.7166812 27.462479 1.1854573488235474 0.2611348032951355
Pedestrian 0.0 0 0.1148252859711647 572.555419921875 166.70309448242188 595.4658203125 215.16217041015625 0.80461043 1.808719 0.58509845 -0.67448556 1.2574636 27.136507 0.08997511863708496 0.2552964687347412
Pedestrian 0.0 0 1.5167815685272217 493.4454650878906 165.24232482910156 510.5734558105469 210.83883666992188 1.7581787 1.7192714 0.5631983 -3.9044867 1.1072857 27.999813 1.3782281875610352 0.14325016736984253
Cyclist 0.0 0 1.53214693069458 493.26043701171875 165.29693603515625 510.0391845703125 211.3900909423828 1.7686088 1.734251 0.5745563 -3.9110146 1.1256425 27.945843 1.3931002616882324 0.7400081157684326
Cyclist 0.0 0 0.11855076253414154 537.1233520507812 167.3662872314453 584.3651123046875 212.45474243164062 1.8134516 1.7652822 0.58944696 -1.6234019 1.2129378 28.471294 0.06159353256225586 0.3327329158782959
Cyclist 0.0 0 0.2667178511619568 438.426513671875 170.66624450683594 535.1588134765625 299.2593078613281 1.1935793 1.712508 0.66226053 -1.6166643 1.5695587 9.955911 0.10574054718017578 0.2571355700492859
Cyclist 0.0 0 1.2588517665863037 643.5526733398438 163.11903381347656 670.1771850585938 214.95533752441406 1.1493844 1.8061031 0.6230658 1.9486431 1.1667299 25.657555 1.3346543312072754 0.24813580513000488
Cyclist 0.0 0 -1.3692989349365234 619.531005859375 182.0482940673828 659.741943359375 254.80430603027344 1.0307494 1.6931248 0.7800831 0.8978787 1.7079873 17.319418 -1.3175029754638672 0.127017080783844
Cyclist 0.0 0 -1.455876350402832 246.35769653320312 170.2252655029297 309.8595275878906 301.47930908203125 0.8759749 1.6172755 0.66229653 -4.2403874 1.4796904 9.36667 -1.8809819221496582 0.11553379893302917
Car 0.0 0 1.882454752922058 343.77471923828125 177.72523498535156 473.7463073730469 252.54014587402344 4.207824 1.5015278 1.6610892 -4.2932396 1.4270133 16.56284 1.6288275718688965 0.413275808095932
