Pedestrian 0.0 0 3.2689805030822754 113.50639343261719 106.48883056640625 206.0415802001953 246.88600158691406 1.0132204 1.8444 0.6393016 -6.1808767 0.87378746 9.787199 2.7057015895843506 0.46684500575065613
Pedestrian 0.0 0 0.6394423246383667 271.0535888671875 177.55587768554688 326.24560546875 266.04888916015625 0.7649594 1.7592794 0.71196306 -6.3096504 1.7023777 14.484866 0.22862529754638672 0.3181123435497284
Pedestrian 0.0 0 -1.4239789247512817 790.3802490234375 163.7111053466797 805.6005249023438 197.8462677001953 0.7116903 1.7982337 0.68700683 10.283853 0.9152104 37.70606 -1.1577174663543701 0.27531251311302185
Pedestrian 0.0 0 -2.0028297901153564 984.6624145507812 152.98854064941406 1027.5513916015625 222.65496826171875 0.93570083 1.7495288 0.626217 10.300361 1.0602292 18.243021 -1.488831877708435 0.2606668472290039
Pedestrian 0.0 0 -2.0533547401428223 875.8546752929688 156.17214965820312 906.8685302734375 194.8416290283203 1.866184 1.782577 0.55833924 13.55121 0.66257244 33.54448 -1.6694244146347046 0.13094684481620789
Cyclist 0.0 0 1.0313916206359863 875.4572143554688 154.47842407226562 907.6997680664062 193.06532287597656 1.8100616 1.7785908 0.56421643 13.553093 0.5806307 33.522892 1.4155938625335693 0.5082647800445557
Cyclist 0.0 0 -1.9452898502349854 980.024658203125 145.99716186523438 1029.42724609375 218.30686950683594 1.6582196 1.7885454 0.5413906 10.30569 0.93673116 18.341917 -1.433382511138916 0.3271535038948059
Cyclist 0.0 0 0.032643914222717285 771.4901123046875 156.96424865722656 796.4111938476562 189.5290985107422 1.3682756 1.8470196 0.5849821 10.262682 0.5135 40.56798 0.28042054176330566 0.2813776433467865
Cyclist 0.0 0 3.316669464111328 107.1553726196289 110.01360321044922 204.71112060546875 250.02552795410156 1.0394572 1.8329921 0.6589683 -6.21161 0.91187996 9.7545185 2.7496347427368164 0.13633623719215393
Cyclist 0.0 0 0.6113694906234741 265.5675354003906 178.11422729492188 326.33441162109375 266.45318603515625 0.90923333 1.7598418 0.695599 -6.3755293 1.7139424 14.51068 0.19739222526550293 0.11048790067434311
Car 0.0 0 0.10733892023563385 637.6708984375 165.99044799804688 772.177978515625 212.9237060546875 4.50307 1.5503563 1.7113831 3.4941564 1.072601 24.732704 0.24768686294555664 0.756866991519928
Car 0.0 0 -0.7886183857917786 0.0 210.2032012939453 293.48004150390625 370.0 3.9781256 1.4229479 1.5954994 -3.2275002 1.6494375 3.3450787 -1.5561292171478271 0.7312324047088623
Car 0.0 0 1.8349403142929077 325.45635986328125 180.89842224121094 371.9075622558594 206.94618225097656 4.069251 1.4809905 1.6102114 -15.291981 1.5073836 42.352467 1.4884425401687622 0.5432649850845337
Car 0.0 0 1.7080273628234863 447.07373046875 172.7808380126953 478.1311950683594 195.29299926757812 3.9702346 1.4967196 1.5851308 -9.828195 0.98483264 49.032593 1.510206699371338 0.4012831747531891
Car 0.0 0 1.879870891571045 0.0 183.20208740234375 36.21965789794922 213.92343139648438 4.1186757 1.5454261 1.6237262 -32.449062 1.7011366 38.164394 1.1752350330352783 0.2500288486480713
