Pedestrian 0.0 0 2.7273433208465576 793.6126098632812 164.6865234375 823.38720703125 214.66371154785156 0.92198384 1.8792741 0.6206435 7.5192037 1.5725136 27.503626 2.9942116737365723 0.5605090856552124
Pedestrian 0.0 0 -2.9715065956115723 999.3310546875 167.06777954101562 1042.4111328125 246.97938537597656 0.78516424 1.8162436 0.6094045 9.564267 1.6850919 16.880884 -2.4560279846191406 0.20287151634693146
Pedestrian 0.0 0 -0.8695993423461914 1162.92626953125 149.52685546875 1242.0 361.1596374511719 0.6308808 1.7258214 0.59480363 5.263203 1.5359514 6.227177 -0.1678992211818695 0.13659615814685822
Cyclist 0.0 0 -2.1858444213867188 782.6898193359375 180.6699981689453 807.9285278320312 214.6566162109375 1.6012287 1.6949301 0.4085663 9.500281 2.1069486 37.17905 -1.9356697797775269 0.15938812494277954
Car 0.0 0 1.5842077732086182 599.8174438476562 175.12051391601562 626.6685791015625 201.68072509765625 3.9789684 1.5942552 1.625088 0.19812636 1.7443196 45.65253 1.5885475873947144 0.42825400829315186
Car 0.0 0 1.8566012382507324 275.71038818359375 185.90017700195312 391.3864440917969 255.63450622558594 3.991363 1.4683105 1.6203417 -6.7849646 1.8313873 18.007483 1.4962658882141113 0.18412427604198456
Car 0.0 0 1.9526197910308838 46.115509033203125 184.90982055664062 103.84040832519531 211.09849548339844 3.950357 1.5225406 1.5996969 -34.06162 2.3269167 46.00438 1.315291404724121 0.14257940649986267
Car 0.0 0 1.8060410022735596 416.7418212890625 176.05130004882812 480.798583984375 218.13565063476562 4.128209 1.5876067 1.6456 -6.567899 1.728394 29.61031 1.587763786315918 0.1297144740819931
Car 0.0 0 0.7731097936630249 405.2130432128906 186.2194061279297 472.656005859375 212.23446655273438 4.1465445 1.5043179 1.6487194 -10.792526 2.376906 45.312958 0.5392887592315674 0.1274651288986206
Car 0.0 0 -1.2296468019485474 857.0748901367188 174.96688842773438 936.1549072265625 219.9815673828125 3.5666628 1.5137635 1.577133 10.448266 1.5965849 26.29705 -0.8514554500579834 0.1271059811115265
