Pedestrian 0.0 0 1.7191779613494873 372.5681457519531 127.71138763427734 414.9309387207031 233.639892578125 0.7702747 1.837343 0.6232141 -3.9180834 1.0546966 12.9387 1.4251370429992676 0.26556819677352905
Pedestrian 0.0 0 1.3545136451721191 813.0570678710938 163.3307342529297 836.5113525390625 215.5489044189453 0.8467333 1.8350583 0.6351657 7.6290927 1.5007486 25.79854 1.6420373916625977 0.17346759140491486
Pedestrian 0.0 0 1.256658911705017 319.362548828125 112.29907989501953 379.29583740234375 241.76048278808594 0.7139675 1.8375986 0.64626753 -3.9302127 0.97842884 10.719219 0.9052278995513916 0.16228587925434113
Pedestrian 0.0 0 2.17635440826416 743.361328125 149.68019104003906 772.952392578125 208.6494140625 0.7940826 1.8662242 0.59059894 4.7446365 1.1331906 23.320015 2.377072334289551 0.15211239457130432
Pedestrian 0.0 0 2.6600260734558105 818.993408203125 148.87672424316406 850.9141845703125 198.34014892578125 0.97185296 1.8330864 0.6133038 8.40995 0.94486046 27.126123 2.960660457611084 0.15196102857589722
Car 0.0 0 -1.9924970865249634 844.3632202148438 168.3628692626953 1242.0 375.0 3.8107638 1.4978139 1.5932425 3.2095902 1.4727345 6.038348 -1.503941297531128 0.8901364803314209
Car 0.0 0 -1.808998465538025 728.27734375 174.15443420410156 841.7186279296875 245.48638916015625 4.103245 1.4502069 1.5998607 3.8658056 1.4845681 16.80268 -1.5828628540039062 0.8629966378211975
Car 0.0 0 1.6835168600082397 569.7103271484375 178.3832550048828 617.2337036132812 213.64344787597656 4.223646 1.4178009 1.6331463 -0.7036502 1.679087 31.869904 1.6614415645599365 0.644448459148407
Car 0.0 0 1.6417213678359985 602.3616333007812 176.05235290527344 634.3287963867188 204.0933074951172 3.5427945 1.4775956 1.538545 0.46816537 1.6645504 40.264084 1.6533482074737549 0.4698125422000885
Car 0.0 0 1.650954008102417 486.81500244140625 177.74188232421875 534.0384521484375 218.75807189941406 3.611864 1.4973154 1.5720123 -3.9325786 1.7041196 28.62497 1.5144258737564087 0.18531490862369537
