Pedestrian 0.0 0 1.2442197799682617 1078.7723388671875 124.55585479736328 1140.5899658203125 225.52841186523438 1.0614198 1.8276854 0.6430901 9.494465 0.8166915 13.393694 1.8608778715133667 0.42613866925239563
Pedestrian 0.0 0 -0.0010578930377960205 778.6143188476562 132.37063598632812 853.8569946289062 294.9169616699219 0.79901713 1.7764447 0.67669266 2.3800683 1.252134 8.15864 0.2827887535095215 0.4224293828010559
Pedestrian 0.0 0 0.6340736150741577 911.716552734375 125.86396789550781 1014.906494140625 309.59417724609375 0.69626904 1.7786219 0.65909237 3.639305 1.2514076 7.2998986 1.0965540409088135 0.2588367760181427
Pedestrian 0.0 0 0.03729449212551117 738.4641723632812 131.17269897460938 776.7369995117188 219.32928466796875 0.7965731 1.876288 0.61258376 3.2980485 0.82804585 15.438173 0.24776029586791992 0.19665414094924927
Pedestrian 0.0 0 -1.549845576286316 771.6448974609375 149.7350616455078 782.6509399414062 180.59765625 0.9247063 2.0019403 0.68335533 11.299361 0.0076672994 46.393238 -1.3109407424926758 0.16059589385986328
Pedestrian 0.0 0 -0.82835853099823 426.7954406738281 172.77902221679688 441.746826171875 195.53549194335938 1.0051324 1.7318932 0.5960952 -13.121118 1.1455423 54.389465 -1.0650792121887207 0.12474918365478516
Cyclist 0.0 0 1.225074291229248 1079.3892822265625 124.44779968261719 1147.74462890625 226.2999725341797 1.3013439 1.8342633 0.6475637 9.594906 0.8264563 13.442359 1.8449897766113281 0.22688691318035126
Cyclist 0.0 0 -1.6423028707504272 699.8173828125 140.72752380371094 717.7887573242188 193.6736297607422 1.5816218 1.827567 0.51807564 3.663614 0.45625234 25.208164 -1.497978925704956 0.147207111120224
Car 0.0 0 -1.552202582359314 560.6310424804688 168.92372131347656 577.8609619140625 185.74476623535156 3.8269384 1.5709156 1.5854967 -3.385579 0.4909522 67.96354 -1.6019760370254517 0.33764517307281494
Car 0.0 0 2.0099565982818604 125.18293762207031 184.7598114013672 204.95127868652344 221.3646697998047 3.9122882 1.5425522 1.5791725 -20.002518 1.7508601 32.297253 1.4554481506347656 0.16307109594345093
Car 0.0 0 2.039095878601074 210.5684814453125 174.003173828125 273.6370544433594 205.4853515625 3.8196907 1.684306 1.6026381 -20.32066 1.3381307 39.73575 1.5663739442825317 0.12182746082544327
Car 0.0 0 1.6953887939453125 527.2002563476562 164.8959197998047 551.1116943359375 183.9976806640625 3.8150527 1.6204022 1.6251749 -5.7137966 0.29790777 61.90703 1.6033531427383423 0.11782859265804291
