Pedestrian 0.0 0 2.063875913619995 0.0 158.9833984375 39.58864974975586 250.0377655029297 0.9564039 1.7470068 0.5561371 -12.000087 1.4812374 14.365392 1.367950439453125 0.2633320391178131
Pedestrian 0.0 0 1.7783442735671997 892.184814453125 165.4848175048828 936.3886108398438 259.16204833984375 0.7778064 1.7908969 0.66317993 5.9846067 1.6503729 14.299841 2.17470383644104 0.21825994551181793
Cyclist 0.0 0 -1.5946274995803833 652.0802001953125 179.50473022460938 660.0253295898438 214.82188415527344 1.5219084 1.6388693 0.3405714 2.1614606 1.9646518 34.535572 -1.5321224927902222 0.17204256355762482
Cyclist 0.0 0 2.123985767364502 0.0 155.44419860839844 43.43129348754883 247.1173858642578 1.0768114 1.7576789 0.56849325 -12.01905 1.4242332 14.404772 1.4286301136016846 0.13316534459590912
Car 0.0 0 -1.8267771005630493 725.0730590820312 185.27296447753906 881.5508422851562 288.1866455078125 3.8016293 1.417869 1.603525 3.041858 1.6630734 12.311102 -1.5845462083816528 0.9026700258255005
Car 0.0 0 1.6548117399215698 505.49835205078125 178.83380126953125 551.5569458007812 217.94459533691406 3.7668037 1.4795039 1.5786024 -3.3436716 1.742465 29.778986 1.542997121810913 0.7661423683166504
Car 0.0 0 -1.7481141090393066 690.576416015625 180.4440155029297 787.4285278320312 252.47323608398438 3.8490765 1.5277622 1.6419041 2.9768922 1.7340539 17.641394 -1.5809441804885864 0.7617611885070801
Car 0.0 0 1.4744287729263306 647.5527954101562 175.86679077148438 688.0131225585938 207.4941864013672 4.053721 1.4734565 1.6198075 2.7924497 1.6328504 36.043186 1.5517494678497314 0.5353676676750183
Car 0.0 0 1.8865365982055664 529.9329223632812 177.73672485351562 574.406982421875 204.63995361328125 3.5670664 1.471366 1.5551984 -3.3584015 1.7694018 42.070297 1.8068771362304688 0.27322709560394287
Car 0.0 0 1.7376264333724976 542.5130615234375 173.35365295410156 573.8145141601562 196.50917053222656 3.7247894 1.5598931 1.5955019 -3.6269903 1.5966407 50.617493 1.6660938262939453 0.19984181225299835
