Pedestrian 0.0 0 -0.33148193359375 826.50537109375 106.93008422851562 922.2420654296875 284.0506896972656 0.7846648 1.7379072 0.5123246 2.7121127 1.0075971 7.31109 0.02374100685119629 0.18569685518741608
Pedestrian 0.0 0 0.07722246646881104 933.5271606445312 106.7079849243164 1031.524169921875 312.38763427734375 0.75737536 1.7641368 0.5535423 3.4518566 1.1240224 6.5941796 0.55946946144104 0.1825491487979889
Pedestrian 0.0 0 -1.1327366828918457 130.53228759765625 166.9974822998047 154.94070434570312 206.7386932373047 0.7650473 1.8390834 0.7075541 -21.50203 1.1688834 33.664665 -1.7011356353759766 0.17707911133766174
Cyclist 0.0 0 -1.9888736009597778 1014.3750610351562 119.19889068603516 1115.9119873046875 255.46376037597656 1.8740925 1.7986448 0.50988823 6.6305833 0.97762203 10.443487 -1.42318594455719 0.17602312564849854
Car 0.0 0 -1.5697388648986816 590.580322265625 170.81202697753906 615.815673828125 194.4149169921875 3.9524212 1.5212864 1.6266001 0.12858865 0.83311313 48.275753 -1.567075252532959 0.568817675113678
Car 0.0 0 -1.4697068929672241 537.7838745117188 171.10604858398438 570.83203125 197.29489135742188 3.838864 1.5072595 1.6097549 -2.7933924 0.9098386 43.287716 -1.5341483354568481 0.4508908987045288
Car 0.0 0 2.1533992290496826 326.36627197265625 179.30543518066406 392.3609619140625 207.89938354492188 3.6662986 1.4323903 1.5424137 -12.722276 1.323334 37.951347 1.8299463987350464 0.4289734661579132
Car 0.0 0 -0.20674920082092285 0.0 163.62799072265625 127.60486602783203 207.10751342773438 4.319182 1.8108548 1.7296505 -23.959425 1.0674945 32.106476 -0.8478453159332275 0.3688742220401764
Car 0.0 0 2.646638870239258 80.84419250488281 188.3559112548828 164.9053955078125 216.83949279785156 3.738656 1.5360414 1.6395798 -27.739923 1.9546919 41.748547 2.060170888900757 0.1804307997226715
Car 0.0 0 1.817068338394165 560.5783081054688 166.87864685058594 590.9050903320312 186.8380126953125 3.7845497 1.5806518 1.6128565 -2.045494 0.4232584 58.904293 1.7823566198349 0.16720741987228394
