Pedestrian 0.0 0 1.7295401096343994 687.1233520507812 167.52777099609375 702.4240112304688 204.33419799804688 0.88521546 1.8480673 0.6430756 4.283008 1.5809925 36.73923 1.845594882965088 0.4261191189289093
Pedestrian 0.0 0 1.6603606939315796 519.133544921875 175.4229278564453 535.3284912109375 218.41175842285156 1.7748017 1.7874984 0.53752613 -3.587266 1.9014195 31.000006 1.5451548099517822 0.14679938554763794
Pedestrian 0.0 0 1.6428203582763672 536.3466796875 173.38876342773438 551.9279174804688 215.6859893798828 1.838251 1.8035277 0.5540111 -2.925362 1.8280752 31.711018 1.5508300065994263 0.1026851236820221
Cyclist 0.0 0 1.6180099248886108 536.7881469726562 173.71768188476562 551.3977661132812 215.9069061279297 1.8259091 1.7965347 0.5562778 -2.9255435 1.8359287 31.68468 1.5259379148483276 0.6497726440429688
Cyclist 0.0 0 1.6603606939315796 519.133544921875 175.4229278564453 535.3284912109375 218.41175842285156 1.7748017 1.7874984 0.53752613 -3.587266 1.9014195 31.000006 1.5451548099517822 0.3804108500480652
Car 0.0 0 -1.798522710800171 693.6168212890625 177.50299072265625 830.3643188476562 279.17645263671875 3.3840108 1.56108 1.6338177 2.5196767 1.6559961 12.952948 -1.6063967943191528 0.9460663795471191
Car 0.0 0 1.8487762212753296 321.7636413574219 183.54107666015625 444.3829650878906 262.81439208984375 3.9598687 1.5339946 1.6305174 -5.0683627 1.8082529 16.493649 1.5506432056427002 0.8748042583465576
Car 0.0 0 1.6495027542114258 463.602294921875 180.6285400390625 507.81158447265625 217.75137329101562 4.155427 1.5092465 1.6327797 -5.5514784 1.8815451 32.37286 1.4796690940856934 0.5917706489562988
Car 0.0 0 1.6542874574661255 633.8353271484375 176.59381103515625 660.1376342773438 197.83889770507812 4.001929 1.4860152 1.6139446 2.738876 1.7734536 53.293682 1.7056344747543335 0.49826547503471375
Car 0.0 0 1.4228017330169678 516.8914794921875 179.75393676757812 546.1301879882812 202.51890563964844 3.540551 1.5059166 1.5352929 -5.5849257 2.010247 50.791096 1.3132829666137695 0.46892160177230835
