Pedestrian 0.0 0 -0.921059250831604 826.7655639648438 145.11773681640625 893.8693237304688 264.2556457519531 0.89949507 1.8606429 0.6177026 4.0323334 1.4278281 11.7729845 -0.5910749435424805 0.38487258553504944
Pedestrian 0.0 0 -0.019424229860305786 839.1538696289062 123.77849578857422 874.29931640625 206.31463623046875 0.76402754 1.8845854 0.60950804 5.713004 0.76438 16.87839 0.30695152282714844 0.16422563791275024
Pedestrian 0.0 0 1.4026625156402588 786.948974609375 156.650146484375 828.7703247070312 248.93130493164062 1.635147 1.793755 0.5571162 4.001281 1.4791436 14.862737 1.6656430959701538 0.15561029314994812
Cyclist 0.0 0 -1.283462643623352 530.0711669921875 186.39060974121094 547.0574340820312 222.32867431640625 1.7281173 1.7217188 0.37390774 -3.6039584 2.4162385 36.114174 -1.3829268217086792 0.3124599754810333
Cyclist 0.0 0 1.3991128206253052 787.5204467773438 154.18882751464844 831.2218627929688 247.0976104736328 1.6975858 1.7973071 0.57564104 4.0205226 1.43659 14.827175 1.6639046669006348 0.2709864675998688
Cyclist 0.0 0 -1.6845225095748901 713.3759155273438 148.7173309326172 734.0693969726562 202.846435546875 1.7070936 1.8407215 0.5246719 3.9466395 1.0202848 25.397413 -1.530360221862793 0.17711909115314484
Cyclist 0.0 0 -1.6976909637451172 671.38525390625 185.4004364013672 679.8847045898438 212.8616485595703 1.5724949 1.7892166 0.3712474 4.3795795 2.6471844 48.525322 -1.607681393623352 0.12866614758968353
Car 0.0 0 -1.7600290775299072 696.4989013671875 195.26119995117188 816.102783203125 285.9109802246094 3.9854963 1.4816041 1.6268256 2.7800066 2.0027556 14.772051 -1.5740110874176025 0.8595912456512451
Car 0.0 0 1.4778926372528076 669.6240234375 183.3911895751953 698.8848266601562 210.15245056152344 3.862038 1.7163353 1.6479565 5.050013 2.471379 49.7369 1.57908034324646 0.27674251794815063
Car 0.0 0 0.016722533851861954 611.38427734375 189.80577087402344 657.9339599609375 209.1866912841797 3.6821747 1.4895561 1.5924791 1.9638386 2.8710277 57.89482 0.05063033103942871 0.1288345605134964
