Pedestrian 0.0 0 -1.9373621940612793 908.0411987304688 145.91574096679688 943.6780395507812 212.18621826171875 0.8924858 1.8256878 0.64092183 8.844133 1.083923 20.334736 -1.5271130800247192 0.23839543759822845
Pedestrian 0.0 0 1.0246548652648926 1197.91015625 112.04449462890625 1242.0 189.734375 1.3269371 1.8415753 0.56627405 15.201814 0.40049365 17.800934 1.7314605712890625 0.20077115297317505
Cyclist 0.0 0 1.0246548652648926 1197.91015625 112.04449462890625 1242.0 189.734375 1.3269371 1.8415753 0.56627405 15.201814 0.40049365 17.800934 1.7314605712890625 0.2612972557544708
Cyclist 0.0 0 -1.8383327722549438 723.2410888671875 171.91567993164062 740.0354614257812 208.21279907226562 1.7113202 1.7394079 0.37137094 5.9278708 1.6948006 35.444435 -1.6726223230361938 0.13780412077903748
Cyclist 0.0 0 -1.9396415948867798 907.2506103515625 145.4600067138672 944.49609375 213.01918029785156 1.0149902 1.8538467 0.6352758 8.834535 1.1025043 20.316683 -1.529464840888977 0.12382368743419647
Car 0.0 0 1.8014328479766846 456.903564453125 183.72775268554688 491.0939636230469 205.74110412597656 3.8870072 1.4644125 1.5724047 -9.770935 2.2771397 51.926125 1.6154378652572632 0.5328977704048157
Car 0.0 0 1.6655635833740234 592.5548706054688 178.8551025390625 621.5802612304688 203.45260620117188 3.8322673 1.5368267 1.5781707 -0.18876335 1.9530942 48.024044 1.661633014678955 0.4610269367694855
Car 0.0 0 0.9286285638809204 23.283300399780273 194.20498657226562 93.80459594726562 218.8386688232422 4.0037475 1.5087234 1.6445853 -36.585022 2.9643824 47.841595 0.27577829360961914 0.14484600722789764
Car 0.0 0 1.9341615438461304 248.26548767089844 166.7906951904297 361.615478515625 242.3921356201172 4.063431 1.9349174 1.6182898 -8.562847 1.7800932 20.520565 1.5388468503952026 0.14216601848602295
Car 0.0 0 -0.9314232468605042 0.0 202.64505004882812 200.75962829589844 375.0 3.8991797 1.4332045 1.6111221 -6.8082194 1.8708392 8.615666 -1.6001684665679932 0.1248001977801323
