Car 0.0 0 -1.7661981582641602 691.6605834960938 183.57046508789062 802.4143676757812 261.7766418457031 3.8167396 1.4400679 1.6197834 2.7934687 1.7027371 15.734682 -1.5904932022094727 0.8952541947364807
Car 0.0 0 -1.6881657838821411 655.2089233398438 175.2121124267578 711.940185546875 221.35736083984375 3.6879625 1.5619575 1.6329406 2.5839355 1.6549135 26.470467 -1.5908583402633667 0.8665081262588501
Car 0.0 0 0.5578694343566895 150.48446655273438 173.3244171142578 404.3028564453125 259.92071533203125 4.3179283 1.5771753 1.6989777 -6.531063 1.5875683 14.270218 0.12865471839904785 0.795555591583252
Car 0.0 0 -2.245683431625366 0.0 171.9512939453125 193.91819763183594 363.81988525390625 3.870132 1.4945797 1.6085027 -6.245394 1.487906 6.693375 -2.9964723587036133 0.7504417896270752
Car 0.0 0 -2.333101272583008 888.7283325195312 180.97398376464844 1242.0 375.0 3.8887417 1.457943 1.5862974 2.8780544 1.5185813 3.3685226 -1.6260603666305542 0.7253422737121582
Car 0.0 0 3.4444022178649902 276.84454345703125 169.9840545654297 462.1022644042969 237.92674255371094 4.3221116 1.7101064 1.7364113 -6.28716 1.6382284 19.06049 3.1257872581481934 0.7045800685882568
Car 0.0 0 -2.293557643890381 0.0 178.98477172851562 254.319580078125 311.23004150390625 3.8226 1.4958987 1.6159344 -6.949682 1.586885 9.466676 -2.926818370819092 0.679773211479187
Car 0.0 0 1.4500067234039307 647.8378295898438 176.47219848632812 695.5044555664062 212.60911560058594 4.0929313 1.5012944 1.6409359 2.6686363 1.6748825 32.465866 1.5320205688476562 0.5853700637817383
Car 0.0 0 0.2429591417312622 392.0718994140625 174.96426391601562 501.8465270996094 219.00283813476562 3.7004733 1.581589 1.6362135 -6.051896 1.6629885 26.849771 0.021265506744384766 0.4799085855484009
Car 0.0 0 3.359389543533325 348.943115234375 179.73475646972656 487.31756591796875 226.3402862548828 4.186743 1.4721348 1.628539 -6.3291354 1.7095015 23.952282 3.1010546684265137 0.46912288665771484
