Pedestrian 0.0 0 -1.93153715133667 832.3416748046875 181.21786499023438 903.2991333007812 291.86822509765625 1.7748959 1.7422061 0.54502213 4.3315024 1.8965423 12.386913 -1.5951441526412964 0.165570467710495
Cyclist 0.0 0 -1.9626826047897339 833.2479858398438 182.2071075439453 906.0986328125 289.8741149902344 1.7398757 1.6834004 0.535793 4.3375716 1.8548763 12.3150425 -1.624033808708191 0.7377040982246399
Cyclist 0.0 0 -0.8058153390884399 1102.6224365234375 128.1664581298828 1242.0 272.24835205078125 1.896226 1.800834 0.5751028 7.470479 1.2426562 9.428772 -0.13578304648399353 0.5130306482315063
Car 0.0 0 -1.7985587120056152 700.639892578125 178.6521453857422 851.4201049804688 285.5164794921875 3.7145088 1.5106463 1.640461 2.5803542 1.6247151 12.274038 -1.591347575187683 0.9145646095275879
Car 0.0 0 1.828155279159546 359.4124450683594 185.31732177734375 507.6863098144531 295.62164306640625 3.4288533 1.4917802 1.523786 -2.7849917 1.7273846 11.881905 1.5979220867156982 0.8841554522514343
Car 0.0 0 -1.7046666145324707 657.4259033203125 172.856201171875 733.1869506835938 232.57696533203125 4.491783 1.6508228 1.6984065 2.4627812 1.6512555 22.207586 -1.59421968460083 0.8290223479270935
Car 0.0 0 -1.714463233947754 678.8804931640625 181.71676635742188 770.3675537109375 254.32981872558594 3.5252256 1.4888475 1.6074183 2.5378766 1.7196144 16.989038 -1.5661765336990356 0.7730247974395752
Car 0.0 0 1.683895230293274 525.6397705078125 179.1381072998047 565.6773681640625 211.0592498779297 3.8107736 1.4845749 1.5838388 -3.2169218 1.817308 36.236103 1.5953506231307983 0.7346973419189453
Car 0.0 0 -1.704261064529419 644.8794555664062 172.78973388671875 688.6068115234375 207.9681854248047 4.0439487 1.6688149 1.6569611 2.7569122 1.6661245 36.292316 -1.628442645072937 0.5983183979988098
Car 0.0 0 1.4428863525390625 634.6873779296875 176.0259246826172 669.9458618164062 203.395751953125 4.0313044 1.5659189 1.6278203 2.4897125 1.7680465 43.826702 1.4996334314346313 0.3820565342903137
