Pedestrian 0.0 0 3.0912280082702637 298.88189697265625 161.10191345214844 348.619384765625 270.8970642089844 0.74232835 1.7685734 0.635537 -4.6908474 1.441295 12.010344 2.7188796997070312 0.4214692711830139
Pedestrian 0.0 0 -2.6536619663238525 516.4147338867188 169.44200134277344 545.9562377929688 218.85658264160156 0.80607694 1.7581474 0.7582441 -2.5664747 1.330185 26.059237 -2.751831531524658 0.41348597407341003
Pedestrian 0.0 0 3.4669089317321777 285.286376953125 168.75660705566406 343.4612731933594 271.51324462890625 0.8069548 1.7798709 0.6180755 -5.132452 1.560418 12.771275 3.084787368774414 0.4039726257324219
Pedestrian 0.0 0 -1.6975849866867065 712.5147705078125 172.75445556640625 741.0104370117188 238.59841918945312 0.73422617 1.7708167 0.68019456 3.3985255 1.5367743 19.69812 -1.5267364978790283 0.3065667450428009
Pedestrian 0.0 0 -0.9936525821685791 1180.670654296875 123.0012435913086 1238.0 251.11277770996094 0.9857796 1.7439264 0.5389625 8.8059435 0.9489317 10.170989 -0.28006255626678467 0.22699181735515594
Pedestrian 0.0 0 1.3032666444778442 60.656009674072266 127.49296569824219 128.94094848632812 253.41041564941406 0.80299133 1.7965319 0.64418215 -7.6279755 1.0272999 10.749825 0.6861329078674316 0.2133558839559555
Pedestrian 0.0 0 -1.5197515487670898 445.0898132324219 184.97052001953125 499.1620788574219 291.59637451171875 1.2212061 1.6590668 0.8223643 -2.1558921 1.7209104 11.875439 -1.6993377208709717 0.19689613580703735
Pedestrian 0.0 0 1.6429758071899414 755.1184692382812 139.927734375 775.5277099609375 195.64077758789062 0.8792345 1.9028724 0.6335592 5.6959543 0.48404965 25.044903 1.8666017055511475 0.16704240441322327
Pedestrian 0.0 0 -1.5980345010757446 640.2717895507812 169.5744171142578 654.2568359375 204.33006286621094 1.786884 1.6767805 0.63903046 2.2519329 1.1023339 35.557716 -1.5347871780395508 0.10191993415355682
Cyclist 0.0 0 -2.782683849334717 389.7688903808594 184.5825958251953 505.1280212402344 287.0245361328125 1.6973386 1.609518 0.76041937 -2.5551326 1.6636466 11.813007 -2.9957005977630615 0.5314154028892517
Cyclist 0.0 0 -1.6335883140563965 639.148193359375 169.02145385742188 655.5006713867188 203.29299926757812 1.8527088 1.6487635 0.68761516 2.2482288 1.0493382 35.482143 -1.5703105926513672 0.30665937066078186
Cyclist 0.0 0 -1.8730919361114502 1185.6815185546875 126.58036041259766 1238.0 254.65316772460938 1.1509827 1.7155211 0.54028237 8.834769 0.9812046 10.254856 -1.16194748878479 0.1031041219830513
Car 0.0 0 -1.9470326900482178 755.064453125 139.06004333496094 1021.0963134765625 314.37713623046875 3.745197 1.6868148 1.6575588 3.1282218 1.2798505 8.8093195 -1.6058183908462524 0.8935783505439758
Car 0.0 0 2.8675031661987305 537.7213745117188 165.4879608154297 609.634033203125 190.841796875 4.7038817 1.7112677 1.7658923 -1.9266521 0.63119423 50.04512 2.829023838043213 0.20094957947731018
Car 0.0 0 -1.1034462451934814 651.5742797851562 177.16575622558594 731.2709350585938 217.72325134277344 3.6922498 1.4708977 1.5920895 3.5523171 1.3147545 28.024853 -0.9773626327514648 0.18342511355876923
Car 0.0 0 2.936633586883545 478.77130126953125 173.08731079101562 543.1885375976562 196.25820922851562 4.091472 1.5283822 1.6640366 -6.143374 0.97415483 48.8299 2.811479330062866 0.18304046988487244
