Pedestrian 0.0 0 0.4059051275253296 147.4930419921875 139.53384399414062 259.1654968261719 292.4930725097656 1.0629376 1.7812219 0.49960625 -4.8776135 1.3058512 8.536893 -0.1131870299577713 0.684550404548645
Pedestrian 0.0 0 -0.41080573201179504 821.1066284179688 187.74916076660156 872.2994384765625 276.6023864746094 0.7439386 1.7039044 0.68823135 4.730329 1.8528469 13.9892235 -0.08473458141088486 0.22366037964820862
Pedestrian 0.0 0 -1.803347110748291 1126.18310546875 196.3552703857422 1224.0 370.0 0.709563 1.6722386 0.7472564 5.293731 1.8309945 6.517089 -1.1211602687835693 0.20291662216186523
Pedestrian 0.0 0 1.5099384784698486 839.25048828125 173.26565551757812 868.1600341796875 244.13905334472656 0.7619035 1.7431805 0.64038086 6.230084 1.5668442 17.839003 1.845935583114624 0.18104149401187897
Pedestrian 0.0 0 0.5851378440856934 1129.7288818359375 143.55816650390625 1203.749267578125 255.0828094482422 0.7394944 1.7440768 0.59012514 9.077884 1.1680193 11.495541 1.253558874130249 0.17188845574855804
Pedestrian 0.0 0 -2.204878568649292 1110.0037841796875 186.7013397216797 1224.0 370.0 0.6787326 1.6640998 0.68167484 4.3191447 1.715521 5.30753 -1.5217933654785156 0.16218800842761993
Pedestrian 0.0 0 1.6551357507705688 260.1849670410156 171.55810546875 301.08294677734375 263.1828308105469 0.7522778 1.7137746 0.6612045 -6.310129 1.5481595 13.686139 1.2231225967407227 0.15637800097465515
Pedestrian 0.0 0 0.49843630194664 159.32972717285156 166.88136291503906 216.0835418701172 262.2771911621094 0.6976914 1.7034279 0.5904897 -7.6643553 1.4618899 12.928231 -0.03670087084174156 0.13458152115345
Pedestrian 0.0 0 -0.8642696142196655 54.253787994384766 190.78985595703125 104.79297637939453 250.88790893554688 1.0864482 1.6755953 0.6183081 -15.2273245 1.9832293 20.463478 -1.5039981603622437 0.11643382161855698
Cyclist 0.0 0 -2.6717145442962646 281.9561767578125 199.9257354736328 362.03326416015625 268.3059997558594 1.8202221 1.7208512 0.7057559 -7.4140253 2.2417488 18.465229 -3.0535242557525635 0.17506086826324463
Cyclist 0.0 0 -1.586571216583252 1183.1552734375 143.01998901367188 1220.4425048828125 244.05714416503906 1.680651 1.6521416 0.46522573 10.367571 1.0409274 12.355419 -0.8884327411651611 0.14913704991340637
Cyclist 0.0 0 0.3807484209537506 151.58709716796875 140.44261169433594 267.3773193359375 292.8778076171875 1.1169391 1.7699177 0.4909753 -4.792929 1.306497 8.521192 -0.13161954283714294 0.1426752358675003
Cyclist 0.0 0 -1.60017991065979 880.0631713867188 172.98086547851562 923.9691772460938 298.9066467285156 1.8304056 1.674835 0.52578855 4.2725353 1.5765015 10.347876 -1.208611011505127 0.12125877290964127
Cyclist 0.0 0 -1.3804185390472412 82.04783630371094 155.00027465820312 127.83839416503906 246.18760681152344 1.655371 1.6690958 0.42646572 -9.763719 1.2039874 13.778683 -1.9969000816345215 0.11772291362285614
Cyclist 0.0 0 -0.9724946022033691 1116.3555908203125 194.30430603027344 1224.0 370.0 1.021414 1.6379466 0.74091923 5.4161587 1.7767373 6.520105 -0.2793208062648773 0.1082444041967392
Car 0.0 0 -1.1045103073120117 293.5118408203125 196.1868133544922 404.05908203125 253.32476806640625 3.5086572 1.4048485 1.5564486 -7.2357383 1.8959394 20.223497 -1.4481068849563599 0.1484881192445755
Car 0.0 0 -2.031792163848877 515.39208984375 194.2811737060547 638.394775390625 263.8367004394531 3.55424 1.4322746 1.5579978 -0.8259851 1.8078387 17.250929 -2.079636335372925 0.13481923937797546
Car 0.0 0 -1.3015252351760864 489.871826171875 144.38864135742188 579.6203002929688 205.3462371826172 4.0510726 1.6421132 1.6487583 -2.0203528 0.670905 21.179699 -1.396628499031067 0.13148240745067596
