Car 0.0 0 -1.853482961654663 731.0536499023438 179.95574951171875 893.9320678710938 280.41168212890625 4.0219083 1.4236877 1.5967475 3.244812 1.5675566 12.544292 -1.6003626585006714 0.8962602615356445
Car 0.0 0 2.0560977458953857 55.41822052001953 196.9597930908203 321.0942077636719 327.71710205078125 4.144859 1.438397 1.6216959 -5.979102 1.8692204 10.793328 1.5502172708511353 0.8859050869941711
Car 0.0 0 1.9398193359375 311.9192810058594 191.62303161621094 440.4464111328125 261.4567565917969 4.2404613 1.4437758 1.6544565 -5.7788796 1.9752543 18.247484 1.63311767578125 0.8671343922615051
Car 0.0 0 1.8596420288085938 399.23223876953125 186.28152465820312 476.0335693359375 236.27101135253906 3.5755868 1.477179 1.5401919 -5.717194 1.9606404 24.128922 1.6269890069961548 0.8570511937141418
Car 0.0 0 1.858223795890808 458.9973449707031 181.95677185058594 518.7335205078125 217.8717041015625 4.0739017 1.4961004 1.6251129 -5.542568 1.9427257 33.2501 1.6930491924285889 0.8352632522583008
Car 0.0 0 1.4346513748168945 672.20751953125 178.17185974121094 724.7937622070312 219.2090606689453 3.6104429 1.4560971 1.5267664 3.3129966 1.6754261 27.889051 1.552889347076416 0.8340254426002502
Car 0.0 0 -1.7501447200775146 696.9326171875 174.44210815429688 791.1455078125 242.3981475830078 3.8912106 1.5121133 1.6195303 3.186114 1.5565919 18.09323 -1.57583749294281 0.8009900450706482
Car 0.0 0 2.4454867839813232 1035.5550537109375 151.70518493652344 1242.0 249.07479858398438 3.7312915 1.4333935 1.5429257 9.009244 1.1224161 11.44477 3.1123697757720947 0.7935341596603394
Car 0.0 0 -0.554457426071167 911.6976928710938 163.2316131591797 1153.159912109375 241.0041961669922 3.8971756 1.4513092 1.5697663 8.209203 1.2721041 14.311879 -0.033680763095617294 0.6367882490158081
Car 0.0 0 -1.6857763528823853 647.8910522460938 176.32937622070312 682.0028686523438 204.53797912597656 3.6400843 1.5619578 1.576589 3.141901 1.7747779 42.256706 -1.6115602254867554 0.5919610857963562
