Pedestrian 0.0 0 2.7573814392089844 720.3009033203125 141.42124938964844 832.7584228515625 300.96795654296875 1.1378008 1.778592 0.58822757 1.9378843 1.3446372 8.254756 2.9879655838012695 0.590583860874176
Pedestrian 0.0 0 -0.659117579460144 54.23625564575195 190.2057342529297 102.55693054199219 250.1624755859375 0.93925774 1.6723201 0.61730283 -15.236806 1.9616636 20.4243 -1.3000625371932983 0.1866021603345871
Pedestrian 0.0 0 -1.066923975944519 755.1911010742188 122.5028305053711 809.4287719726562 230.78530883789062 0.74633235 1.8122793 0.6370243 3.048259 0.84325427 12.318837 -0.8243496417999268 0.17772629857063293
Pedestrian 0.0 0 1.5204901695251465 840.5592651367188 172.1363525390625 868.4717407226562 243.36241149902344 0.76620317 1.7502978 0.6232967 6.2460423 1.5463684 17.825537 1.8575199842453003 0.1722404956817627
Pedestrian 0.0 0 -0.7433675527572632 982.2714233398438 192.24949645996094 1122.392333984375 370.0 0.6608896 1.6211436 0.5874013 3.2649648 1.7164309 5.2757635 -0.189194917678833 0.15389592945575714
Pedestrian 0.0 0 -2.134331464767456 1112.85107421875 187.45132446289062 1224.0 370.0 0.6848649 1.6656156 0.6636628 4.3085794 1.7230775 5.2862926 -1.4504823684692383 0.1308603137731552
Cyclist 0.0 0 1.657302737236023 963.5289916992188 139.70309448242188 1012.8624267578125 255.29759216308594 1.6446362 1.7525971 0.57325685 6.2406406 1.135711 11.559609 2.152332305908203 0.17348767817020416
Cyclist 0.0 0 2.7573814392089844 720.3009033203125 141.42124938964844 832.7584228515625 300.96795654296875 1.1378008 1.778592 0.58822757 1.9378843 1.3446372 8.254756 2.9879655838012695 0.17295344173908234
Cyclist 0.0 0 -1.3848638534545898 75.20126342773438 158.5614471435547 127.4894790649414 254.5470428466797 1.6724291 1.6763957 0.4982179 -9.422813 1.2948819 13.207159 -2.004568099975586 0.16540084779262543
Cyclist 0.0 0 -2.176980972290039 0.0 176.6077423095703 72.58213806152344 260.84820556640625 1.8425875 1.6213454 0.68194425 -11.762837 1.5480655 14.179364 -2.8694968223571777 0.1400863230228424
Cyclist 0.0 0 0.4052855670452118 46.18598175048828 190.45791625976562 100.78771209716797 250.89434814453125 1.0806628 1.687933 0.6699436 -15.314634 1.9825004 20.345474 -0.2399599850177765 0.13154682517051697
Car 0.0 0 1.782122254371643 52.298927307128906 187.50454711914062 132.6558837890625 230.9489288330078 4.116307 1.4445095 1.5997223 -19.056269 1.7296515 26.420944 1.157272458076477 0.22371692955493927
