Pedestrian 0.0 0 1.3433120250701904 1108.9854736328125 108.23126983642578 1173.0478515625 232.63003540039062 0.7960676 1.8417416 0.6325342 8.147713 0.8853506 11.169866 1.973522424697876 0.26561033725738525
Pedestrian 0.0 0 -2.4396557807922363 341.2145690917969 172.20033264160156 372.6043701171875 230.07135009765625 0.68271327 1.7604479 0.61445314 -7.884893 1.7409213 22.354958 -2.7787458896636963 0.2613447606563568
Pedestrian 0.0 0 1.7516371011734009 312.99554443359375 132.02044677734375 343.7457580566406 204.00889587402344 0.7504453 1.8685552 0.63762563 -7.516672 0.80902463 19.155144 1.3776907920837402 0.26000165939331055
Car 0.0 0 1.3761515617370605 694.6834106445312 185.82994079589844 803.0652465820312 261.1461486816406 4.075658 1.4322958 1.6273636 2.9699006 1.7658898 16.476292 1.5544894933700562 0.8959729075431824
Car 0.0 0 1.8806157112121582 335.39642333984375 177.85252380371094 488.1862487792969 282.7115783691406 3.277584 1.4683731 1.4869522 -3.1626632 1.5630319 11.935222 1.621583342552185 0.8872560858726501
Car 0.0 0 1.7269196510314941 445.79058837890625 178.31752014160156 531.3253173828125 243.22132873535156 4.001315 1.4978299 1.6070778 -3.1264553 1.6572139 18.992695 1.5637692213058472 0.7872492074966431
Car 0.0 0 -1.6725327968597412 653.161865234375 179.19386291503906 692.5059814453125 210.9967498779297 3.6484492 1.4997009 1.6154349 3.1000137 1.8377573 36.59278 -1.5880180597305298 0.7690193057060242
Car 0.0 0 2.293768882751465 0.0 173.2506866455078 273.990478515625 375.0 4.0389843 1.4307564 1.5910774 -3.1990056 1.4340245 3.2283409 1.512934684753418 0.6840747594833374
Car 0.0 0 -2.3515982627868652 885.1808471679688 195.19435119628906 1242.0 375.0 3.9214768 1.4138762 1.5704703 2.7965991 1.5753962 3.1967187 -1.6328622102737427 0.47649723291397095
Car 0.0 0 1.512122392654419 647.9909057617188 177.93499755859375 679.2340698242188 205.59278869628906 3.6839638 1.5104959 1.5891596 3.0418763 1.8192333 41.93659 1.5845307111740112 0.23836947977542877
