Pedestrian 0.0 0 -2.0233657360076904 1095.2054443359375 132.4361114501953 1225.194091796875 315.7928466796875 0.8500434 1.7426853 0.75233763 5.502458 1.3588978 7.3435497 -1.380318284034729 0.504895806312561
Pedestrian 0.0 0 -3.4784274101257324 851.0847778320312 156.50177001953125 888.5169677734375 217.57029724121094 0.91002274 1.8376915 0.6534247 7.8817797 1.3459737 22.039682 -3.1349823474884033 0.3654307723045349
Pedestrian 0.0 0 -1.512494444847107 688.052001953125 169.53749084472656 699.58740234375 203.29615783691406 1.1966711 1.7475252 0.5360468 4.3804703 1.5762032 37.983387 -1.3976757526397705 0.2867790162563324
Pedestrian 0.0 0 -1.7662997245788574 709.7446899414062 172.15347290039062 721.901123046875 200.25918579101562 0.7121202 1.8091356 0.6537183 6.8321786 1.7644007 46.814014 -1.6213798522949219 0.2193286418914795
Pedestrian 0.0 0 -1.8015129566192627 680.843017578125 174.9914093017578 692.0503540039062 198.6646270751953 0.8601324 1.7241615 0.63962454 5.5957103 1.8832046 53.099136 -1.6965181827545166 0.1841670125722885
Pedestrian 0.0 0 1.7709320783615112 788.0635375976562 164.49757385253906 807.700927734375 202.21725463867188 1.6179209 1.7318084 0.58705306 8.818034 1.3485007 33.980656 2.0248332023620605 0.10332006216049194
Cyclist 0.0 0 -1.7657344341278076 718.8118896484375 162.65713500976562 750.9063110351562 221.0015411376953 1.9862435 1.7964525 0.63866097 3.9501662 1.4828445 23.214952 -1.5971925258636475 0.6965597867965698
Cyclist 0.0 0 -1.509958028793335 687.4307861328125 170.52496337890625 699.1222534179688 204.322998046875 1.5439996 1.7397186 0.51995623 4.3486543 1.6201918 37.943123 -1.3958461284637451 0.27128031849861145
Cyclist 0.0 0 1.7709320783615112 788.0635375976562 164.49757385253906 807.700927734375 202.21725463867188 1.6179209 1.7318084 0.58705306 8.818034 1.3485007 33.980656 2.0248332023620605 0.18901294469833374
Cyclist 0.0 0 -0.35856422781944275 852.0503540039062 158.34640502929688 890.7686157226562 218.75131225585938 0.94604397 1.8183075 0.64257586 7.932751 1.3819581 22.044449 -0.013139184564352036 0.12312118709087372
Car 0.0 0 0.9723865985870361 1021.822509765625 195.8317413330078 1102.5384521484375 226.8136444091797 3.9428983 1.4358432 1.709485 23.931902 2.7235093 38.41575 1.529525637626648 0.3112490773200989
Car 0.0 0 2.2540347576141357 994.7806396484375 186.9358367919922 1044.1881103515625 206.2313995361328 4.059136 1.6180196 1.6246054 36.400906 2.9000616 64.17558 2.769993543624878 0.19300058484077454
