Pedestrian 0.0 0 -1.5431501865386963 737.5380249023438 173.3216094970703 754.1054077148438 213.86582946777344 0.80305785 1.748523 0.6922282 5.9102564 1.7696579 31.590782 -1.3582003116607666 0.509050726890564
Pedestrian 0.0 0 -2.100191354751587 911.9031372070312 155.60934448242188 961.2216186523438 223.01271057128906 1.3549209 1.8341552 0.67147934 9.138185 1.3652582 20.340954 -1.6779608726501465 0.2929946482181549
Pedestrian 0.0 0 -1.6062977313995361 706.4302368164062 172.64102172851562 716.1285400390625 198.54180908203125 0.74399567 1.7491109 0.6269691 6.8634505 1.7350862 49.125908 -1.4674848318099976 0.15626533329486847
Pedestrian 0.0 0 -1.8683277368545532 674.5560913085938 172.23974609375 684.7694702148438 195.88563537597656 0.8511578 1.828772 0.5675835 5.405435 1.7816217 56.27473 -1.7725671529769897 0.1217903420329094
Cyclist 0.0 0 -2.100191354751587 911.9031372070312 155.60934448242188 961.2216186523438 223.01271057128906 1.3549209 1.8341552 0.67147934 9.138185 1.3652582 20.340954 -1.6779608726501465 0.3013339042663574
Cyclist 0.0 0 -2.3592448234558105 1178.6484375 185.35133361816406 1242.0 238.2549285888672 2.0419526 1.7327138 0.5994844 20.965927 2.1871212 25.167364 -1.6646678447723389 0.13532498478889465
Cyclist 0.0 0 0.932399570941925 750.5762329101562 173.67628479003906 777.3202514648438 203.4171142578125 1.770261 1.725213 0.61781335 9.094217 1.7754565 42.83742 1.141589879989624 0.12392321228981018
Car 0.0 0 1.9526829719543457 295.5884704589844 180.96548461914062 361.42926025390625 213.5916290283203 4.127431 1.4915011 1.6464258 -14.023187 1.9208671 36.085804 1.5820368528366089 0.6967166066169739
Car 0.0 0 -0.9611650109291077 1009.5965576171875 173.4231414794922 1233.2437744140625 258.439208984375 3.99675 1.511944 1.6266762 10.069101 1.524719 14.293799 -0.34746646881103516 0.35716739296913147
Car 0.0 0 -0.43071410059928894 948.6206665039062 184.94879150390625 1016.1424560546875 208.59600830078125 3.861201 1.5935055 1.6444975 25.969576 2.454879 50.45521 0.04462862014770508 0.11714176833629608
