Pedestrian 0.0 0 -3.142085313796997 920.45556640625 186.56326293945312 959.798583984375 261.0014953613281 0.84943724 1.730814 0.7051583 7.9315486 2.0722814 17.45372 -2.7155508995056152 0.5770817995071411
Pedestrian 0.0 0 -2.187786102294922 992.302490234375 188.0261993408203 1035.05517578125 250.03834533691406 0.95376265 1.7439619 0.65642583 11.717399 2.1976898 21.0482 -1.6798182725906372 0.427886039018631
Pedestrian 0.0 0 -1.7926230430603027 1211.0166015625 180.92393493652344 1242.0 260.37152099609375 0.8723313 1.7918296 0.64703727 14.572036 1.987427 16.916672 -1.0815472602844238 0.3489443063735962
Pedestrian 0.0 0 -1.7761421203613281 716.6200561523438 192.3008575439453 743.4646606445312 242.5859832763672 0.8938181 1.7789354 0.79964787 4.331729 2.5019076 26.344986 -1.613176941871643 0.2721727192401886
Pedestrian 0.0 0 -1.3976818323135376 377.31353759765625 193.9534149169922 419.7334289550781 285.0804138183594 0.9510388 1.7093261 0.65417343 -4.221526 2.1421735 14.277379 -1.68517005443573 0.2357332408428192
Pedestrian 0.0 0 1.3095650672912598 391.33197021484375 175.82229614257812 424.73822021484375 241.45718383789062 1.272475 1.813066 0.6117501 -5.8498526 1.9014661 20.695438 1.034087896347046 0.22032508254051208
Cyclist 0.0 0 -2.2006711959838867 992.7349243164062 187.71658325195312 1034.982421875 250.07827758789062 0.9472822 1.7541302 0.6386558 11.720861 2.19851 21.04438 -1.6925007104873657 0.2626248300075531
Cyclist 0.0 0 1.3423337936401367 391.3902893066406 175.7509765625 424.4303283691406 241.45455932617188 1.5268162 1.8103689 0.5804753 -5.8740106 1.8973289 20.758135 1.0665695667266846 0.22002236545085907
Cyclist 0.0 0 -1.253470540046692 367.1470031738281 192.1850128173828 422.249755859375 286.105712890625 1.4261777 1.7132616 0.6266591 -4.255384 2.1128268 14.17691 -1.545076847076416 0.20136138796806335
Cyclist 0.0 0 -3.123715400695801 917.342041015625 187.13754272460938 960.341064453125 260.20489501953125 0.928818 1.6935859 0.7310691 7.9085693 2.0500703 17.45771 -2.6983587741851807 0.16709426045417786
Cyclist 0.0 0 -0.20750978589057922 714.8090209960938 192.0130615234375 745.1683349609375 242.96580505371094 0.9475965 1.8079023 0.7974215 4.327939 2.5187118 26.333694 -0.04461614415049553 0.11556559801101685
Car 0.0 0 1.7158416509628296 524.7875366210938 197.49273681640625 574.5328369140625 238.26487731933594 3.7237647 1.5665123 1.673729 -2.6492453 2.7228296 31.938797 1.6330835819244385 0.8523100018501282
Car 0.0 0 -1.4227347373962402 660.1663208007812 196.4802703857422 692.393310546875 220.54104614257812 3.6135378 1.4928392 1.7371124 4.6519256 3.2136483 50.577896 -1.331017255783081 0.29318463802337646
Car 0.0 0 -0.19665437936782837 1141.9525146484375 190.4704132080078 1242.0 280.9071044921875 3.8641222 1.5291482 1.6299908 13.163634 1.926027 14.547103 0.5388598442077637 0.2533320188522339
Car 0.0 0 1.8887497186660767 572.09130859375 186.7123565673828 607.5912475585938 207.49124145507812 4.146605 1.5801544 1.7476066 -1.65927 2.777609 60.087612 1.8611425161361694 0.23183104395866394
Car 0.0 0 1.8125869035720825 559.8663940429688 201.397705078125 607.6181640625 233.1937713623047 3.6503103 1.4606795 1.7322072 -1.3890043 3.0671406 38.633232 1.776648759841919 0.22285646200180054
Car 0.0 0 1.7916126251220703 454.33673095703125 201.53082275390625 517.9301147460938 248.3968505859375 3.5467618 1.5158792 1.6390527 -4.6657557 2.6761503 27.368284 1.6227556467056274 0.22108303010463715
