Pedestrian 0.0 0 0.4569941759109497 211.1604766845703 180.38619995117188 234.71568298339844 222.40647888183594 0.66705984 1.7522013 0.63557136 -16.416166 2.074762 30.53252 -0.03632691502571106 0.2904789447784424
Pedestrian 0.0 0 -0.47344356775283813 643.3881225585938 167.32699584960938 668.2909545898438 211.90576171875 0.8073245 1.7824087 0.6367541 1.8174114 1.5617782 29.299992 -0.41149523854255676 0.25917017459869385
Pedestrian 0.0 0 0.15645651519298553 445.2589416503906 172.0926055908203 465.4715576171875 217.65606689453125 0.69381523 1.7863183 0.64094675 -6.1728086 1.7568257 28.624556 -0.05593828856945038 0.2404371052980423
Pedestrian 0.0 0 -1.7687147855758667 635.6769409179688 175.2427520751953 655.1846923828125 215.25685119628906 1.6927316 1.6720682 0.5143059 1.4770366 1.7783871 31.127996 -1.7212998867034912 0.11402672529220581
Cyclist 0.0 0 -2.3503832817077637 650.2196655273438 168.6751251220703 695.820068359375 216.41859436035156 1.7820649 1.7709001 0.68467855 2.3588033 1.6162554 27.664255 -2.2653236389160156 0.49717622995376587
Cyclist 0.0 0 -1.7687147855758667 635.6769409179688 175.2427520751953 655.1846923828125 215.25685119628906 1.6927316 1.6720682 0.5143059 1.4770366 1.7783871 31.127996 -1.7212998867034912 0.3271690607070923
Car 0.0 0 2.009187936782837 151.02841186523438 190.81362915039062 295.52117919921875 260.1523132324219 4.2208886 1.49856 1.675629 -9.938407 2.0216494 18.850943 1.5240099430084229 0.8758850693702698
Car 0.0 0 -1.4183008670806885 465.9166259765625 177.3296661376953 541.749267578125 237.6609344482422 3.9268756 1.6050413 1.6470155 -3.1013997 1.7507313 21.456024 -1.5618534088134766 0.874108612537384
Car 0.0 0 1.844313383102417 338.2389221191406 186.88592529296875 390.9236145019531 218.8503875732422 3.9949765 1.5257641 1.6261729 -12.97852 2.3099782 38.265972 1.5173225402832031 0.4748975932598114
Car 0.0 0 1.4475376605987549 577.1657104492188 176.0845184326172 609.7098388671875 201.39739990234375 3.9861178 1.5530105 1.6286811 -1.1493547 1.7726853 46.890503 1.4230310916900635 0.3211963176727295
Car 0.0 0 1.9800705909729004 403.4938659667969 180.2818145751953 440.1164245605469 200.14163208007812 3.9530065 1.6012012 1.5950683 -16.095263 2.2591474 61.799717 1.7252882719039917 0.2850882112979889
