Pedestrian 0.0 0 1.4584044218063354 584.84423828125 174.38043212890625 612.3057250976562 239.32984924316406 0.93226767 1.7968324 0.6758164 -0.119310595 1.601021 20.372938 1.4525481462478638 0.7257472276687622
Pedestrian 0.0 0 -0.8700202703475952 858.9533081054688 166.69180297851562 912.24169921875 265.7027282714844 0.66332716 1.6910932 0.58533144 4.972752 1.4394523 12.681739 -0.496326208114624 0.7055332660675049
Pedestrian 0.0 0 1.351588487625122 558.50927734375 168.72024536132812 584.2321166992188 223.6151885986328 0.88656074 1.8177744 0.69143325 -1.0476505 1.3956752 24.30187 1.3085052967071533 0.6614573001861572
Pedestrian 0.0 0 1.6023664474487305 428.80108642578125 174.79615783691406 484.8362731933594 304.28033447265625 0.92868215 1.6398894 0.70070654 -1.9662577 1.5563215 9.611921 1.4005858898162842 0.6528433561325073
Pedestrian 0.0 0 1.8431830406188965 691.751953125 160.78582763671875 714.857177734375 211.04417419433594 0.79815817 1.8199508 0.65467715 3.7419515 1.070899 26.506529 1.9834272861480713 0.4828563928604126
Pedestrian 0.0 0 -1.49392831325531 771.603759765625 157.43496704101562 807.8738403320312 240.00003051757812 0.85464954 1.7940828 0.72651005 4.1995654 1.2723904 16.12862 -1.2392046451568604 0.45698246359825134
Pedestrian 0.0 0 1.7983934879302979 601.8374633789062 173.47927856445312 619.197021484375 215.08755493164062 0.8277879 1.7869302 0.5864023 0.38586825 1.4434339 31.319082 1.8107134103775024 0.4177851974964142
Pedestrian 0.0 0 1.6917871236801147 576.8255615234375 172.6449432373047 591.0653686523438 209.42822265625 0.836699 1.7761496 0.60086 -0.86013377 1.3494669 35.1289 1.667306900024414 0.40469586849212646
Pedestrian 0.0 0 -1.7231686115264893 362.7758483886719 171.29473876953125 406.0500183105469 283.7205810546875 0.74049693 1.6382371 0.51958084 -3.3477616 1.4908406 10.911151 -2.0208706855773926 0.3459518253803253
Pedestrian 0.0 0 1.3878757953643799 613.3554077148438 174.96652221679688 630.364990234375 214.6722412109375 0.77010924 1.7693214 0.63708293 0.9059235 1.4791294 32.43662 1.4157975912094116 0.3102491796016693
Pedestrian 0.0 0 -1.412604808807373 761.8604125976562 174.4569091796875 785.8956298828125 228.3684539794922 0.7073557 1.6582531 0.63103783 5.3880677 1.4427304 22.54001 -1.177963376045227 0.29961055517196655
Pedestrian 0.0 0 -2.248171806335449 175.20156860351562 192.61587524414062 257.4842224121094 321.16534423828125 0.64469856 1.6063634 0.71387076 -5.131835 1.761854 9.506223 -2.743180751800537 0.2991636097431183
Pedestrian 0.0 0 1.187605619430542 565.62548828125 172.8897247314453 589.2891235351562 220.32762145996094 0.8561692 1.7846072 0.63124335 -0.94337386 1.4617205 27.540344 1.1533647775650024 0.2590641677379608
Pedestrian 0.0 0 1.7638940811157227 475.9051208496094 169.12184143066406 522.3407592773438 262.09796142578125 1.7412823 1.7480868 0.60171115 -2.060843 1.5166193 14.387938 1.621627688407898 0.15151400864124298
Cyclist 0.0 0 1.78481125831604 474.6131286621094 169.79962158203125 522.833251953125 262.68304443359375 1.7471334 1.7415905 0.60060346 -2.0638525 1.5234658 14.359102 1.6420576572418213 0.5835932493209839
Cyclist 0.0 0 -0.7089760303497314 720.7194213867188 165.97833251953125 856.537841796875 293.7373962402344 1.8861156 1.7180212 0.72824633 2.6747463 1.5106211 10.400147 -0.4572479724884033 0.291433185338974
Cyclist 0.0 0 -1.8621137142181396 677.0867309570312 178.07516479492188 724.2460327148438 246.5657958984375 2.109249 1.7191386 0.65665007 2.5773108 1.6343573 19.120886 -1.7281309366226196 0.2472812831401825
Cyclist 0.0 0 1.6136281490325928 425.16357421875 177.81475830078125 484.3475646972656 307.2583312988281 0.9588189 1.6373056 0.73902583 -1.9883137 1.5920268 9.615922 1.4097286462783813 0.14560525119304657
Cyclist 0.0 0 1.3477319478988647 557.9973754882812 168.99400329589844 584.350341796875 224.11141967773438 0.9553873 1.8253145 0.69602996 -1.0565255 1.4122411 24.33884 1.3043501377105713 0.1140192374587059
Cyclist 0.0 0 1.675850749015808 576.8192138671875 172.46347045898438 591.0687255859375 209.40866088867188 0.9514258 1.7815428 0.6017759 -0.85971993 1.3466914 35.134777 1.6513863801956177 0.10704949498176575
Car 0.0 0 0.6686731576919556 0.0 0.0 1238.0 374.0 3.8608959 1.4814006 1.5752 2.3899448 1.1802732 1.6957334 1.6223772764205933 0.4508795738220215
