Pedestrian 0.0 0 -0.09860295057296753 387.3923034667969 166.01358032226562 420.74810791015625 247.5296173095703 0.64409846 1.742097 0.61530995 -4.5706253 1.596267 15.822525 -0.37981611490249634 0.3350748121738434
Cyclist 0.0 0 -2.0148777961730957 839.8557739257812 122.44520568847656 909.9512939453125 224.425048828125 1.8382728 1.8041568 0.49860874 4.936568 0.91271716 13.701359 -1.6690586805343628 0.353424608707428
Car 0.0 0 -1.2761622667312622 309.0535888671875 181.49227905273438 513.808349609375 312.73748779296875 4.285267 1.4592689 1.6191548 -2.6416605 1.6112782 10.485491 -1.522961139678955 0.8968461155891418
Car 0.0 0 -1.9082064628601074 739.8692016601562 178.4752960205078 1010.8751831054688 347.7470397949219 3.731708 1.4208091 1.5649558 2.5670764 1.4987447 8.066982 -1.60011887550354 0.8914356231689453
Car 0.0 0 -1.714059591293335 660.1259765625 173.74557495117188 726.502685546875 222.8688507080078 3.8335643 1.4895148 1.6311358 2.6266732 1.521797 23.889456 -1.6045483350753784 0.8592591881752014
Car 0.0 0 -1.1664891242980957 0.0 182.0007781982422 435.940185546875 375.0 4.3260612 1.5054852 1.6334746 -2.6370933 1.603478 5.503308 -1.6133451461791992 0.7840263247489929
Car 0.0 0 -1.3675423860549927 401.6924743652344 180.3516845703125 509.0972900390625 260.5877685546875 3.4287028 1.4870307 1.5707521 -3.2245874 1.6653569 15.407238 -1.573854923248291 0.6328842043876648
Car 0.0 0 -1.6328845024108887 539.7031860351562 174.84361267089844 575.9505615234375 205.5247344970703 4.008217 1.4998884 1.6295356 -2.80574 1.6098222 37.63882 -1.7072906494140625 0.6244480609893799
Car 0.0 0 -2.2464282512664795 847.9609375 151.99729919433594 1242.0 375.0 3.9020443 1.4393262 1.586182 2.2339127 1.4188416 2.6837018 -1.5522412061691284 0.6020144820213318
Car 0.0 0 -1.7298959493637085 644.0996704101562 173.47610473632812 688.67822265625 206.55294799804688 3.9004943 1.5757574 1.6369276 2.7539701 1.6092867 36.45833 -1.6545016765594482 0.5487655401229858
