Pedestrian 0.0 0 -0.04503941535949707 995.130615234375 118.37691497802734 1066.2021484375 254.0808868408203 0.81401634 1.7915038 0.5329629 5.807346 0.97305536 9.756282 0.49187397956848145 0.29556983709335327
Pedestrian 0.0 0 3.574723243713379 111.76274871826172 111.07588195800781 215.73153686523438 249.640380859375 1.0548079 1.8474396 0.63698083 -6.141382 0.92350036 9.804369 3.0151233673095703 0.2663818895816803
Pedestrian 0.0 0 0.7678279876708984 269.9524841308594 178.6266632080078 324.2255554199219 267.4700927734375 0.7195573 1.7631336 0.7243089 -6.346359 1.7275857 14.491338 0.35504698753356934 0.2573648691177368
Pedestrian 0.0 0 -1.4079129695892334 117.04715728759766 152.16917419433594 135.79916381835938 192.04283142089844 0.6249598 1.9350448 0.6715291 -23.522028 0.56160605 34.73212 -2.0032007694244385 0.2542021572589874
Pedestrian 0.0 0 -1.9623597860336304 724.7540893554688 164.00648498535156 736.3729858398438 187.39247131347656 0.72384953 1.8349496 0.67901754 9.937724 0.5420503 55.898903 -1.7864177227020264 0.1905691772699356
Pedestrian 0.0 0 -1.238520622253418 561.0794677734375 168.93923950195312 574.6373291015625 197.514404296875 0.74030524 1.8268769 0.6700128 -2.3967216 1.0891085 45.646595 -1.2909784317016602 0.1703207939863205
Pedestrian 0.0 0 -0.0025279074907302856 773.33056640625 155.47560119628906 794.948486328125 188.3417205810547 1.1938967 1.8662792 0.580109 10.269184 0.44667143 40.570683 0.24538350105285645 0.14957791566848755
Pedestrian 0.0 0 -1.7572537660598755 881.2735595703125 156.56283569335938 900.0248413085938 194.62066650390625 1.7289698 1.7591395 0.5107852 13.537457 0.6541512 33.574562 -1.373986840248108 0.11630222946405411
Cyclist 0.0 0 -1.9193408489227295 974.164306640625 135.433837890625 1025.0128173828125 207.8074188232422 1.8662971 1.8108267 0.56141686 10.340784 0.6848413 18.651434 -1.413108229637146 0.40620535612106323
Cyclist 0.0 0 -1.7793900966644287 881.0921020507812 155.46685791015625 900.58203125 193.17105102539062 1.7068992 1.7400074 0.5108709 13.519681 0.58621067 33.50945 -1.395905613899231 0.29911714792251587
Cyclist 0.0 0 -0.0025279074907302856 773.33056640625 155.47560119628906 794.948486328125 188.3417205810547 1.1938967 1.8662792 0.580109 10.269184 0.44667143 40.570683 0.24538350105285645 0.2086385041475296
Cyclist 0.0 0 3.5560970306396484 109.1251220703125 112.38785552978516 216.28829956054688 250.42880249023438 1.097187 1.8396745 0.6423408 -6.1607223 0.93361473 9.815444 2.9955902099609375 0.12918363511562347
Car 0.0 0 -0.7944742441177368 0.0 212.87472534179688 293.8884582519531 370.0 4.043567 1.4325888 1.6097052 -3.2256398 1.679742 3.3283372 -1.564204216003418 0.6883404850959778
Car 0.0 0 1.845834493637085 0.0 183.93984985351562 28.098142623901367 215.2278289794922 3.9698153 1.560594 1.6270335 -32.564976 1.7566922 37.874622 1.1356728076934814 0.36848148703575134
Car 0.0 0 1.7642916440963745 451.26971435546875 173.30191040039062 481.7840881347656 193.6009979248047 3.8355672 1.4967002 1.5830014 -10.534558 0.96724117 54.04596 1.571786880493164 0.18571701645851135
Car 0.0 0 2.0439507961273193 82.34671783447266 181.47207641601562 140.22084045410156 204.40740966796875 4.009079 1.5033529 1.6142777 -33.859478 1.5743604 48.61172 1.4355580806732178 0.17006106674671173
