Pedestrian 0.0 0 -3.0225017070770264 747.2461547851562 172.54991149902344 767.1066284179688 219.91574096679688 0.65239406 1.7276396 0.620522 5.408238 1.7169063 26.71178 -2.8227357864379883 0.2452084869146347
Pedestrian 0.0 0 -1.8840999603271484 1037.33984375 179.49868774414062 1074.8160400390625 241.58258056640625 0.8468919 1.7094482 0.67409134 12.590989 1.9027765 20.460587 -1.3324499130249023 0.2431551069021225
Pedestrian 0.0 0 -1.4296036958694458 29.421777725219727 155.89430236816406 53.69361877441406 204.2072296142578 0.60899436 1.9180495 0.69045275 -22.946318 1.2450979 29.07948 -2.097656488418579 0.1830807775259018
Pedestrian 0.0 0 -3.7083325386047363 1134.203369140625 159.68304443359375 1191.137451171875 244.20602416992188 0.7259078 1.7719388 0.6649664 11.7986965 1.4961811 15.485445 -3.0572450160980225 0.15527291595935822
Pedestrian 0.0 0 -1.4365215301513672 1035.6524658203125 167.1737823486328 1066.3056640625 224.373046875 0.6191167 1.7046444 0.7207995 13.381534 1.5357214 21.967857 -0.8894073963165283 0.1440189629793167
Cyclist 0.0 0 -1.5202133655548096 715.4478149414062 181.7271728515625 726.705810546875 221.64732360839844 1.5144243 1.6497769 0.40371165 4.7289596 2.0403538 30.946283 -1.3685745000839233 0.1778716742992401
Car 0.0 0 -1.038927435874939 42.44071578979492 185.1642608642578 297.7174987792969 304.060546875 3.670052 1.4082118 1.5651406 -6.2915864 1.6235534 10.760818 -1.568002700805664 0.8983063101768494
Car 0.0 0 -1.4242451190948486 494.8443298339844 178.6682586669922 555.917236328125 223.82916259765625 3.8577201 1.4494461 1.6044644 -2.9675455 1.6719398 25.610918 -1.5396010875701904 0.8738446235656738
Car 0.0 0 -1.462120532989502 556.0307006835938 175.31436157226562 582.4050903320312 196.18576049804688 3.683639 1.4996909 1.5885553 -3.0556326 1.6911739 54.166836 -1.5184723138809204 0.1990140974521637
Car 0.0 0 1.369396686553955 821.5425415039062 173.86770629882812 861.862548828125 200.0471649169922 3.9987404 1.5707494 1.6469326 14.530297 1.6379887 45.526028 1.6783416271209717 0.15228939056396484
