Pedestrian 0.0 0 -1.4540181159973145 707.35107421875 158.63587951660156 757.529296875 269.7649841308594 1.0059711 1.7850199 0.7241023 2.1822622 1.4190565 12.122196 -1.2759038209915161 0.7129803895950317
Pedestrian 0.0 0 -1.8616398572921753 745.2479248046875 169.1006622314453 772.26904296875 225.24365234375 0.8303129 1.7859502 0.6427401 5.067437 1.3926197 23.286676 -1.647369384765625 0.6723225712776184
Pedestrian 0.0 0 1.7398793697357178 375.0167541503906 164.0569610595703 424.262939453125 272.1429138183594 0.7648693 1.688046 0.65108496 -3.2967582 1.416926 11.631119 1.4636809825897217 0.5903841853141785
Pedestrian 0.0 0 2.3956384658813477 768.2863159179688 152.2720947265625 804.7604370117188 220.14212036132812 0.77949977 1.8577622 0.6138044 5.1509795 1.0588813 20.115164 2.6463260650634766 0.589040994644165
Pedestrian 0.0 0 -1.5673785209655762 499.63525390625 173.3116455078125 516.6441650390625 220.54385375976562 0.7751593 1.7561892 0.6282044 -3.543282 1.4527658 27.13063 -1.6972442865371704 0.5006954669952393
Pedestrian 0.0 0 -1.5680367946624756 708.1849975585938 163.43597412109375 728.230224609375 219.0020751953125 0.78198457 1.8086176 0.6452883 3.846354 1.2217453 23.816565 -1.4079201221466064 0.43524304032325745
Pedestrian 0.0 0 -1.6283831596374512 659.3366088867188 166.0177001953125 698.3692016601562 275.08477783203125 0.9268718 1.7441972 0.58854765 1.2341057 1.4978989 11.96124 -1.525571584701538 0.4264298677444458
Pedestrian 0.0 0 -2.400975227355957 253.19142150878906 174.7259063720703 307.09454345703125 253.62628173828125 0.98803324 1.7793909 0.6089704 -7.474906 1.6278336 16.641394 -2.823143243789673 0.4176122844219208
Pedestrian 0.0 0 2.5778229236602783 755.2088623046875 152.5174102783203 794.567626953125 218.35653686523438 0.9601083 1.8873342 0.575747 5.0429664 1.0576638 21.016335 2.8133249282836914 0.40583956241607666
Pedestrian 0.0 0 -0.06439560651779175 784.5565795898438 148.12875366210938 816.4869995117188 210.55418395996094 0.90295666 1.8793836 0.62795556 6.0677614 0.87582934 22.022722 0.20445656776428223 0.39002516865730286
Pedestrian 0.0 0 1.543844223022461 548.32421875 168.9917449951172 566.3850708007812 219.8810272216797 1.7038138 1.774089 0.60022116 -1.6227924 1.3390938 25.915117 1.4813063144683838 0.28476256132125854
Pedestrian 0.0 0 -2.911139488220215 733.733154296875 162.60218811035156 764.3494262695312 216.5275421142578 0.92206395 1.8376379 0.6346914 5.1075463 1.1947228 24.957714 -2.7092788219451904 0.2827567756175995
Pedestrian 0.0 0 1.7765965461730957 584.4296264648438 171.07969665527344 614.004150390625 226.5303955078125 1.7887437 1.7687186 0.63278085 -0.08196509 1.4374413 23.849932 1.7731598615646362 0.11100288480520248
Cyclist 0.0 0 1.8135262727737427 522.7254638671875 168.0758819580078 564.9005126953125 246.93630981445312 1.7906398 1.805716 0.6079836 -1.404182 1.499546 17.37819 1.7329000234603882 0.8406181335449219
Cyclist 0.0 0 1.744179129600525 585.1536865234375 169.45127868652344 612.74365234375 225.0228729248047 1.7496952 1.7680868 0.62345785 -0.091880895 1.3858416 23.767097 1.7403132915496826 0.7756462693214417
Cyclist 0.0 0 1.543844223022461 548.32421875 168.9917449951172 566.3850708007812 219.8810272216797 1.7038138 1.774089 0.60022116 -1.6227924 1.3390938 25.915117 1.4813063144683838 0.5369433760643005
Cyclist 0.0 0 -1.5088328123092651 690.4557495117188 168.58224487304688 714.3071899414062 233.90748596191406 1.9152794 1.7720572 0.5597654 2.8627636 1.4228002 20.477655 -1.3699336051940918 0.34341785311698914
Cyclist 0.0 0 -0.9312930107116699 735.2275390625 178.84197998046875 813.80224609375 263.9643859863281 1.8927902 1.7362598 0.65023303 3.7189996 1.6832843 15.505646 -0.6958916783332825 0.3020867705345154
Cyclist 0.0 0 -1.2419856786727905 416.9389343261719 181.99124145507812 435.6322937011719 219.74815368652344 1.4449556 1.6152579 0.35037124 -7.681556 1.6382335 31.481977 -1.4813079833984375 0.28082481026649475
Cyclist 0.0 0 -2.3828375339508057 249.5878143310547 172.63812255859375 306.9216613769531 252.73585510253906 1.1037247 1.8061881 0.59817994 -7.527696 1.607569 16.659323 -2.8072378635406494 0.1828915774822235
Cyclist 0.0 0 -1.467220664024353 706.3125 159.36196899414062 756.2907104492188 270.2133483886719 1.0765132 1.7814126 0.728612 2.1711528 1.4269415 12.159256 -1.2905231714248657 0.15871211886405945
Cyclist 0.0 0 -1.6652487516403198 658.8483276367188 167.17039489746094 698.7615966796875 275.2144470214844 0.91473913 1.726339 0.5705191 1.2305814 1.4986736 11.934734 -1.5625026226043701 0.11114512383937836
Car 0.0 0 1.5413963794708252 551.9413452148438 171.48214721679688 578.91015625 198.62701416015625 4.2209644 1.739872 1.6761292 -2.4446602 1.0984772 48.210426 1.4907315969467163 0.4783806800842285
