Pedestrian 0.0 0 -0.4814907908439636 28.73456382751465 199.67547607421875 73.39405059814453 257.03863525390625 0.88468903 1.7048583 0.6840583 -17.466179 2.561776 22.495445 -1.1416947841644287 0.2584341764450073
Pedestrian 0.0 0 1.1727426052093506 1159.56689453125 164.80982971191406 1242.0 352.05462646484375 1.096638 1.7703904 0.5896041 6.192831 1.6946911 7.429918 1.8675787448883057 0.2248859852552414
Cyclist 0.0 0 1.111327052116394 905.6931762695312 196.7635040283203 1011.45703125 329.2386474609375 1.8346492 1.7498977 0.66625595 5.091437 2.1383166 10.784804 1.5524013042449951 0.37934356927871704
Cyclist 0.0 0 -1.3920810222625732 404.1923828125 180.23696899414062 418.15155029296875 213.7026824951172 1.6751623 1.6747587 0.40725425 -10.317561 2.0658875 37.334698 -1.6617047786712646 0.17920352518558502
Cyclist 0.0 0 -0.5439738035202026 24.707902908325195 200.31585693359375 74.92040252685547 259.00347900390625 1.0396206 1.7308425 0.666289 -17.463293 2.6086726 22.447538 -1.205130696296692 0.1271132528781891
Cyclist 0.0 0 1.1727426052093506 1159.56689453125 164.80982971191406 1242.0 352.05462646484375 1.096638 1.7703904 0.5896041 6.192831 1.6946911 7.429918 1.8675787448883057 0.12665727734565735
Car 0.0 0 1.666717767715454 480.5174865722656 179.70208740234375 508.6250915527344 202.57513427734375 3.9523408 1.5141176 1.5921048 -8.147482 2.0176682 50.993423 1.5082817077636719 0.5303696990013123
Car 0.0 0 1.4640793800354004 674.25341796875 182.74095153808594 700.6808471679688 204.00494384765625 3.886239 1.5326337 1.6194487 5.9249597 2.3236473 55.754574 1.5699505805969238 0.2240866869688034
Car 0.0 0 1.7839139699935913 150.92393493652344 186.2096405029297 210.9208221435547 223.39852905273438 3.627502 1.5047339 1.5968642 -19.335522 2.144773 32.582687 1.2483398914337158 0.16571062803268433
Car 0.0 0 0.909001886844635 111.80066680908203 201.12100219726562 177.27899169921875 227.69235229492188 3.6624997 1.5388851 1.5957212 -29.719135 3.3956912 46.02803 0.33567333221435547 0.16252966225147247
Car 0.0 0 1.514296054840088 899.5036010742188 187.7990264892578 924.8135986328125 207.59530639648438 3.9344 1.4876869 1.7029352 24.893852 2.7666235 59.587933 1.9100240468978882 0.15454460680484772
