Pedestrian 0.0 0 1.7042174339294434 509.36541748046875 176.9009552001953 525.2872924804688 211.90504455566406 1.6884394 1.7222952 0.58262616 -4.721752 1.9323573 36.54003 1.575708270072937 0.14367865025997162
Cyclist 0.0 0 1.5162490606307983 491.9642333984375 179.50607299804688 506.2822570800781 218.5416259765625 1.8711015 1.7922891 0.57071465 -5.338894 2.1190991 34.432556 1.3624203205108643 0.5930342078208923
Cyclist 0.0 0 1.7042174339294434 509.36541748046875 176.9009552001953 525.2872924804688 211.90504455566406 1.6884394 1.7222952 0.58262616 -4.721752 1.9323573 36.54003 1.575708270072937 0.5486963391304016
Car 0.0 0 -1.7238024473190308 644.7315673828125 177.0151824951172 699.2471923828125 221.39865112304688 3.2926805 1.5198348 1.5138743 2.192214 1.684081 26.719055 -1.6419389247894287 0.8991137146949768
Car 0.0 0 -1.3273786306381226 39.365943908691406 194.51820373535156 144.56381225585938 255.5486602783203 3.7814264 1.4666508 1.5963286 -14.865538 2.154573 20.8452 -1.9468687772750854 0.8451740741729736
Car 0.0 0 -1.8174508810043335 709.3790893554688 162.77597045898438 870.139404296875 280.18023681640625 4.2796674 1.7140294 1.667581 2.8741095 1.5672542 12.690431 -1.5947296619415283 0.791835606098175
Car 0.0 0 -1.7060731649398804 573.3195190429688 180.29153442382812 606.6727905273438 206.19659423828125 3.6642225 1.5294182 1.6228701 -1.3363636 2.0203686 45.650833 -1.7353384494781494 0.7436715364456177
Car 0.0 0 1.3920106887817383 688.898681640625 175.6903076171875 782.7798461914062 243.3612518310547 3.819001 1.4608386 1.5742811 2.9072816 1.5381652 17.655983 1.5552089214324951 0.6237289309501648
Car 0.0 0 1.3701317310333252 613.1926879882812 174.59364318847656 659.7548217773438 209.08920288085938 3.344495 1.5092428 1.5159067 1.1414341 1.5947036 33.519646 1.4041712284088135 0.6163130402565002
Car 0.0 0 -1.5502394437789917 443.5833435058594 183.89065551757812 486.0833435058594 223.37216186523438 3.560541 1.4406025 1.5900224 -5.892305 1.9177632 29.275988 -1.7488534450531006 0.6035364270210266
Car 0.0 0 -1.6082589626312256 552.55078125 181.02804565429688 575.1196899414062 201.57452392578125 3.7581558 1.4913361 1.5987757 -3.6286197 2.1467812 55.872158 -1.6731128692626953 0.5421686768531799
