Pedestrian 0.0 0 1.9574944972991943 598.4345703125 170.43492126464844 617.1199340820312 206.146728515625 1.1011363 1.8198916 0.5984078 -0.14703433 1.6969723 37.389668 1.9535620212554932 0.4197721779346466
Pedestrian 0.0 0 -1.2147696018218994 50.169532775878906 120.44575500488281 143.18238830566406 257.80731201171875 1.7203848 1.748266 0.49036062 -7.1656337 1.0815991 10.074953 -1.8329944610595703 0.1069428101181984
Cyclist 0.0 0 -1.2158820629119873 48.17578125 120.7408218383789 143.88555908203125 258.1651611328125 1.7474713 1.7452112 0.5135364 -7.168974 1.0837612 10.070833 -1.8345202207565308 0.3075244128704071
Cyclist 0.0 0 1.877647042274475 598.3609619140625 170.91424560546875 617.2008666992188 206.36061096191406 1.3512099 1.8017719 0.5981703 -0.14480267 1.70353 37.40775 1.8737760782241821 0.30480533838272095
Cyclist 0.0 0 -1.666996955871582 768.6802368164062 166.19456481933594 794.21728515625 231.17271423339844 1.8676348 1.7964404 0.53675 4.9043536 1.6126863 20.906822 -1.4365816116333008 0.24635353684425354
Car 0.0 0 -1.160022258758545 125.39869689941406 186.8418731689453 455.33526611328125 375.0 3.768075 1.4143691 1.5665601 -2.8707101 1.5935385 7.309521 -1.5342507362365723 0.9208106398582458
Car 0.0 0 1.669551968574524 506.9676818847656 172.7881622314453 562.6685180664062 220.34100341796875 4.1606426 1.644788 1.6713156 -2.7804406 1.6428685 27.037668 1.567076325416565 0.7738102674484253
Car 0.0 0 -2.8130125999450684 298.955322265625 174.72088623046875 455.00494384765625 232.45201110839844 3.9675486 1.5961674 1.6823868 -6.7039847 1.6528243 20.879807 -3.123690366744995 0.7731602787971497
Car 0.0 0 -1.5803132057189941 683.8519897460938 182.02755737304688 750.1685791015625 246.14891052246094 3.6167605 1.5336179 1.6283003 2.8436007 1.808633 19.699318 -1.4369531869888306 0.71065354347229
Car 0.0 0 -1.6485036611557007 702.7498168945312 182.5164031982422 793.2291259765625 262.1461181640625 3.1788538 1.4255219 1.5708222 2.710122 1.6487305 14.977869 -1.469498634338379 0.709093451499939
Car 0.0 0 -1.4371839761734009 540.644775390625 178.24720764160156 583.1406860351562 211.55575561523438 3.523988 1.5016088 1.598299 -2.31701 1.7765723 34.923958 -1.5034313201904297 0.47195714712142944
