Pedestrian 0.0 0 1.7566497325897217 794.7384033203125 167.22593688964844 849.2345581054688 282.16455078125 0.7780846 1.7920685 0.72332525 3.409421 1.7046763 11.7575 2.0388872623443604 0.27756425738334656
Pedestrian 0.0 0 1.6081491708755493 471.5955505371094 171.72930908203125 495.01837158203125 236.5049591064453 0.8022008 1.7768563 0.61942506 -3.5929155 1.746363 20.229696 1.4323760271072388 0.2033228874206543
Cyclist 0.0 0 -1.2389925718307495 313.3927307128906 188.0267333984375 384.33319091796875 314.18505859375 1.6579614 1.6266203 0.44220892 -3.7533617 1.8618323 10.333182 -1.5874080657958984 0.3303994834423065
Cyclist 0.0 0 -1.2979220151901245 496.08673095703125 181.56613159179688 532.330810546875 246.29515075683594 1.8135492 1.7267666 0.55238396 -2.738968 1.9851933 20.434065 -1.4311671257019043 0.1638934463262558
Cyclist 0.0 0 -1.120949387550354 562.2620849609375 181.9857177734375 580.2281494140625 212.2364044189453 1.6880143 1.7317357 0.36483246 -2.316681 2.28283 42.664295 -1.1751962900161743 0.1398237645626068
Cyclist 0.0 0 1.7468547821044922 452.6549377441406 156.6097869873047 482.9100341796875 229.25155639648438 1.316638 1.803041 0.54488796 -3.6953943 1.4002016 18.57027 1.55042564868927 0.1219659149646759
Car 0.0 0 1.5637104511260986 662.7279663085938 181.32846069335938 694.9183349609375 213.96995544433594 3.8808398 1.6165918 1.6363747 3.6434143 2.0959458 38.776325 1.6573951244354248 0.6647258996963501
Car 0.0 0 -1.6847193241119385 752.3821411132812 179.6878662109375 864.922119140625 279.945556640625 3.294327 1.5297753 1.5449032 3.3877578 1.6696045 12.983472 -1.4294817447662354 0.22334761917591095
Car 0.0 0 1.7557321786880493 554.3948364257812 184.0023651123047 585.5488891601562 206.12274169921875 4.0122876 1.5305798 1.6249342 -2.9890938 2.399668 54.128296 1.7005658149719238 0.14485742151737213
Car 0.0 0 1.996991515159607 581.10205078125 182.87367248535156 615.5822143554688 202.42640686035156 3.8321433 1.6336871 1.6465048 -1.0285838 2.5588148 64.50651 1.9810473918914795 0.13040676712989807
