Pedestrian 0.0 0 -1.890677809715271 1082.749267578125 130.22433471679688 1151.618408203125 253.32772827148438 0.76610047 1.7672744 0.6329108 7.527456 1.1556399 10.812869 -1.2825356721878052 0.40201249718666077
Pedestrian 0.0 0 2.5534143447875977 908.3810424804688 125.78062438964844 967.0980834960938 227.12002563476562 0.7977753 1.8337381 0.5944109 6.032546 0.9823024 13.412353 2.976081371307373 0.2083306759595871
Pedestrian 0.0 0 1.5988330841064453 1015.60888671875 134.9672393798828 1063.8211669921875 254.5574493408203 0.750193 1.7731816 0.6235628 6.6114593 1.2117867 11.17915 2.1329123973846436 0.19808973371982574
Pedestrian 0.0 0 0.7533295750617981 444.6411437988281 149.16580200195312 513.5658569335938 272.0911865234375 0.7431568 1.7455617 0.68247855 -1.9963683 1.409543 10.730941 0.5693938732147217 0.19692900776863098
Pedestrian 0.0 0 1.6210532188415527 949.2967529296875 141.13978576660156 994.747802734375 254.45587158203125 0.7488242 1.778533 0.6302782 5.876073 1.2811258 11.802834 2.082981586456299 0.17552873492240906
Pedestrian 0.0 0 1.3159618377685547 1185.4161376953125 110.45269012451172 1242.0 270.5018615722656 0.73521465 1.7664876 0.58908445 7.1346927 1.0781126 8.419907 2.018921375274658 0.1734318733215332
Pedestrian 0.0 0 -0.4916609525680542 1043.906494140625 134.12548828125 1118.898681640625 246.93194580078125 0.837638 1.7850219 0.5997986 7.607288 1.1725492 11.748268 0.08297181129455566 0.15046550333499908
Pedestrian 0.0 0 2.150528907775879 369.8116149902344 153.35780334472656 514.9342041015625 338.82757568359375 1.7430526 1.6626718 0.5868671 -1.6995991 1.4882531 7.384806 1.9243199825286865 0.1332205832004547
Pedestrian 0.0 0 -1.7117522954940796 1045.2152099609375 140.41436767578125 1068.94580078125 190.9000701904297 0.8960304 1.8684204 0.6404545 16.827745 0.6682229 27.23938 -1.1583670377731323 0.12310853600502014
Pedestrian 0.0 0 -0.8955858945846558 888.6514282226562 136.4871368408203 931.6180419921875 216.26693725585938 0.71801573 1.7792889 0.5894413 6.820947 0.96857524 16.520805 -0.5040340423583984 0.12157390266656876
Cyclist 0.0 0 2.150528907775879 369.8116149902344 153.35780334472656 514.9342041015625 338.82757568359375 1.7430526 1.6626718 0.5868671 -1.6995991 1.4882531 7.384806 1.9243199825286865 0.5329596996307373
