Pedestrian 0.0 0 2.395339250564575 971.3009643554688 155.1608123779297 1065.7744140625 305.234375 0.7473392 1.7014831 0.6186117 4.8490257 1.4158813 8.395437 2.919109344482422 0.4886052906513214
Pedestrian 0.0 0 -1.5670959949493408 839.380615234375 172.48898315429688 866.7656860351562 242.9645538330078 0.90919566 1.7350539 0.6398107 6.256252 1.539426 17.937178 -1.2315022945404053 0.2209416925907135
Pedestrian 0.0 0 -0.36108312010765076 821.281982421875 189.79623413085938 869.2059936523438 279.88885498046875 0.7028729 1.7268218 0.6711267 4.69431 1.9167335 13.967269 -0.036850374191999435 0.1466646045446396
Pedestrian 0.0 0 -0.42518386244773865 759.5989990234375 134.6099395751953 822.8101806640625 240.38845825195312 0.8968084 1.7909517 0.6037994 3.1968753 1.0156287 12.340247 -0.17169564962387085 0.13973742723464966
Pedestrian 0.0 0 -1.3131736516952515 486.8243713378906 166.68421936035156 533.7361450195312 266.9171142578125 0.9766523 1.7804939 0.63537115 -1.7813512 1.5367192 13.078157 -1.448548674583435 0.12969309091567993
Pedestrian 0.0 0 -0.28369149565696716 638.6456909179688 171.96481323242188 697.5957641601562 270.3736877441406 0.93491554 1.7508891 0.638925 1.1064343 1.6006739 12.980261 -0.19865727424621582 0.1218220517039299
Pedestrian 0.0 0 -1.3972307443618774 522.765625 165.27151489257812 565.651611328125 265.65093994140625 0.9179173 1.7648295 0.63452923 -1.1410877 1.4987328 12.910417 -1.4853867292404175 0.12084780633449554
Cyclist 0.0 0 -2.4412150382995605 0.0 173.13075256347656 88.63529968261719 256.75396728515625 1.8480251 1.6434089 0.68276966 -11.617419 1.5002149 14.246726 -3.125302791595459 0.2891087234020233
Cyclist 0.0 0 -1.3846874237060547 68.68962097167969 152.1253204345703 124.07123565673828 247.78024291992188 1.6688869 1.6518406 0.53490156 -9.417841 1.1634917 13.073966 -2.008941411972046 0.1931166797876358
Car 0.0 0 2.3944718837738037 0.0 186.2314453125 123.10282135009766 236.9327850341797 4.1412697 1.5187865 1.6495211 -18.724688 1.731227 23.840704 1.728691816329956 0.1799275279045105
