Pedestrian 0.0 0 -1.8865132331848145 1168.2181396484375 204.74517822265625 1242.0 375.0 0.8262507 1.6057746 0.5870787 5.0181346 1.8894213 5.91319 -1.1828126907348633 0.24998974800109863
Cyclist 0.0 0 -1.887143611907959 1169.6910400390625 203.85647583007812 1242.0 375.0 0.8825232 1.614213 0.5775053 5.015276 1.8899504 5.888493 -1.1816588640213013 0.1024378314614296
Car 0.0 0 1.7866708040237427 447.3736572265625 179.7681121826172 490.7406005859375 208.8534393310547 3.9195535 1.5105716 1.5802056 -7.8668647 1.916935 40.38906 1.5943022966384888 0.5777403712272644
Car 0.0 0 1.9446015357971191 500.3843994140625 181.22821044921875 534.0809936523438 199.23336791992188 4.0074406 1.4808387 1.58722 -8.140157 2.2426016 63.464645 1.81703519821167 0.32718539237976074
Car 0.0 0 1.3254679441452026 608.87744140625 176.13673400878906 644.5897216796875 199.40524291992188 4.080778 1.5912323 1.6297458 1.1360899 1.8386158 52.122734 1.3472609519958496 0.13634394109249115
Car 0.0 0 1.574340581893921 103.29563903808594 190.97976684570312 131.4054718017578 213.23965454101562 3.9916751 1.4646957 1.6538076 -36.22521 2.8506093 53.03643 0.9750983715057373 0.13362592458724976
Car 0.0 0 -2.1135830879211426 839.1465454101562 204.9956512451172 1242.0 375.0 3.8400943 1.4463806 1.5831228 2.8238955 1.740131 4.6620364 -1.5689672231674194 0.12984296679496765
Car 0.0 0 1.4614062309265137 685.9439086914062 186.2833251953125 716.8206787109375 211.31649780273438 4.0502048 1.5956231 1.6918496 6.286932 2.568515 50.212345 1.5859649181365967 0.12477067857980728
Car 0.0 0 2.1160972118377686 40.00802230834961 202.9856414794922 117.26876068115234 232.57180786132812 4.0648656 1.4750351 1.8050565 -31.118322 3.332331 42.35976 1.4825122356414795 0.1234709694981575
Car 0.0 0 1.6454520225524902 61.11581039428711 186.76657104492188 124.0566177368164 233.5809783935547 3.7154622 1.5111281 1.6031097 -18.94887 2.060808 26.482576 1.0243842601776123 0.12198050320148468
