Pedestrian 0.0 0 1.9830988645553589 539.005859375 176.3059539794922 591.3887939453125 269.75592041015625 0.9842044 1.7706131 0.70021856 -0.74286216 1.6734589 14.1917 1.9308017492294312 0.7347073554992676
Pedestrian 0.0 0 0.539936900138855 435.1133117675781 172.9719696044922 482.4432067871094 263.4884948730469 0.75828195 1.7546405 0.5339168 -2.875376 1.5905795 14.300652 0.34151649475097656 0.6164591312408447
Pedestrian 0.0 0 -1.484523892402649 771.7348022460938 158.82797241210938 805.8507690429688 230.0220184326172 0.8584261 1.7823308 0.781761 4.803725 1.2159246 18.515804 -1.2306811809539795 0.5781641006469727
Pedestrian 0.0 0 1.5481566190719604 606.19677734375 171.46563720703125 625.1829833984375 227.49850463867188 0.8681394 1.7507346 0.5826419 0.42185444 1.4383218 22.876894 1.5665947198867798 0.5159583687782288
Pedestrian 0.0 0 1.8853449821472168 591.5438842773438 172.45249938964844 611.2291259765625 216.75132751464844 0.7657966 1.757842 0.5865086 -0.015809704 1.3998294 28.956722 1.8847990036010742 0.493944376707077
Pedestrian 0.0 0 1.5774625539779663 622.6334838867188 169.96548461914062 634.8963623046875 208.88888549804688 0.8137061 1.8078269 0.5693403 1.276635 1.2730205 33.780087 1.6152371168136597 0.3699534833431244
Pedestrian 0.0 0 1.7370256185531616 701.7776489257812 162.62074279785156 718.5061645507812 204.9343719482422 0.8130434 1.8170754 0.59607387 4.7299623 1.0073086 31.323902 1.8868950605392456 0.3082311451435089
Pedestrian 0.0 0 1.1222758293151855 688.2938232421875 167.59629821777344 705.8253784179688 203.51283264160156 0.81167585 1.8254875 0.6014204 4.9145226 1.1196893 36.98661 1.2543751001358032 0.2879272997379303
Pedestrian 0.0 0 1.3388911485671997 586.2230224609375 166.8755340576172 603.5023193359375 207.75367736816406 0.8206871 1.8164946 0.60543203 -0.31288722 1.1675769 32.38875 1.3292310237884521 0.2665082812309265
Pedestrian 0.0 0 -2.4867823123931885 316.7388610839844 186.51513671875 375.6310729980469 282.9774475097656 0.69671875 1.6853805 0.75139034 -4.672272 1.781084 13.060559 -2.8303349018096924 0.2618926167488098
Pedestrian 0.0 0 -2.4029183387756348 193.477294921875 147.9801788330078 275.1314392089844 289.58197021484375 0.76293075 1.8076173 0.59958893 -4.920308 1.3810538 9.556 -2.878408432006836 0.25757932662963867
Pedestrian 0.0 0 1.760256290435791 646.931884765625 168.45167541503906 661.80908203125 207.4552764892578 0.69952595 1.8129938 0.57767636 2.4831765 1.2073945 33.80035 1.8335905075073242 0.21817314624786377
Pedestrian 0.0 0 -2.9837872982025146 629.6173706054688 170.32264709472656 645.1567993164062 208.2965087890625 0.665538 1.8213918 0.609799 1.7362034 1.2861816 34.818813 -2.933964729309082 0.2121160924434662
Pedestrian 0.0 0 1.7334386110305786 517.974609375 168.96885681152344 555.114013671875 244.46099853515625 1.8499014 1.7883567 0.6374036 -1.632982 1.4927032 17.959713 1.6427632570266724 0.1532324105501175
Cyclist 0.0 0 1.7334386110305786 517.974609375 168.96885681152344 555.114013671875 244.46099853515625 1.8499014 1.7883567 0.6374036 -1.632982 1.4927032 17.959713 1.6427632570266724 0.4510749876499176
Cyclist 0.0 0 -2.814082622528076 430.6879577636719 185.5984649658203 519.5223999023438 261.70318603515625 1.8575252 1.6871741 0.7870219 -2.924177 1.7856033 16.508905 -2.989391565322876 0.32425764203071594
Cyclist 0.0 0 -1.5682233572006226 743.3868408203125 167.2661895751953 785.7378540039062 264.543212890625 2.0011742 1.7168618 0.73333395 3.075049 1.4669207 13.73231 -1.3479294776916504 0.2688758671283722
Cyclist 0.0 0 -0.443467915058136 570.7454223632812 170.70181274414062 598.3911743164062 198.06983947753906 1.7497058 1.7897333 0.5885269 -1.1063098 1.0842773 47.629368 -0.46669119596481323 0.23003676533699036
