Pedestrian 0.0 0 -1.254982829093933 398.3254089355469 165.0407257080078 454.4480285644531 269.66217041015625 0.977518 1.7328999 0.6744592 -3.0479832 1.4615636 12.408181 -1.4958566427230835 0.7299590706825256
Pedestrian 0.0 0 -1.4946810007095337 669.0509033203125 164.01087951660156 708.01953125 264.3466796875 0.9517314 1.6945257 0.6143717 1.5045218 1.4004433 12.655271 -1.3763513565063477 0.6510472893714905
Pedestrian 0.0 0 -1.3907015323638916 714.2512817382812 161.78846740722656 760.879638671875 262.1996765136719 0.9824856 1.7000726 0.64973986 2.3836844 1.3676175 12.734451 -1.2056589126586914 0.6299002170562744
Pedestrian 0.0 0 -0.5246652364730835 752.1408081054688 166.62042236328125 779.50390625 219.20040893554688 0.7091137 1.759748 0.584089 5.5620713 1.2628393 24.422596 -0.30074167251586914 0.5175374150276184
Pedestrian 0.0 0 -2.8342673778533936 510.982177734375 171.45277404785156 535.0203857421875 216.9447021484375 0.7731485 1.7519112 0.6525873 -3.0785794 1.3660085 28.056707 -2.9435572624206543 0.4613338112831116
Pedestrian 0.0 0 -3.0182886123657227 740.3213500976562 162.13119506835938 768.9449462890625 212.8784637451172 0.9512237 1.8150194 0.61196166 5.5550265 1.1233308 26.133804 -2.808844804763794 0.4524311423301697
Pedestrian 0.0 0 -0.2174474000930786 777.0310668945312 153.14962768554688 808.6078491210938 215.92269897460938 0.795284 1.8312565 0.5799313 5.6292253 1.005335 21.259289 0.04140114784240723 0.3945843577384949
Pedestrian 0.0 0 -1.7622730731964111 302.7098693847656 169.12911987304688 336.6749267578125 243.2446746826172 0.90374607 1.797845 0.62868464 -7.0886555 1.4989543 17.972275 -2.1379613876342773 0.37601175904273987
Pedestrian 0.0 0 -2.28051495552063 142.02366638183594 190.31068420410156 187.7602081298828 262.29498291015625 0.71144384 1.7061635 0.64788455 -10.6908655 1.9276831 17.543367 -2.827815055847168 0.3146432936191559
Pedestrian 0.0 0 -1.8010683059692383 312.31988525390625 182.29666137695312 355.1197814941406 265.4852600097656 0.6823523 1.740332 0.7288034 -5.8248725 1.7593048 15.520514 -2.1601033210754395 0.26986488699913025
Pedestrian 0.0 0 1.0908622741699219 34.131919860839844 156.06747436523438 79.78704071044922 233.64920043945312 0.714353 1.7543427 0.57911426 -12.658205 1.180455 16.655285 0.44098472595214844 0.24961982667446136
Pedestrian 0.0 0 0.7603039741516113 163.1511688232422 141.89756774902344 219.2406768798828 226.5530242919922 0.88223076 1.8320832 0.6434385 -9.145014 0.9762471 15.960687 0.23999571800231934 0.24285446107387543
Pedestrian 0.0 0 -1.7387542724609375 789.4989624023438 151.79708862304688 816.2921752929688 211.35842895507812 1.0078082 1.8727885 0.66859066 6.448731 0.93994534 23.119913 -1.4667422771453857 0.24158193171024323
Pedestrian 0.0 0 1.8489991426467896 601.7068481445312 168.4956512451172 632.1705322265625 219.10845947265625 1.743792 1.7819524 0.6607474 0.5599391 1.3251616 26.21876 1.8703522682189941 0.15450377762317657
Cyclist 0.0 0 1.7848631143569946 550.1655883789062 165.2706756591797 586.9072875976562 235.96334838867188 1.8557264 1.8284838 0.6220248 -0.9044451 1.4098824 19.544079 1.7386189699172974 0.7274287343025208
Cyclist 0.0 0 1.8343064785003662 602.3756103515625 167.54534912109375 631.8702392578125 218.31536865234375 1.7688153 1.7852685 0.63933253 0.56610143 1.29563 26.19541 1.8559138774871826 0.6940863728523254
Cyclist 0.0 0 -0.8679073452949524 737.622314453125 181.68482971191406 812.1375732421875 259.68951416015625 1.8361803 1.7107321 0.6349307 3.976716 1.7163925 16.55343 -0.632140040397644 0.329397052526474
Cyclist 0.0 0 -1.516660213470459 669.3500366210938 163.7958526611328 706.722900390625 264.7901611328125 0.9613449 1.7040151 0.60543716 1.4941267 1.4065874 12.6427555 -1.399025321006775 0.2376144379377365
Cyclist 0.0 0 -1.3907015323638916 714.2512817382812 161.78846740722656 760.879638671875 262.1996765136719 0.9824856 1.7000726 0.64973986 2.3836844 1.3676175 12.734451 -1.2056589126586914 0.19310323894023895
Cyclist 0.0 0 -3.0258588790893555 740.3634033203125 162.30816650390625 769.7068481445312 213.0793914794922 0.98143876 1.8158652 0.60469985 5.5693617 1.1305106 26.132566 -2.81588077545166 0.15434886515140533
Cyclist 0.0 0 -1.254982829093933 398.3254089355469 165.0407257080078 454.4480285644531 269.66217041015625 0.977518 1.7328999 0.6744592 -3.0479832 1.4615636 12.408181 -1.4958566427230835 0.10147460550069809
Car 0.0 0 1.6125988960266113 570.5645141601562 172.8137664794922 596.0296020507812 196.0891876220703 3.9059198 1.5365672 1.5904773 -1.2005548 0.96381366 49.386074 1.5882941484451294 0.31301766633987427
