Pedestrian 0.0 0 -2.5449650287628174 443.136474609375 172.72833251953125 463.1075744628906 204.2561492919922 0.9652117 1.822946 0.61156034 -8.886722 1.3749646 41.34139 -2.756702423095703 0.38226354122161865
Pedestrian 0.0 0 -1.9949473142623901 954.378662109375 124.01627349853516 991.4783935546875 189.7469940185547 0.91415423 1.8692262 0.6360386 10.663303 0.26453477 20.575403 -1.5168026685714722 0.3615236282348633
Pedestrian 0.0 0 0.11027698218822479 553.5458984375 164.8402862548828 572.399658203125 196.83041381835938 1.0850656 1.9217207 0.5530587 -2.544298 0.9823692 42.77284 0.050863027572631836 0.3568881154060364
Pedestrian 0.0 0 -2.228847026824951 1087.2479248046875 115.35921478271484 1143.83984375 203.30764770507812 0.8215454 1.8515843 0.6185421 10.996174 0.4817919 15.301904 -1.6057367324829102 0.2598583996295929
Pedestrian 0.0 0 -2.838548183441162 502.8462829589844 168.14266967773438 517.9253540039062 198.38302612304688 0.80712855 1.8677212 0.5371479 -5.8893657 1.1058538 43.99713 -2.9716150760650635 0.25616616010665894
Pedestrian 0.0 0 -1.4645346403121948 456.0733337402344 169.567138671875 477.70550537109375 213.289794921875 0.9091926 1.7522508 0.7751108 -5.645614 1.315595 28.817696 -1.6579923629760742 0.2313673496246338
Pedestrian 0.0 0 -1.0695083141326904 162.70150756835938 154.72792053222656 180.58311462402344 188.49615478515625 0.642839 1.9934796 0.68321145 -25.79138 0.4734168 42.072727 -1.619445562362671 0.20970207452774048
Pedestrian 0.0 0 -0.07060125470161438 596.3085327148438 166.9082489013672 625.3214111328125 195.3591766357422 1.8013322 1.7851673 0.50463057 0.3609609 0.93369216 44.66724 -0.06252031773328781 0.11740989238023758
Cyclist 0.0 0 0.07300294935703278 654.3333129882812 165.19247436523438 686.210693359375 195.05162048339844 1.8298836 1.7438204 0.7103282 3.8565521 0.85121137 41.78846 0.16502976417541504 0.8077578544616699
Cyclist 0.0 0 -1.1915948390960693 376.7567138671875 176.22622680664062 399.5223388671875 212.7761688232422 1.7435968 1.7194102 0.43920398 -10.476098 1.5198092 34.143353 -1.4893029928207397 0.5936893820762634
Cyclist 0.0 0 -0.11553702503442764 596.4946899414062 166.8433837890625 626.2719116210938 195.3938446044922 1.8323383 1.7904879 0.53889614 0.39764905 0.935385 44.701694 -0.10664164274930954 0.558714747428894
Cyclist 0.0 0 -2.0411813259124756 953.4647827148438 127.00951385498047 992.5538330078125 193.2423095703125 0.97939605 1.8785211 0.62994415 10.646407 0.3629751 20.540777 -1.5629963874816895 0.17241270840168
Cyclist 0.0 0 0.12987130880355835 551.9071655273438 165.1918182373047 572.0967407226562 197.60772705078125 1.1640698 1.9484695 0.50982213 -2.6042562 1.0296824 42.7891 0.06908369064331055 0.12887077033519745
Cyclist 0.0 0 -2.550642490386963 442.2696533203125 172.87014770507812 464.0495300292969 204.73703002929688 1.1250284 1.844328 0.56074435 -8.894449 1.4041208 41.384888 -2.7623424530029297 0.10764060169458389
Car 0.0 0 1.7176719903945923 511.9848937988281 172.7212371826172 552.1670532226562 202.67530822753906 3.6342187 1.4757488 1.559969 -3.7458208 1.0939465 36.679676 1.615902304649353 0.7636149525642395
Car 0.0 0 2.5469934940338135 946.7147216796875 137.02760314941406 1108.875 189.8513946533203 4.287153 1.6384118 1.7151985 13.587167 0.29160303 22.908302 3.082332134246826 0.5185065269470215
