Pedestrian 0.0 0 1.4289371967315674 753.1779174804688 152.75450134277344 786.3881225585938 227.74417114257812 0.80684215 1.8636984 0.71560454 4.0074325 1.3645289 18.357903 1.6438603401184082 0.35358747839927673
Pedestrian 0.0 0 0.40920910239219666 803.2348022460938 146.8865203857422 830.34521484375 197.333740234375 0.8393753 1.9074647 0.5865578 7.9165974 0.9259639 27.772295 0.6868979930877686 0.2581576108932495
Pedestrian 0.0 0 3.724951982498169 31.21379852294922 151.32435607910156 90.95071411132812 244.8160400390625 0.70645374 1.8080219 0.64095527 -10.914002 1.3920212 14.294944 3.0728750228881836 0.25548121333122253
Pedestrian 0.0 0 1.4694939851760864 661.0748291015625 176.04444885253906 672.1661987304688 203.9058074951172 0.7274531 1.8170288 0.65703404 3.694862 2.0291173 47.510098 1.5471078157424927 0.19649100303649902
Car 0.0 0 1.7812724113464355 434.8721008300781 186.28013610839844 520.0877685546875 248.58917236328125 3.6594338 1.4947762 1.5821656 -3.6074781 1.9010813 19.959507 1.6024630069732666 0.8948328495025635
Car 0.0 0 3.25386905670166 0.0 184.68414306640625 244.06488037109375 288.3559265136719 3.9256282 1.6084217 1.6864618 -8.977087 1.8529496 13.229939 2.657689094543457 0.8256910443305969
Car 0.0 0 2.9020862579345703 435.0475769042969 181.49923706054688 508.755615234375 208.4796142578125 4.013847 1.5018507 1.6486208 -8.214261 2.0335898 42.761852 2.7123048305511475 0.6969788074493408
Car 0.0 0 1.979671597480774 664.80810546875 180.8022003173828 712.6083984375 207.00439453125 3.8849735 1.5662533 1.6551007 5.083338 2.1019459 46.49758 2.088563919067383 0.25977182388305664
Car 0.0 0 1.8855253458023071 486.1595764160156 175.98377990722656 527.3997802734375 201.3978271484375 3.8134477 1.6093535 1.6279415 -6.877061 1.8275717 48.204422 1.7438170909881592 0.22678229212760925
Car 0.0 0 2.649991512298584 637.8712158203125 174.9191436767578 686.780029296875 193.99090576171875 3.7328382 1.5371062 1.6190093 4.3270354 1.713419 59.97465 2.7220144271850586 0.17892144620418549
