Pedestrian 0.0 0 -3.489659547805786 852.854248046875 135.11752319335938 935.0481567382812 278.7303161621094 0.8615238 1.8217225 0.55373627 3.6439614 1.3433946 9.435562 -3.1211109161376953 0.2336713820695877
Pedestrian 0.0 0 -1.427654504776001 684.5706787109375 174.9798583984375 704.8560791015625 220.5881805419922 0.85350686 1.7548665 0.67697877 3.2855954 1.8400989 28.30546 -1.312095284461975 0.14611756801605225
Pedestrian 0.0 0 -3.056688070297241 678.8075561523438 156.75819396972656 693.3397216796875 189.72335815429688 0.82584655 1.9769161 0.6138364 4.5711575 1.0120109 43.646873 -2.9523379802703857 0.13013993203639984
Pedestrian 0.0 0 0.8271832466125488 1151.6563720703125 84.09297943115234 1242.0 300.7527770996094 0.7578603 1.8670794 0.70216525 5.548383 1.1025336 6.609584 1.5255177021026611 0.12491019815206528
Pedestrian 0.0 0 -3.353989362716675 834.054443359375 143.81494140625 857.155517578125 190.6841278076172 0.78344566 1.8820165 0.59379846 9.522766 0.71632063 29.305521 -3.039804697036743 0.12177859246730804
Pedestrian 0.0 0 1.9182226657867432 567.7623901367188 181.03253173828125 578.5292358398438 203.35787963867188 0.802889 1.7951615 0.6425349 -3.027427 2.4679441 58.843178 1.866818904876709 0.10853998363018036
Cyclist 0.0 0 -0.21147625148296356 671.1921997070312 172.85328674316406 710.9800415039062 218.6665802001953 1.4391508 1.7747422 0.6985744 3.138295 1.7750723 28.36887 -0.10129962861537933 0.1446130871772766
Car 0.0 0 1.8873538970947266 262.9299011230469 176.55096435546875 446.57196044921875 294.4715270996094 3.5209575 1.4550291 1.5285186 -3.6423485 1.5196846 10.778705 1.5614802837371826 0.898792564868927
Car 0.0 0 -1.5534337759017944 663.1878662109375 177.462646484375 704.5786743164062 216.8809356689453 3.6945322 1.5099574 1.6085795 3.059997 1.7143868 30.01737 -1.4518438577651978 0.2978019714355469
Car 0.0 0 1.716407299041748 640.158447265625 184.79415893554688 668.6751708984375 206.32516479492188 3.9413185 1.5247489 1.6371062 3.4265387 2.4785538 55.51667 1.7780499458312988 0.19372005760669708
Car 0.0 0 -0.6548632383346558 943.3936157226562 153.8279266357422 1242.0 366.0476989746094 3.6151915 1.5409666 1.59755 4.9332147 1.4031729 6.082941 0.02654409408569336 0.18720471858978271
