Car 0.0 0 -2.3550267219543457 740.2022094726562 175.5119171142578 858.4065551757812 224.9685821533203 3.6771836 1.4692703 1.6099211 6.0612597 1.5640584 23.639538 -2.1040303707122803 0.9278165102005005
Car 0.0 0 -2.6490697860717773 148.9468231201172 176.21343994140625 362.5601806640625 259.3428955078125 3.5502794 1.576624 1.6093966 -7.1244392 1.6491617 14.62621 -3.1023449897766113 0.8013173937797546
Car 0.0 0 -1.7836068868637085 622.3728637695312 174.5868377685547 669.311767578125 207.2326202392578 3.5637052 1.5256363 1.6001841 1.6879898 1.6165317 35.8069 -1.7365002632141113 0.7855046391487122
Car 0.0 0 -2.3656816482543945 0.0 189.1530303955078 195.53147888183594 347.4149169921875 3.7399902 1.4250363 1.5655963 -6.695738 1.6158135 7.5507646 -3.091135025024414 0.6674897074699402
Car 0.0 0 0.8346669673919678 0.0 219.04188537597656 148.83993530273438 375.0 3.897536 1.4284128 1.5849832 -5.7049365 1.8008233 4.981273 -0.018347347155213356 0.5884283185005188
Car 0.0 0 -2.6577820777893066 218.47747802734375 179.8585662841797 410.5564270019531 248.50314331054688 3.8462772 1.4894427 1.6008958 -6.8639846 1.6628042 16.835941 -3.044907331466675 0.5612219572067261
Car 0.0 0 0.23923075199127197 386.7583312988281 174.78546142578125 491.0268859863281 211.71324157714844 4.123771 1.5533217 1.6578699 -7.400178 1.639675 31.279247 0.0069179534912109375 0.37769219279289246
Car 0.0 0 -2.8231630325317383 432.0281677246094 176.50848388671875 503.69024658203125 205.67872619628906 3.417101 1.4998746 1.5691482 -7.5605707 1.6994162 38.334538 -3.017889976501465 0.35840216279029846
Car 0.0 0 0.3148171901702881 262.98687744140625 156.2572021484375 454.0859375 232.88629150390625 4.4783406 1.9461228 1.8100537 -6.638186 1.5249777 19.2649 -0.017015738412737846 0.35090136528015137
Car 0.0 0 1.563277006149292 611.4920043945312 173.57420349121094 638.5809326171875 198.76828002929688 4.000594 1.5067402 1.624443 0.8926521 1.5542969 45.274025 1.582991123199463 0.28768685460090637
Car 0.0 0 1.7360655069351196 497.4424133300781 174.4980926513672 530.4554443359375 198.3617706298828 3.9792302 1.5704134 1.6263102 -6.6107483 1.6887826 49.77321 1.6040209531784058 0.285383015871048
