Pedestrian 0.0 0 -1.8787661790847778 702.8590698242188 165.0232696533203 725.87841796875 211.12599182128906 0.8265433 1.7810668 0.6745713 4.0508966 1.4789035 28.33543 -1.7367660999298096 0.6513307094573975
Pedestrian 0.0 0 0.10817775130271912 822.4953002929688 103.67525482177734 922.2020874023438 289.4409484863281 0.91720134 1.8057662 0.5618954 2.6631846 1.1336607 7.463799 0.4509096145629883 0.2668098211288452
Pedestrian 0.0 0 1.7972131967544556 399.8319396972656 177.57298278808594 450.8665466308594 274.7316589355469 1.8017519 1.7915665 0.5938072 -3.6788611 1.8913963 14.298461 1.5453845262527466 0.18173111975193024
Pedestrian 0.0 0 1.6299911737442017 511.0402526855469 175.63961791992188 528.5384521484375 221.76686096191406 1.7901287 1.7743074 0.59061915 -3.629091 1.8892881 28.774446 1.5045316219329834 0.13382107019424438
Pedestrian 0.0 0 1.665907382965088 448.28662109375 170.95765686035156 485.7190246582031 265.05023193359375 1.8241956 1.8182267 0.59087074 -2.9754906 1.7819402 14.877607 1.4685138463974 0.10851361602544785
Cyclist 0.0 0 1.6110001802444458 511.897216796875 175.33689880371094 528.510009765625 221.52658081054688 1.799321 1.7754061 0.58819354 -3.6101956 1.8778813 28.751566 1.486088752746582 0.8483092784881592
Cyclist 0.0 0 1.6884645223617554 446.6918640136719 172.68191528320312 485.84814453125 266.876708984375 1.8191185 1.8107374 0.5822434 -2.9738102 1.8077872 14.797667 1.4901413917541504 0.7762668132781982
Cyclist 0.0 0 1.7972131967544556 399.8319396972656 177.57298278808594 450.8665466308594 274.7316589355469 1.8017519 1.7915665 0.5938072 -3.6788611 1.8913963 14.298461 1.5453845262527466 0.6467992067337036
Cyclist 0.0 0 -1.8891727924346924 702.4271850585938 164.72828674316406 726.243408203125 210.83018493652344 0.90006584 1.7786524 0.6765212 4.049129 1.4655133 28.33725 -1.74724280834198 0.1119241788983345
Car 0.0 0 1.72350013256073 386.42840576171875 187.02374267578125 465.8896484375 245.22645568847656 4.395933 1.5008267 1.685347 -5.521016 1.9772861 21.973814 1.4773412942886353 0.7602761387825012
Car 0.0 0 2.237672805786133 0.0 193.42657470703125 230.52081298828125 375.0 3.5182984 1.4846873 1.5242412 -4.981078 1.7118517 6.1844506 1.5596359968185425 0.7513480186462402
Car 0.0 0 -1.473276138305664 639.2855224609375 177.91848754882812 673.1239013671875 205.01699829101562 3.995303 1.5018514 1.6268466 2.7552176 1.8179245 42.87469 -1.4091023206710815 0.541945219039917
Car 0.0 0 1.9865593910217285 487.5638122558594 181.76742553710938 545.3176879882812 212.09359741210938 4.1740594 1.5611572 1.6882886 -5.242158 2.0920022 40.699177 1.8584620952606201 0.5184383988380432
Car 0.0 0 -2.5392279624938965 908.7449951171875 180.77676391601562 1242.0 375.0 3.896741 1.4472402 1.5957586 2.643828 1.4946222 2.2587464 -1.6754440069198608 0.42317089438438416
