Pedestrian 0.0 0 -2.4035680294036865 268.34222412109375 175.73106384277344 327.94512939453125 265.3112487792969 0.8801813 1.7763005 0.6982479 -6.3231215 1.6833658 14.487045 -2.8151113986968994 0.3902614116668701
Pedestrian 0.0 0 -2.297942638397217 115.78015899658203 192.22491455078125 174.7290802001953 274.581298828125 0.7626185 1.6364676 0.68825513 -9.528136 1.8874379 14.599555 -2.8761658668518066 0.38346827030181885
Pedestrian 0.0 0 -0.009295761585235596 996.5385131835938 114.33284759521484 1063.51171875 249.68821716308594 0.77275914 1.7858485 0.5444682 5.8043437 0.914527 9.753396 0.5275204181671143 0.331261545419693
Pedestrian 0.0 0 3.461489677429199 112.3157730102539 107.18883514404297 215.90480041503906 248.1925506591797 1.0762378 1.8722956 0.64037913 -6.143286 0.90051734 9.821956 2.9025564193725586 0.2655586302280426
Pedestrian 0.0 0 -1.549932599067688 791.0316772460938 162.7243194580078 804.2054443359375 196.71852111816406 0.76124835 1.7964393 0.66502756 10.295293 0.8584863 37.818474 -1.2841441631317139 0.18018309772014618
Pedestrian 0.0 0 -2.0186691284179688 975.7725830078125 134.2847137451172 1028.82763671875 207.8896026611328 1.6582906 1.8325787 0.5362535 10.297893 0.68352836 18.442818 -1.5094236135482788 0.12746502459049225
Pedestrian 0.0 0 -2.089592456817627 876.2192993164062 154.9676055908203 906.241455078125 193.237060546875 1.7468909 1.7667559 0.5192825 13.54418 0.58947706 33.537254 -1.7057675123214722 0.12218844145536423
Cyclist 0.0 0 1.0262417793273926 876.6867065429688 153.8224639892578 907.1393432617188 191.88754272460938 1.7121981 1.7551683 0.52212197 13.55504 0.5265312 33.483578 1.4109020233154297 0.3536553978919983
Cyclist 0.0 0 -1.9636802673339844 974.2017211914062 135.3270263671875 1026.166015625 207.89199829101562 1.825106 1.8139254 0.52929753 10.3313675 0.68631965 18.606049 -1.4568005800247192 0.2624706029891968
Cyclist 0.0 0 3.5414817333221436 104.54690551757812 173.59271240234375 208.48956298828125 253.19158935546875 1.7705685 1.6902409 0.768794 -9.858008 1.5451883 15.533914 2.9760003089904785 0.18448367714881897
Cyclist 0.0 0 -2.4241433143615723 264.8939208984375 175.85174560546875 327.5919494628906 265.005615234375 0.9763143 1.7729143 0.6772283 -6.378517 1.6821079 14.524491 -2.8379428386688232 0.17022867500782013
Cyclist 0.0 0 3.410771369934082 109.99388122558594 109.25961303710938 215.3497314453125 250.02772521972656 1.1151716 1.8645837 0.6312119 -6.161466 0.9226217 9.822775 2.85054612159729 0.13512536883354187
Cyclist 0.0 0 -2.3295040130615234 110.48403930664062 195.13490295410156 174.6929931640625 277.6671447753906 0.85895437 1.6346135 0.71612096 -9.584491 1.9478718 14.604098 -2.9102866649627686 0.13434651494026184
Car 0.0 0 -0.7965556383132935 0.0 210.33465576171875 292.47705078125 370.0 3.9626849 1.4221534 1.590196 -3.218529 1.6491091 3.3453324 -1.5626378059387207 0.7050490975379944
Car 0.0 0 0.8907033801078796 529.8411865234375 171.77610778808594 618.35595703125 210.91879272460938 3.684121 1.4576927 1.5505332 -1.3112175 1.1343242 28.217794 0.8442690372467041 0.6492459177970886
Car 0.0 0 2.187687397003174 0.0 195.69680786132812 70.38216400146484 292.1616516113281 3.744321 1.4945464 1.577219 -12.299486 1.8288232 13.518636 1.449474811553955 0.5399014353752136
