Pedestrian 0.0 0 -1.680208444595337 935.2152099609375 173.61593627929688 968.5919189453125 247.6468963623047 0.7747529 1.7365347 0.64439744 8.187629 1.7557701 17.402906 -1.2404587268829346 0.3301965892314911
Pedestrian 0.0 0 -1.4254121780395508 898.2858276367188 170.06939697265625 917.3479614257812 212.0853271484375 0.79584885 1.7293342 0.629814 12.426427 1.6150808 30.197962 -1.0350325107574463 0.23982976377010345
Pedestrian 0.0 0 -0.0685228705406189 1020.3648681640625 116.28209686279297 1077.1846923828125 226.3634490966797 0.8107786 1.8669294 0.6276778 7.6533623 0.9078537 12.698454 0.4738798141479492 0.178691565990448
Pedestrian 0.0 0 -1.674508810043335 1055.689453125 133.52626037597656 1085.17138671875 202.50881958007812 0.7020576 1.9001858 0.6292675 12.916285 0.81722635 20.327166 -1.1084517240524292 0.1698036938905716
Pedestrian 0.0 0 2.301908016204834 1143.1175537109375 113.63008117675781 1223.27685546875 234.9942626953125 0.81060106 1.8702972 0.61641884 9.063748 0.95797765 11.489548 2.96982479095459 0.14477455615997314
Car 0.0 0 2.157433271408081 16.578672409057617 193.5639190673828 274.50299072265625 302.4927978515625 4.3295035 1.4687005 1.6691345 -7.879464 1.8979918 12.750202 1.6038925647735596 0.8252071738243103
Car 0.0 0 1.7408487796783447 587.423583984375 178.49884033203125 628.559814453125 208.5723114013672 3.9138908 1.5252526 1.6098017 -0.094348274 1.8502567 39.43048 1.7384560108184814 0.5094137787818909
Car 0.0 0 0.7387955784797668 640.1427001953125 180.14117431640625 691.143310546875 200.13462829589844 4.0851417 1.5214146 1.6273249 4.4498186 2.1326392 58.437725 0.8147952556610107 0.17746353149414062
Car 0.0 0 1.7462830543518066 431.4315490722656 177.71499633789062 484.8778381347656 215.44650268554688 4.160629 1.5505613 1.6382064 -6.75922 1.7826909 32.295406 1.5399675369262695 0.1594681739807129
Car 0.0 0 1.803051233291626 365.78436279296875 182.22137451171875 448.7222595214844 237.1135711669922 3.9773855 1.5078913 1.6132177 -6.260306 1.8269255 22.525345 1.5319697856903076 0.13472919166088104
