Pedestrian 0.0 0 1.6401174068450928 986.4607543945312 140.81370544433594 1061.2918701171875 307.8346252441406 0.65576905 1.7207556 0.6638781 4.5408864 1.3135743 7.7375336 2.1708226203918457 0.4566780626773834
Pedestrian 0.0 0 1.3286378383636475 836.9140625 172.781494140625 872.208984375 244.53366088867188 0.8352451 1.7642348 0.6556012 6.2454433 1.5760505 17.826662 1.6656180620193481 0.30677035450935364
Pedestrian 0.0 0 -0.41097262501716614 820.448486328125 183.9163360595703 870.1469116210938 274.0987548828125 0.73606586 1.7375749 0.6389672 4.705544 1.8085359 13.99457 -0.08660773187875748 0.1929081529378891
Pedestrian 0.0 0 -0.7954133749008179 981.5074462890625 192.498779296875 1119.496826171875 370.0 0.65163505 1.6150465 0.58497953 3.2606514 1.7127043 5.2868323 -0.24276898801326752 0.15702436864376068
Pedestrian 0.0 0 1.701486587524414 260.4461669921875 174.49667358398438 303.8123779296875 267.4781188964844 0.863142 1.7404227 0.66257036 -6.303371 1.6296891 13.739623 1.2713608741760254 0.15142053365707397
Pedestrian 0.0 0 2.8897337913513184 635.0955200195312 171.41555786132812 695.345947265625 271.0015563964844 0.9797299 1.7733003 0.60438055 1.0520444 1.6131787 12.96635 2.9706928730010986 0.1508210301399231
Pedestrian 0.0 0 -2.362790584564209 1108.385009765625 183.57452392578125 1224.0 370.0 0.6688895 1.6619357 0.65918106 4.3052387 1.6883528 5.308816 -1.6814020872116089 0.1416344791650772
Pedestrian 0.0 0 -1.675486445426941 846.2532958984375 147.07421875 887.2982788085938 251.0281219482422 0.9287348 1.7755377 0.58728564 4.6051183 1.206271 12.593331 -1.324912428855896 0.13921450078487396
Pedestrian 0.0 0 -0.6481066942214966 1012.825439453125 157.32070922851562 1093.4461669921875 266.714111328125 0.9106101 1.7468884 0.6563051 7.326733 1.3783963 11.652178 -0.08678904920816422 0.12613289058208466
Cyclist 0.0 0 -1.0978398323059082 95.07757568359375 164.78350830078125 172.1388397216797 256.24969482421875 1.7336544 1.6531336 0.50730705 -9.107492 1.3707191 13.664228 -1.6857414245605469 0.157806396484375
Cyclist 0.0 0 -1.349962592124939 1132.8634033203125 179.39431762695312 1224.0 370.0 1.8015354 1.6326898 0.70924187 5.583867 1.6254325 6.551747 -0.6441512703895569 0.1343906819820404
Car 0.0 0 0.9710851907730103 0.0 152.81187438964844 152.55502319335938 264.27392578125 3.9449325 1.5211852 1.6254752 -9.340978 1.1449797 10.944789 0.2645838260650635 0.5450206398963928
Car 0.0 0 -1.2008414268493652 297.2954406738281 197.4768829345703 399.8995056152344 255.07020568847656 3.5736494 1.4172913 1.5729098 -7.2570224 1.9489499 20.265985 -1.5447040796279907 0.14631617069244385
Car 0.0 0 -1.2843035459518433 487.1299133300781 143.2426300048828 580.6998291015625 205.33367919921875 4.1413274 1.6618837 1.668073 -2.0318549 0.6662632 21.110538 -1.3802562952041626 0.14243534207344055
