Pedestrian 0.0 0 -2.2317121028900146 766.4752807617188 145.5989227294922 799.6235961914062 203.64320373535156 0.8492244 1.8499624 0.66973686 5.5901585 0.98165846 23.519032 -1.9983556270599365 0.4015595018863678
Cyclist 0.0 0 -1.1751554012298584 107.32282257080078 175.16754150390625 145.4500274658203 227.8612823486328 1.754509 1.6943696 0.41951808 -16.229017 1.7751529 24.178757 -1.766296625137329 0.37470099329948425
Car 0.0 0 2.1292452812194824 0.0 198.0041961669922 257.8670959472656 351.0255126953125 3.5225184 1.452703 1.5231713 -6.132468 1.8365018 9.215449 1.5420818328857422 0.8951897025108337
Car 0.0 0 -1.2656902074813843 337.9494934082031 181.68240356445312 442.4482421875 245.8568572998047 4.1274347 1.5735794 1.6404572 -6.0944233 1.848174 20.335438 -1.5568668842315674 0.8815615177154541
Car 0.0 0 -1.7445886135101318 700.119140625 178.5478973388672 809.13330078125 256.1872863769531 3.873143 1.4445729 1.629213 2.9409425 1.5838407 15.653915 -1.5588806867599487 0.865195095539093
Car 0.0 0 1.7694443464279175 442.02239990234375 182.30490112304688 497.7395935058594 220.16481018066406 3.9788969 1.488125 1.621859 -6.052744 1.9252951 31.350307 1.5787228345870972 0.8106569051742554
Car 0.0 0 -0.6080220937728882 974.3751831054688 133.61280822753906 1242.0 235.47398376464844 3.9495234 1.5393519 1.6248032 8.256085 0.94668686 11.724559 0.0054972171783447266 0.7394613027572632
Car 0.0 0 2.6923751831054688 847.5320434570312 158.0777130126953 1060.9920654296875 224.989501953125 4.4808917 1.5760182 1.6986796 8.355793 1.2283404 17.867805 3.129805564880371 0.6789981722831726
Car 0.0 0 2.1215052604675293 1074.7442626953125 169.47193908691406 1242.0 308.2756042480469 3.894831 1.4460711 1.572388 7.8484735 1.4111943 8.830255 2.848107099533081 0.5961129665374756
Car 0.0 0 -1.2633568048477173 278.78021240234375 202.59176635742188 393.6904602050781 278.4504089355469 3.2981834 1.4191525 1.5209678 -6.178047 2.1692457 16.502775 -1.6215698719024658 0.5467453002929688
Car 0.0 0 1.7409844398498535 486.1788635253906 180.3372039794922 525.6041870117188 209.7571258544922 3.9169016 1.5790935 1.6167498 -6.0004187 2.0326183 41.712246 1.598111867904663 0.4422752857208252
