Pedestrian 0.0 0 -1.474578857421875 289.22021484375 168.43235778808594 311.6275939941406 223.22056579589844 0.9881606 1.7283967 0.57518595 -10.04264 1.5892657 23.317827 -1.8812549114227295 0.1644473522901535
Pedestrian 0.0 0 -2.2711660861968994 877.4773559570312 125.13876342773438 930.8281860351562 213.94320678710938 0.88953507 1.848458 0.6402231 6.2734113 0.8556267 15.5383415 -1.887441873550415 0.1548389494419098
Pedestrian 0.0 0 1.9099987745285034 17.246549606323242 123.19860076904297 89.19851684570312 227.02957153320312 1.6152803 1.7970514 0.5485725 -10.303737 0.93799984 13.338158 1.2522519826889038 0.10570821166038513
Pedestrian 0.0 0 -2.596778392791748 207.3368377685547 174.5009002685547 244.60609436035156 240.1494903564453 0.674385 1.7354584 0.59555817 -10.36918 1.78083 19.402906 -3.087576389312744 0.10095895826816559
Cyclist 0.0 0 1.9099987745285034 17.246549606323242 123.19860076904297 89.19851684570312 227.02957153320312 1.6152803 1.7970514 0.5485725 -10.303737 0.93799984 13.338158 1.2522519826889038 0.24953888356685638
Cyclist 0.0 0 -1.1325631141662598 427.2374267578125 179.92868041992188 445.0652770996094 207.6461181640625 1.7824014 1.700044 0.3770481 -11.0161495 2.1567485 45.628555 -1.3694608211517334 0.18051345646381378
Cyclist 0.0 0 -1.4648468494415283 289.2214050292969 167.19041442871094 312.1375427246094 223.10516357421875 1.2720075 1.7575653 0.55309325 -10.053009 1.5799004 23.366667 -1.8711378574371338 0.1621021330356598
Cyclist 0.0 0 2.499364137649536 0.0 128.63861083984375 56.0835075378418 205.42320251464844 1.4955791 1.7984264 0.49994436 -14.558013 0.76318455 17.682657 1.8105804920196533 0.13768863677978516
Cyclist 0.0 0 2.537874460220337 0.0 134.4321746826172 45.356727600097656 213.7183074951172 1.4201293 1.775149 0.51280487 -14.198115 0.915275 16.904509 1.8392726182937622 0.11340487748384476
Car 0.0 0 1.6913719177246094 543.4808959960938 175.59715270996094 581.0963745117188 204.1753692626953 4.07774 1.5068171 1.6302016 -2.6628213 1.6691493 40.521076 1.6257517337799072 0.7340454459190369
