Pedestrian 0.0 0 -2.452211380004883 26.102449417114258 198.71810913085938 81.4533462524414 274.570068359375 0.71407574 1.6654383 0.70617574 -12.721361 2.268678 16.451956 -3.1104228496551514 0.24846486747264862
Pedestrian 0.0 0 -1.5595834255218506 438.3636779785156 159.1453857421875 454.0011901855469 198.84645080566406 0.7468209 1.863798 0.7176275 -7.8250017 1.2205942 34.311245 -1.7838078737258911 0.2057729959487915
Cyclist 0.0 0 -2.7790825366973877 433.4234619140625 159.12600708007812 458.58648681640625 198.99766540527344 0.9896573 1.8692118 0.6746607 -7.813927 1.2259916 34.22567 -3.0035414695739746 0.11320382356643677
Car 0.0 0 1.96449875831604 210.55714416503906 188.6174774169922 310.2681579589844 244.8523406982422 3.4168825 1.4900581 1.5171019 -10.510067 2.0058556 21.842926 1.5160317420959473 0.8404605388641357
Car 0.0 0 3.9100534915924072 0.0 207.00613403320312 65.37783813476562 317.0223388671875 3.7457662 1.4886078 1.609272 -10.911752 2.0529258 11.091067 3.1328048706054688 0.2867376208305359
Car 0.0 0 1.6861391067504883 197.95236206054688 186.1527557373047 233.72752380371094 211.7664794921875 4.173902 1.6329151 1.7340244 -27.617582 2.6076388 50.602753 1.1865475177764893 0.1510804146528244
Car 0.0 0 1.371903896331787 445.17364501953125 178.13404846191406 483.2383117675781 204.36306762695312 3.7839787 1.5123574 1.5764633 -9.057881 1.8531969 44.475693 1.170992374420166 0.15081778168678284
Car 0.0 0 3.3565492630004883 338.3180236816406 177.06407165527344 418.9726867675781 209.14195251464844 3.778552 1.6331443 1.6627764 -12.166558 1.8611335 38.00293 3.0467121601104736 0.13728132843971252
Car 0.0 0 1.274003028869629 996.151611328125 182.15304565429688 1053.13671875 212.5582733154297 4.165363 1.6318719 1.7455534 24.192268 2.206174 42.307117 1.7934479713439941 0.1361294984817505
Car 0.0 0 1.6469355821609497 730.476806640625 181.26971435546875 754.6804809570312 203.01097106933594 3.6236444 1.601142 1.5983964 10.402048 2.2845597 56.604958 1.8286736011505127 0.13605473935604095
Car 0.0 0 1.5935537815093994 1027.53564453125 198.2478790283203 1081.2515869140625 242.01651000976562 3.5563884 1.4376637 1.6743675 17.174679 2.4887645 27.905222 2.1452667713165283 0.13243915140628815
