Pedestrian 0.0 0 -3.1047158241271973 625.3396606445312 147.7768096923828 720.6305541992188 312.4415588378906 1.0054679 1.7300647 0.67707604 0.7083352 1.3879465 7.823262 -3.0144197940826416 0.7837300300598145
Pedestrian 0.0 0 -1.5644452571868896 839.621337890625 173.13467407226562 867.5158081054688 243.4613800048828 0.7883672 1.7281269 0.65045494 6.2389665 1.5487375 17.849768 -1.2281923294067383 0.23685170710086823
Pedestrian 0.0 0 -0.43311208486557007 820.254638671875 185.67819213867188 872.6011352539062 275.063720703125 0.76342934 1.715364 0.6806516 4.724348 1.8222395 13.9868965 -0.10737423598766327 0.2078266143798828
Pedestrian 0.0 0 -0.12516972422599792 638.1555786132812 171.6387176513672 691.4672241210938 267.07177734375 0.8882292 1.6991609 0.7169919 1.0405506 1.5430306 12.961986 -0.04506440833210945 0.17784298956394196
Pedestrian 0.0 0 -2.0692505836486816 1113.616943359375 189.73101806640625 1224.0 370.0 0.6702288 1.661533 0.6668472 4.324991 1.7378622 5.3202195 -1.3866722583770752 0.1508898138999939
Pedestrian 0.0 0 -1.5565745830535889 847.9019775390625 141.6980743408203 884.5481567382812 247.00332641601562 1.0770919 1.7829025 0.58687955 4.6064262 1.127603 12.573777 -1.2054073810577393 0.13776159286499023
Pedestrian 0.0 0 2.31839919090271 55.25697708129883 191.25636291503906 100.504150390625 252.2087860107422 0.83062696 1.7061553 0.65821546 -15.22843 2.0248377 20.392279 1.6769657135009766 0.12047015875577927
Cyclist 0.0 0 -1.440331220626831 74.45966339111328 153.23634338378906 119.68006134033203 247.88796997070312 1.6549422 1.6474551 0.47503346 -9.461575 1.1745638 13.142789 -2.0642924308776855 0.21041162312030792
Cyclist 0.0 0 -2.193188428878784 1141.206787109375 156.61764526367188 1224.0 257.7301940917969 1.6786753 1.6194419 0.5726243 10.072364 1.2385911 12.176299 -1.5020744800567627 0.18629588186740875
Cyclist 0.0 0 1.5817279815673828 967.025390625 137.01980590820312 1010.8390502929688 253.22775268554688 1.7093772 1.7543585 0.58873385 6.2367535 1.0996109 11.559451 2.076502799987793 0.15895256400108337
Cyclist 0.0 0 -3.123722553253174 622.0750122070312 150.4893341064453 722.326904296875 312.8007507324219 1.0555843 1.7040021 0.69163936 0.69278216 1.3906305 7.8177156 -3.035336494445801 0.14906835556030273
Cyclist 0.0 0 -2.22955584526062 0.0 173.34107971191406 74.02259826660156 258.7194519042969 1.818936 1.6530019 0.65082896 -11.757595 1.5160313 14.200558 -2.92111873626709 0.14750631153583527
Car 0.0 0 1.8210829496383667 48.75996398925781 185.79478454589844 132.08132934570312 229.63294982910156 3.959231 1.4681855 1.57283 -19.058817 1.6827588 26.318842 1.194331407546997 0.1833508312702179
Car 0.0 0 1.3414804935455322 1177.9765625 196.600830078125 1224.0 370.0 3.7792363 1.476076 1.5813905 5.9437857 1.6560271 5.8049827 2.1386923789978027 0.13779589533805847
Car 0.0 0 -1.3172632455825806 492.0564270019531 138.5168914794922 583.714599609375 204.37203979492188 4.1867423 1.747202 1.6988026 -1.8980721 0.6349335 20.9573 -1.4075853824615479 0.11984284222126007
