Pedestrian 0.0 0 -1.4548472166061401 710.1138916015625 168.70010375976562 740.31689453125 239.8187713623047 0.8232649 1.7444961 0.6614472 3.0933008 1.4317133 18.105738 -1.2856345176696777 0.708111047744751
Pedestrian 0.0 0 1.6131341457366943 653.367431640625 175.55145263671875 679.0048828125 250.29473876953125 0.76813567 1.715926 0.5713084 1.4951934 1.5805715 16.906616 1.701343059539795 0.6745073795318604
Pedestrian 0.0 0 -1.399369239807129 607.0360717773438 167.07235717773438 634.2625122070312 227.10922241210938 0.8865141 1.8274546 0.70844215 0.57806987 1.3894116 22.366781 -1.3735300302505493 0.6652792096138
Pedestrian 0.0 0 -1.5404988527297974 623.9658813476562 160.3624725341797 653.466064453125 253.441650390625 0.8922845 1.7541009 0.55069214 0.6960939 1.3570184 14.001305 -1.4908233880996704 0.5984103083610535
Pedestrian 0.0 0 1.519065022468567 695.0458374023438 171.7384033203125 721.0767211914062 247.9849853515625 0.7640862 1.723849 0.5549394 2.4281044 1.5043643 16.64432 1.663925051689148 0.5666584968566895
Pedestrian 0.0 0 1.7910908460617065 418.4615478515625 169.39266967773438 446.5336608886719 231.9599151611328 0.79463524 1.7898359 0.64058644 -4.948466 1.4446272 20.947535 1.5591121912002563 0.46985000371932983
Pedestrian 0.0 0 1.773541808128357 664.3886108398438 159.1585693359375 701.4041748046875 251.7994384765625 0.6820849 1.7355846 0.5869547 1.5396516 1.3182889 13.869956 1.8840954303741455 0.4643983840942383
Pedestrian 0.0 0 2.0265166759490967 437.7684020996094 170.41636657714844 467.60955810546875 234.39010620117188 0.6810782 1.7640882 0.5830627 -4.20996 1.459608 20.207752 1.8211207389831543 0.44076305627822876
Pedestrian 0.0 0 -0.9331763386726379 0.0 136.11390686035156 229.15313720703125 374.0 0.6761183 1.6236662 0.6104686 -2.077349 1.4595429 2.9638352 -1.5445053577423096 0.4231705367565155
Pedestrian 0.0 0 -2.182103157043457 202.27008056640625 166.15643310546875 259.70831298828125 262.1260986328125 0.6443618 1.699016 0.6917338 -6.827556 1.4286519 13.170267 -2.660367488861084 0.37734416127204895
Pedestrian 0.0 0 1.3112760782241821 470.7037353515625 155.62240600585938 488.6015930175781 196.95506286621094 0.69679505 1.9396211 0.6827122 -5.804845 0.7261783 34.16537 1.1429789066314697 0.37603625655174255
Pedestrian 0.0 0 1.911060094833374 179.71348571777344 150.8229217529297 218.51651000976562 222.65158081054688 0.7594262 1.8476837 0.6781856 -10.611549 1.0597383 18.907389 1.3996295928955078 0.3554252088069916
Pedestrian 0.0 0 -1.2284293174743652 183.48365783691406 199.05442810058594 308.91937255859375 374.0 0.84954435 1.6383324 0.62902504 -2.7773757 1.7876148 5.590305 -1.6895297765731812 0.31864994764328003
Pedestrian 0.0 0 -0.1900901198387146 1040.23828125 141.69253540039062 1097.092529296875 245.123046875 0.7537889 1.7987615 0.60432553 8.341967 1.1077466 12.911204 0.38354063034057617 0.29698866605758667
Pedestrian 0.0 0 -0.48437339067459106 669.09912109375 174.83970642089844 715.8433837890625 258.7291259765625 0.7727273 1.7355895 0.65062237 1.8963695 1.5990316 15.299855 -0.3610554337501526 0.26882827281951904
Pedestrian 0.0 0 -1.5484431982040405 921.5197143554688 125.62611389160156 963.9493408203125 250.7817840576172 1.795525 1.7971712 0.5567443 5.31357 0.99616516 11.239733 -1.1068332195281982 0.11657439917325974
Cyclist 0.0 0 -1.5484431982040405 921.5197143554688 125.62611389160156 963.9493408203125 250.7817840576172 1.795525 1.7971712 0.5567443 5.31357 0.99616516 11.239733 -1.1068332195281982 0.47692644596099854
Cyclist 0.0 0 -2.5976128578186035 218.048583984375 189.0714874267578 323.9452819824219 267.0408630371094 1.936945 1.6518024 0.91051036 -7.319704 1.8263853 15.885072 -3.029404640197754 0.38254690170288086
Cyclist 0.0 0 -0.35155802965164185 514.4027709960938 177.01466369628906 554.6941528320312 212.87562561035156 1.8410729 1.7153474 0.6670382 -3.2703662 1.5017047 35.05471 -0.4445819854736328 0.27285701036453247
Cyclist 0.0 0 -1.4548472166061401 710.1138916015625 168.70010375976562 740.31689453125 239.8187713623047 0.8232649 1.7444961 0.6614472 3.0933008 1.4317133 18.105738 -1.2856345176696777 0.1032569631934166
Cyclist 0.0 0 -1.5597906112670898 624.361572265625 160.16375732421875 653.4525756835938 254.77706909179688 0.97778267 1.7773024 0.54636973 0.69392234 1.3777634 13.995767 -1.5102503299713135 0.10067806392908096
Car 0.0 0 1.6200236082077026 538.48583984375 178.36203002929688 570.424560546875 206.6040802001953 3.8466136 1.485288 1.5763572 -2.5562053 1.3211054 39.710533 1.555741310119629 0.6839603185653687
