Pedestrian 0.0 0 -2.208289623260498 1137.2054443359375 190.7633056640625 1193.3958740234375 255.8373565673828 1.1103041 1.7185892 0.7059642 15.265034 2.2274308 19.922417 -1.5544859170913696 0.27750664949417114
Pedestrian 0.0 0 0.5300505757331848 1188.322265625 177.69357299804688 1219.099609375 219.7052764892578 0.7678644 1.7445903 0.6798547 25.09198 1.9530656 30.547916 1.2177032232284546 0.20538482069969177
Pedestrian 0.0 0 -3.569178342819214 1194.61083984375 148.95726013183594 1242.0 213.1843719482422 0.972894 1.8556663 0.5869573 17.903776 1.1655936 21.257635 -2.869213581085205 0.15605556964874268
Pedestrian 0.0 0 -3.2616419792175293 1128.7921142578125 181.54525756835938 1175.55712890625 236.93922424316406 1.1301163 1.7284353 0.6897727 17.426268 2.0161734 23.27429 -2.6189513206481934 0.1510370969772339
Pedestrian 0.0 0 1.4476649761199951 1222.99853515625 171.35281372070312 1242.0 220.86245727539062 1.610181 1.6770372 0.5297715 21.878496 1.6265457 25.254034 2.161567211151123 0.14363768696784973
Pedestrian 0.0 0 -2.4577012062072754 1168.8878173828125 180.3968505859375 1242.0 266.0381774902344 1.4238241 1.7514374 0.7061897 13.049433 1.923484 15.654492 -1.7628114223480225 0.13560014963150024
Cyclist 0.0 0 1.4476649761199951 1222.99853515625 171.35281372070312 1242.0 220.86245727539062 1.610181 1.6770372 0.5297715 21.878496 1.6265457 25.254034 2.161567211151123 0.30180680751800537
Cyclist 0.0 0 -2.208289623260498 1137.2054443359375 190.7633056640625 1193.3958740234375 255.8373565673828 1.1103041 1.7185892 0.7059642 15.265034 2.2274308 19.922417 -1.5544859170913696 0.2398899793624878
Cyclist 0.0 0 -2.3617117404937744 1164.8677978515625 181.56292724609375 1242.0 266.3511657714844 1.5814801 1.7311366 0.6835098 13.036804 1.931148 15.718094 -1.6692910194396973 0.20747147500514984
Cyclist 0.0 0 -3.296978712081909 1126.0135498046875 181.8926544189453 1177.80126953125 237.70278930664062 1.2365644 1.7374561 0.7254422 17.409311 2.036956 23.267271 -2.6546101570129395 0.17067015171051025
Car 0.0 0 -1.6087192296981812 1007.818115234375 185.3080596923828 1212.64990234375 356.15936279296875 3.434845 1.4916052 1.6358244 5.6352906 1.6707579 8.464148 -1.0213282108306885 0.7801644802093506
Car 0.0 0 -1.5759351253509521 1005.3367309570312 185.69802856445312 1055.1395263671875 228.69566345214844 3.7126505 1.5068763 1.6031936 16.524557 2.0502577 28.49345 -1.0503945350646973 0.725753664970398
Car 0.0 0 0.9368121027946472 1002.140380859375 190.13922119140625 1068.5404052734375 215.78176879882812 3.839298 1.471715 1.7063998 27.060974 2.624333 46.098812 1.467633605003357 0.22437356412410736
