Pedestrian 0.0 0 -1.5978026390075684 795.5169067382812 153.6336212158203 828.8760986328125 233.8951873779297 0.7518665 1.763546 0.7002734 4.7170258 1.1524738 16.233276 -1.3150125741958618 0.6859897375106812
Pedestrian 0.0 0 -1.098788857460022 928.765380859375 163.04811096191406 972.5092163085938 243.27822875976562 0.66553724 1.7223718 0.63696736 7.679461 1.3274759 15.873321 -0.6481876373291016 0.3885831832885742
Pedestrian 0.0 0 3.303662061691284 372.8077392578125 151.74490356445312 411.7901306152344 227.2537078857422 0.83673346 1.8275628 0.62297726 -5.1908307 1.1085852 17.743755 3.019059419631958 0.3758295774459839
Pedestrian 0.0 0 1.9536824226379395 583.1128540039062 159.76902770996094 599.286376953125 196.1221923828125 0.79200435 1.9032785 0.6062385 -0.54407644 0.7663993 38.08459 1.9393974542617798 0.31644952297210693
Pedestrian 0.0 0 -1.2927322387695312 509.11810302734375 166.49282836914062 528.485595703125 209.2762451171875 0.73901844 1.7750078 0.6319306 -3.4876935 1.1533706 30.215754 -1.4076499938964844 0.2854185700416565
Pedestrian 0.0 0 1.895855188369751 594.6311645507812 159.70590209960938 611.3355102539062 197.56832885742188 0.8174763 1.9303567 0.63612735 0.07757553 0.8200863 37.10984 1.8979456424713135 0.2787492573261261
Pedestrian 0.0 0 -3.272158622741699 978.6705932617188 149.97967529296875 1046.704345703125 306.9145202636719 0.5882166 1.690243 0.62391895 4.591113 1.3521162 8.133419 -2.758270025253296 0.2783016264438629
Pedestrian 0.0 0 1.9281666278839111 473.608154296875 130.1455841064453 515.3607788085938 221.05706787109375 0.77969325 1.8710899 0.6456036 -2.2963412 0.81538004 15.229796 1.7785143852233887 0.27118730545043945
Pedestrian 0.0 0 -1.7696462869644165 661.33447265625 158.78175354003906 673.4218139648438 189.16531372070312 0.70759165 1.9460638 0.6495938 4.2642527 0.49166957 46.393204 -1.6779884099960327 0.25723862648010254
Pedestrian 0.0 0 2.154040813446045 835.1503295898438 133.953125 872.846435546875 206.37945556640625 0.75467783 1.8490689 0.6184044 6.5820756 0.6363592 18.811342 2.4906258583068848 0.1924068033695221
Pedestrian 0.0 0 1.5136077404022217 465.5901184082031 148.0824432373047 483.4640808105469 200.63323974609375 1.5341349 1.8007334 0.53233635 -4.5226827 0.6567012 25.420063 1.3375322818756104 0.11701349914073944
Cyclist 0.0 0 1.5136077404022217 465.5901184082031 148.0824432373047 483.4640808105469 200.63323974609375 1.5341349 1.8007334 0.53233635 -4.5226827 0.6567012 25.420063 1.3375322818756104 0.2715097665786743
Car 0.0 0 1.8863582611083984 606.203369140625 167.9331512451172 670.0714111328125 205.00668334960938 3.9043665 1.4818894 1.6032852 1.6280998 0.94060194 30.820293 1.9391348361968994 0.6351664066314697
Car 0.0 0 -1.6722227334976196 679.9990844726562 152.29498291015625 734.4739990234375 201.44361877441406 3.8454642 1.7223504 1.6363035 3.9012246 0.69996053 27.125465 -1.5293807983398438 0.26070255041122437
Car 0.0 0 -1.7344460487365723 340.0301818847656 172.0666046142578 411.810546875 223.4903564453125 3.8032453 1.5169138 1.6017462 -7.3907485 1.2397742 23.24496 -2.0422887802124023 0.20881417393684387
