Pedestrian 0.0 0 -1.7526053190231323 1123.3861083984375 144.4765167236328 1149.6220703125 198.19711303710938 0.8873709 1.8771899 0.60415256 18.731401 0.88593715 25.741047 -1.1235387325286865 0.21265007555484772
Pedestrian 0.0 0 -0.1941174864768982 1019.7301635742188 176.9466094970703 1047.9007568359375 220.56649780273438 0.9169165 1.8198118 0.68179387 17.961046 1.9967811 30.661316 0.3357868194580078 0.19771847128868103
Pedestrian 0.0 0 -3.5615298748016357 982.9190063476562 178.4578857421875 1019.8004760742188 236.9285888671875 0.761285 1.759299 0.736825 11.974952 1.9350097 22.17912 -3.0664584636688232 0.1679442673921585
Pedestrian 0.0 0 -2.292451858520508 1001.0032958984375 176.4365234375 1030.7880859375 223.09901428222656 0.73519766 1.7549471 0.67672706 15.49571 1.8946409 27.630083 -1.7813336849212646 0.15063494443893433
Pedestrian 0.0 0 -1.9830436706542969 1084.939697265625 169.2233428955078 1142.1588134765625 265.2491149902344 0.7299137 1.7604846 0.6476413 9.457063 1.6942798 13.646022 -1.377012848854065 0.1466013491153717
Pedestrian 0.0 0 -2.2891478538513184 1166.21923828125 142.67724609375 1212.654052734375 208.64349365234375 0.84590644 1.8169237 0.61305195 16.248985 0.9861164 20.306618 -1.6142961978912354 0.12499493360519409
Cyclist 0.0 0 2.4244065284729004 1104.09619140625 171.69493103027344 1134.4617919921875 198.50341796875 1.7760501 1.8358494 0.56798685 35.105858 1.7568332 49.78204 3.0386080741882324 0.12223926931619644
Car 0.0 0 -1.6627795696258545 850.900634765625 185.00393676757812 908.6834106445312 231.68634033203125 4.0841365 1.5401791 1.6478367 10.01304 2.034164 27.126156 -1.3091663122177124 0.844553530216217
Car 0.0 0 -1.9148751497268677 974.7302856445312 193.28895568847656 1242.0 375.0 3.8267584 1.443892 1.5890115 3.8168378 1.6493361 5.177726 -1.2796392440795898 0.7986328601837158
Car 0.0 0 2.540435314178467 889.7970581054688 187.03439331054688 956.2542724609375 210.75575256347656 3.9349897 1.533741 1.6161696 21.30447 2.5244217 49.217846 2.9489450454711914 0.10978613793849945
