Pedestrian 0.0 0 -2.066275119781494 975.62939453125 174.092041015625 1007.7723999023438 224.607666015625 0.9194467 1.6858572 0.60106725 12.940355 1.7291595 24.562689 -1.581394910812378 0.1197667270898819
Car 0.0 0 2.1241612434387207 0.0 202.4267578125 69.14154052734375 241.3946990966797 3.4148493 1.5179098 1.6238005 -26.432972 2.9292743 32.6272 1.4432611465454102 0.7822313904762268
Car 0.0 0 -3.3414225578308105 910.2227783203125 177.46542358398438 987.022216796875 204.61587524414062 3.7920134 1.5177484 1.6524404 19.61371 1.794558 42.004612 -2.904569387435913 0.7398096919059753
Car 0.0 0 1.8580451011657715 384.7481994628906 174.11395263671875 422.6131591796875 195.31663513183594 4.123232 1.529817 1.6435778 -15.52107 1.6287389 54.37269 1.5799832344055176 0.4061099886894226
Car 0.0 0 2.393399238586426 308.6881103515625 183.21408081054688 357.20941162109375 202.25425720214844 3.8308644 1.5248965 1.6065277 -23.82708 2.4469137 62.11376 2.027107000350952 0.15074147284030914
Car 0.0 0 1.5650575160980225 221.1425018310547 189.7873077392578 248.44830322265625 212.919189453125 3.8743982 1.4959128 1.6838673 -26.998308 2.7625508 51.848034 1.0849716663360596 0.13260310888290405
Car 0.0 0 1.9165453910827637 118.72343444824219 192.24276733398438 159.71481323242188 212.75103759765625 3.7400465 1.5142409 1.6416523 -38.515728 3.1561863 59.079033 1.338810682296753 0.12909643352031708
Car 0.0 0 1.4211204051971436 181.12088012695312 194.12728881835938 225.99667358398438 222.97984313964844 4.032763 1.4978106 1.7263329 -24.121187 2.8196974 42.700306 0.9069135189056396 0.12850764393806458
Car 0.0 0 -2.3738555908203125 0.0 200.41900634765625 239.2481231689453 311.1903076171875 3.5939944 1.4229858 1.5455086 -7.753329 1.8752061 10.800638 -2.996466636657715 0.12837813794612885
Car 0.0 0 2.1026763916015625 0.0 196.0920867919922 166.881591796875 375.0 3.9576316 1.4645766 1.5976985 -6.4638915 1.7775478 7.6175976 1.3990262746810913 0.12818562984466553
