Pedestrian 0.0 0 0.4267275035381317 180.43463134765625 148.89938354492188 287.2450866699219 294.3666076660156 1.0137229 1.7029879 0.54521525 -4.5302987 1.3347217 8.574643 -0.05933166295289993 0.5581355094909668
Pedestrian 0.0 0 -0.3884347379207611 821.3291015625 185.74525451660156 873.557373046875 274.8358154296875 0.786591 1.7135751 0.6545224 4.744143 1.8215997 13.986503 -0.06141853332519531 0.21088646352291107
Pedestrian 0.0 0 -1.6290197372436523 839.6969604492188 175.46530151367188 869.214599609375 245.78207397460938 0.8000065 1.7291312 0.6548659 6.254563 1.6069226 17.856434 -1.292104959487915 0.21050412952899933
Pedestrian 0.0 0 -0.8292168378829956 656.7637939453125 171.2225341796875 711.958984375 267.4331359863281 0.8131887 1.7326918 0.64939487 1.44444 1.5672517 13.24079 -0.720556378364563 0.18645796179771423
Pedestrian 0.0 0 -2.24100661277771 1109.81689453125 187.99880981445312 1224.0 370.0 0.68459135 1.6562809 0.66011417 4.3090534 1.7179459 5.302011 -1.5585572719573975 0.14526551961898804
Pedestrian 0.0 0 -0.795842170715332 982.0859375 193.2102813720703 1121.6529541015625 370.0 0.6584887 1.6143339 0.5879927 3.2617252 1.7174678 5.2728863 -0.24186964333057404 0.14312443137168884
Pedestrian 0.0 0 -0.5370927453041077 55.73170471191406 190.8779296875 100.10208129882812 251.73997497558594 0.80508274 1.6982621 0.654363 -15.230463 2.006484 20.390574 -1.1786303520202637 0.13710923492908478
Pedestrian 0.0 0 -2.2968454360961914 1137.456787109375 157.66395568847656 1224.0 258.9966735839844 1.6471214 1.6282645 0.5340316 10.048754 1.2629777 12.189019 -1.6073962450027466 0.11815478652715683
Cyclist 0.0 0 -2.2968454360961914 1137.456787109375 157.66395568847656 1224.0 258.9966735839844 1.6471214 1.6282645 0.5340316 10.048754 1.2629777 12.189019 -1.6073962450027466 0.22514188289642334
Cyclist 0.0 0 1.4997578859329224 965.0823974609375 130.95826721191406 1013.2607421875 247.59878540039062 1.695217 1.7623562 0.5638452 6.2117453 1.0154757 11.566775 1.9925915002822876 0.14000053703784943
Cyclist 0.0 0 -1.4108392000198364 1147.3580322265625 191.103759765625 1224.0 370.0 1.6678429 1.6281499 0.56268656 5.5709114 1.7401152 6.5914226 -0.7091524600982666 0.13507065176963806
Cyclist 0.0 0 -1.294558048248291 63.29610824584961 152.01344299316406 127.9666976928711 248.173828125 1.7003394 1.658251 0.5295554 -9.427463 1.168657 13.077314 -1.9191749095916748 0.12752072513103485
Cyclist 0.0 0 -2.2404403686523438 0.0 167.79049682617188 85.75865936279297 253.4078369140625 1.7896556 1.6623914 0.70026034 -11.575107 1.4172488 14.259873 -2.922290325164795 0.1258706897497177
Cyclist 0.0 0 0.5103947520256042 41.359622955322266 192.16079711914062 103.26663970947266 254.45358276367188 1.2588968 1.7425994 0.66627747 -15.347405 2.0866313 20.345009 -0.13588915765285492 0.1246819868683815
Car 0.0 0 1.8265825510025024 48.218421936035156 185.1293182373047 132.56741333007812 228.92018127441406 4.002341 1.4696779 1.574673 -19.064457 1.6576693 26.328987 1.1998735666275024 0.21615979075431824
Car 0.0 0 -2.500750780105591 212.51629638671875 198.5795440673828 372.6521301269531 256.4087829589844 3.8589575 1.4337213 1.5763074 -8.602913 1.963966 19.471956 -2.9167733192443848 0.13934752345085144
