Pedestrian 0.0 0 -1.7820097208023071 757.9097290039062 156.0245361328125 789.5045166015625 226.7735137939453 0.9877493 1.8240621 0.6192616 4.274347 1.39052 19.096697 -1.5618125200271606 0.6662090420722961
Pedestrian 0.0 0 1.772918462753296 768.29345703125 111.44365692138672 821.181396484375 244.40354919433594 0.8359956 1.8508198 0.59646636 2.6567771 0.9963374 10.547166 2.0196797847747803 0.30452850461006165
Pedestrian 0.0 0 1.8729273080825806 1202.1944580078125 117.19699096679688 1242.0 214.17465209960938 0.7750176 1.8638214 0.61003494 12.24458 0.7945026 14.32907 2.5800437927246094 0.23415155708789825
Pedestrian 0.0 0 2.0824429988861084 216.32342529296875 138.1324005126953 259.088623046875 217.8846893310547 0.725461 1.8257163 0.61410534 -8.75412 1.0312158 16.887724 1.6042062044143677 0.2147381454706192
Pedestrian 0.0 0 -1.3620023727416992 444.76324462890625 162.34054565429688 460.7500915527344 200.15887451171875 0.7095797 1.9320608 0.67420036 -8.14421 1.3953085 37.21617 -1.5774414539337158 0.15850187838077545
Cyclist 0.0 0 1.8573284149169922 341.7781677246094 173.7855224609375 421.37066650390625 309.6768798828125 1.8597906 1.7532057 0.5781591 -3.2492688 1.7680138 10.254595 1.5504765510559082 0.8550165295600891
Cyclist 0.0 0 -1.7901082038879395 757.83056640625 155.99053955078125 789.1188354492188 226.9674835205078 0.9883203 1.8301184 0.60417163 4.2682414 1.3956574 19.096216 -1.5702100992202759 0.18471966683864594
Cyclist 0.0 0 -1.3125312328338623 397.82940673828125 165.88345336914062 420.2197570800781 210.7728729248047 1.6499326 1.749848 0.461875 -8.094284 1.4784855 28.951935 -1.5851472616195679 0.18429376184940338
Car 0.0 0 1.7898367643356323 461.8982238769531 181.22755432128906 525.198486328125 223.4130401611328 4.1957736 1.5413449 1.667483 -4.6906257 1.9073055 29.356195 1.6313929557800293 0.8081235289573669
Car 0.0 0 2.030092716217041 106.3294677734375 188.99754333496094 373.4308776855469 324.2016906738281 4.3668036 1.4981877 1.6884556 -5.1457176 1.7872725 10.709083 1.582166075706482 0.7949577569961548
Car 0.0 0 -1.4859319925308228 664.3042602539062 175.91744995117188 708.0166015625 211.8790740966797 3.5104752 1.4493704 1.5934976 3.307946 1.590466 31.271124 -1.380541205406189 0.48483312129974365
Car 0.0 0 1.7707266807556152 681.074462890625 171.74630737304688 722.7378540039062 199.92481994628906 3.9391744 1.536552 1.626462 5.2942142 1.4765081 41.46854 1.8977079391479492 0.1730574518442154
