Car 0.0 0 3.5383572578430176 130.08621215820312 185.3647918701172 394.1628723144531 272.61199951171875 4.076487 1.4684155 1.6311142 -6.3036175 1.7153221 13.308953 3.0960211753845215 0.8182295560836792
Car 0.0 0 -0.3000144362449646 703.54150390625 184.14828491210938 804.4547729492188 222.32969665527344 3.887223 1.5350083 1.6464876 6.030254 2.030956 30.634466 -0.10565397888422012 0.8169373869895935
Car 0.0 0 -0.5127066373825073 853.2647705078125 189.79867553710938 1202.2218017578125 301.2232971191406 4.3839192 1.5400237 1.7064577 6.170091 1.821372 11.097598 -0.0052804965525865555 0.8099521994590759
Car 0.0 0 -0.39391452074050903 789.7355346679688 189.35177612304688 964.0803833007812 251.05441284179688 3.9029453 1.4774622 1.6267569 6.767508 1.9251461 18.659052 -0.045976947993040085 0.7500439882278442
Car 0.0 0 0.34892719984054565 238.88116455078125 188.81138610839844 446.2207946777344 260.98297119140625 3.9701662 1.4733982 1.6276541 -5.830116 1.843739 15.908068 -0.002360079437494278 0.7377381324768066
Car 0.0 0 -0.4300606846809387 765.7308349609375 181.61009216308594 914.0112915039062 236.48312377929688 3.7878509 1.4927099 1.5993575 6.582623 1.7602911 20.985981 -0.1261124461889267 0.7043133974075317
Car 0.0 0 -0.6994219422340393 1086.55322265625 190.24728393554688 1242.0 375.0 3.6565878 1.4817098 1.5794886 6.6196795 1.6619959 6.5017962 0.09495997428894043 0.6909727454185486
Car 0.0 0 -2.740387201309204 330.1352233886719 184.6639404296875 492.1345520019531 242.07177734375 4.10871 1.5042001 1.6456734 -5.620154 1.8569342 20.43823 -3.008737087249756 0.6341690421104431
Car 0.0 0 1.6068971157073975 645.5699462890625 183.33859252929688 674.1455078125 209.62631225585938 4.117358 1.504898 1.6377411 3.1257677 2.1921942 45.138264 1.6760355234146118 0.623953104019165
Car 0.0 0 3.3438632488250732 369.7252197265625 175.1111297607422 497.2824401855469 220.34414672851562 4.1350813 1.5382539 1.6624775 -6.210032 1.621321 25.531013 3.10526180267334 0.5340763330459595
Car 0.0 0 0.8905341029167175 0.0 145.9287567138672 266.3426513671875 370.13653564453125 3.9931517 1.516356 1.6220121 -5.2476997 1.3346139 6.020903 0.1736443042755127 0.48372629284858704
Car 0.0 0 -2.3921170234680176 0.0 0.0 1242.0 375.0 4.1031313 1.4896133 1.6323112 2.7241485 1.6539037 2.086232 -1.474875569343567 0.4579295516014099
