Car 0.0 0 2.086272716522217 30.41657066345215 201.75250244140625 303.00091552734375 341.02691650390625 3.8148966 1.4571539 1.5742848 -5.996471 1.9453619 10.260047 1.5573666095733643 0.9156866073608398
Car 0.0 0 1.7942227125167847 426.85736083984375 187.9642791748047 490.4256896972656 230.77110290527344 4.028852 1.485082 1.6008681 -5.9313693 2.1246135 28.4901 1.5889642238616943 0.866752564907074
Car 0.0 0 1.9235692024230957 243.701904296875 196.74334716796875 385.6473083496094 283.31622314453125 3.600958 1.4533406 1.552879 -5.986485 2.0086656 14.937294 1.5423954725265503 0.860887348651886
Car 0.0 0 1.8289188146591187 349.6809997558594 191.69395446777344 444.7569885253906 251.9314422607422 4.0958543 1.4691021 1.6465777 -6.0914073 2.070688 20.955545 1.5460320711135864 0.8445053100585938
Car 0.0 0 -1.7381045818328857 677.3560180664062 174.0707244873047 750.5939331054688 224.64315795898438 4.1732225 1.4558871 1.6094834 3.161561 1.498561 22.980795 -1.601388692855835 0.8357723951339722
Car 0.0 0 -3.6059653759002686 895.0670166015625 152.42062377929688 1106.5262451171875 220.95169067382812 4.082352 1.5340937 1.6514491 9.044148 1.0770429 17.023571 -3.117614269256592 0.7851754426956177
Car 0.0 0 2.5426182746887207 883.337646484375 152.37002563476562 1041.078125 211.08212280273438 3.5775013 1.5040206 1.567153 9.42684 0.9796431 19.521397 2.992490768432617 0.5997551679611206
Car 0.0 0 1.394026517868042 649.0000610351562 176.1720428466797 691.781494140625 207.52366638183594 3.8721042 1.5501235 1.5843929 3.0975556 1.734906 38.099148 1.4751505851745605 0.5809460282325745
Car 0.0 0 -1.696541428565979 664.4832763671875 175.95169067382812 717.0145874023438 216.18638610839844 3.6375096 1.4608213 1.5898179 3.0602608 1.5905976 28.309528 -1.5888595581054688 0.580640971660614
Car 0.0 0 -0.5837212204933167 828.8289184570312 161.07846069335938 971.1655883789062 212.36241149902344 3.7903426 1.4825339 1.5770043 8.764027 1.1424805 22.013206 -0.20483152568340302 0.5586590766906738
Car 0.0 0 1.838015079498291 459.0278015136719 184.32135009765625 513.7849731445312 219.3929901123047 3.8909035 1.5115864 1.6042784 -5.8660593 2.0911722 34.427994 1.669249415397644 0.5118348598480225
