Pedestrian 0.0 0 1.2567088603973389 695.4166870117188 174.6260528564453 708.4111328125 202.83734130859375 0.7544304 1.7952482 0.625687 5.876218 1.9106117 46.395863 1.3826919794082642 0.22767534852027893
Pedestrian 0.0 0 -2.2189295291900635 1036.5364990234375 200.47561645507812 1083.305908203125 262.6201477050781 0.9630432 1.7965717 0.775718 13.553086 2.652447 21.829964 -1.6633214950561523 0.21938280761241913
Pedestrian 0.0 0 -0.5262831449508667 1177.5325927734375 116.38701629638672 1242.0 203.00352478027344 1.4253376 1.8217137 0.5965375 13.193964 0.63446105 15.591061 0.17603087425231934 0.1268845647573471
Cyclist 0.0 0 -0.5262831449508667 1177.5325927734375 116.38701629638672 1242.0 203.00352478027344 1.4253376 1.8217137 0.5965375 13.193964 0.63446105 15.591061 0.17603087425231934 0.21940387785434723
Car 0.0 0 2.036264181137085 165.64462280273438 183.07801818847656 261.6715393066406 231.03628540039062 3.5343792 1.5221514 1.5439569 -13.90924 1.9086505 25.455467 1.5361777544021606 0.8410286903381348
Car 0.0 0 1.9165529012680054 336.81939697265625 182.20700073242188 393.0163879394531 210.89752197265625 4.277326 1.4950595 1.684294 -13.932255 2.0568674 41.15581 1.5901374816894531 0.743853747844696
Car 0.0 0 2.0740416049957275 113.93743896484375 185.47055053710938 216.93258666992188 229.94847106933594 3.9762826 1.49576 1.6113541 -16.802956 2.0112326 27.433218 1.5244786739349365 0.5557349324226379
Car 0.0 0 2.1843302249908447 43.6102180480957 178.42416381835938 156.47366333007812 223.4792938232422 4.213649 1.7015446 1.6951016 -20.993832 1.9488292 29.875532 1.57178795337677 0.5515792965888977
Car 0.0 0 2.1861395835876465 302.0497131347656 179.81716918945312 366.23748779296875 206.99459838867188 3.9518602 1.5127205 1.6187594 -16.534569 1.951936 43.35755 1.8218101263046265 0.44254404306411743
Car 0.0 0 2.1938700675964355 434.1685791015625 175.80624389648438 477.1666259765625 193.65618896484375 4.083827 1.5038053 1.638738 -13.603021 1.7738532 63.71125 1.983518123626709 0.2134152203798294
