Pedestrian 0.0 0 -0.6730559468269348 1049.25 137.04354858398438 1172.8475341796875 306.1620178222656 0.99004936 1.796453 0.53977317 5.5173516 1.3365289 7.803567 -0.05762781947851181 0.7235086560249329
Pedestrian 0.0 0 -1.4920203685760498 839.1123046875 176.10682678222656 868.8842163085938 247.0043182373047 0.8266315 1.7392418 0.6478354 6.2555437 1.6330675 17.849152 -1.154929280281067 0.2200472354888916
Pedestrian 0.0 0 -3.461094856262207 823.6336669921875 191.98451232910156 870.712158203125 281.7325744628906 0.6946346 1.7176038 0.6948251 4.7312503 1.9518412 13.965944 -3.1344587802886963 0.20147261023521423
Pedestrian 0.0 0 -3.1614458560943604 630.0811767578125 170.70831298828125 683.8221435546875 269.9162902832031 0.9629361 1.7786772 0.59518874 0.90305066 1.604766 12.992618 -3.092052459716797 0.1824600249528885
Pedestrian 0.0 0 -2.2030367851257324 1110.515625 189.45240783691406 1224.0 370.0 0.6809074 1.6672814 0.65967566 4.319368 1.7408895 5.317159 -1.5208134651184082 0.16300535202026367
Pedestrian 0.0 0 -1.1849685907363892 483.984619140625 160.8708038330078 534.1939086914062 261.606689453125 0.963309 1.7990793 0.61166203 -1.8158944 1.4501566 13.164599 -1.3220412731170654 0.14827308058738708
Pedestrian 0.0 0 -1.8271960020065308 830.1668090820312 138.27169799804688 879.9208374023438 243.8806610107422 0.9410476 1.8101517 0.61376035 4.398822 1.0879999 12.607295 -1.4914917945861816 0.1333250105381012
Pedestrian 0.0 0 -2.3390655517578125 1140.5496826171875 160.71517944335938 1224.0 263.8423156738281 1.5022398 1.6633989 0.5386574 10.055734 1.3459315 12.169193 -1.648476481437683 0.10093644261360168
Cyclist 0.0 0 -1.3789722919464111 1145.8553466796875 176.4236602783203 1224.0 370.0 1.8441858 1.6497067 0.65372324 5.672324 1.6182097 6.581797 -0.6676560044288635 0.22070051729679108
Cyclist 0.0 0 -2.241753101348877 0.0 175.8063507080078 74.29934692382812 260.0457458496094 1.8553319 1.628957 0.6509838 -11.757113 1.5398271 14.177004 -2.9341113567352295 0.15894043445587158
Cyclist 0.0 0 -0.6539336442947388 1040.7637939453125 139.64825439453125 1168.1319580078125 309.3493957519531 1.0401311 1.8042599 0.53229547 5.4422297 1.3716148 7.801543 -0.044831130653619766 0.15605702996253967
Cyclist 0.0 0 -2.3390655517578125 1140.5496826171875 160.71517944335938 1224.0 263.8423156738281 1.5022398 1.6633989 0.5386574 10.055734 1.3459315 12.169193 -1.648476481437683 0.13670313358306885
Car 0.0 0 2.2420806884765625 0.0 184.5798797607422 124.52313232421875 234.9932403564453 4.236202 1.521506 1.6465422 -18.486485 1.6726868 23.80493 1.5817830562591553 0.24572612345218658
