Pedestrian 0.0 0 -1.818496584892273 911.5908203125 144.88632202148438 945.3883666992188 216.9426727294922 0.77769125 1.8247204 0.6281135 8.198782 1.1168385 18.704382 -1.4053856134414673 0.1825755089521408
Pedestrian 0.0 0 0.26093941926956177 368.6579284667969 183.31944274902344 398.45947265625 247.28541564941406 0.64035887 1.7109762 0.6204443 -6.233099 2.0022144 19.72758 -0.04509325698018074 0.15234661102294922
Pedestrian 0.0 0 -2.031254529953003 303.0291748046875 172.5045166015625 330.72930908203125 224.83401489257812 0.7423498 1.7617779 0.6144159 -10.106858 1.7503701 24.765205 -2.4187302589416504 0.14936348795890808
Pedestrian 0.0 0 0.5415761470794678 198.77684020996094 140.45370483398438 242.76300048828125 214.18795776367188 0.798297 1.8609009 0.60247374 -10.035328 1.0435423 18.526325 0.04514360427856445 0.1450231373310089
Pedestrian 0.0 0 0.46814393997192383 411.39373779296875 150.85824584960938 438.5508728027344 198.52279663085938 0.8798086 1.8866764 0.5997592 -7.461541 1.0163902 28.944569 0.2158496379852295 0.12658604979515076
Pedestrian 0.0 0 -1.8524839878082275 824.9059448242188 133.95944213867188 856.9122924804688 200.8742218017578 1.1168855 1.8692923 0.5850531 6.571843 0.7831147 20.71942 -1.5453386306762695 0.12120253592729568
Pedestrian 0.0 0 -0.8296643495559692 0.0 134.41879272460938 87.2403564453125 227.96766662597656 1.5384518 1.7778306 0.5163763 -11.411295 1.0477543 14.495826 -1.4965592622756958 0.11924093216657639
Pedestrian 0.0 0 -1.3773607015609741 357.14642333984375 173.86009216308594 376.1103820800781 217.80767822265625 0.7874512 1.7164853 0.57359636 -9.693315 1.7573608 28.626667 -1.703853964805603 0.10875009000301361
Cyclist 0.0 0 -0.8296643495559692 0.0 134.41879272460938 87.2403564453125 227.96766662597656 1.5384518 1.7778306 0.5163763 -11.411295 1.0477543 14.495826 -1.4965592622756958 0.20043735206127167
Cyclist 0.0 0 1.2883280515670776 823.8824462890625 134.67271423339844 856.710693359375 200.90585327148438 1.2624413 1.8538525 0.570187 6.587903 0.78552395 20.830791 1.594632863998413 0.1138363778591156
Car 0.0 0 1.7042118310928345 569.3428955078125 174.86734008789062 600.7177124023438 198.4228515625 4.127406 1.5494237 1.6380424 -1.7153924 1.6951442 49.957752 1.6698884963989258 0.6397979259490967
