Pedestrian 0.0 0 -0.6742782592773438 338.6412658691406 177.70359802246094 359.4070129394531 215.38677978515625 0.6151365 1.7261987 0.6831032 -12.043261 1.3832141 33.366467 -1.020664930343628 0.33814480900764465
Pedestrian 0.0 0 -1.6296255588531494 706.507568359375 178.86424255371094 737.4287109375 260.2419128417969 1.4861996 1.7250619 0.5868147 2.4791365 1.5915532 16.00224 -1.4759231805801392 0.15526334941387177
Cyclist 0.0 0 -1.6296255588531494 706.507568359375 178.86424255371094 737.4287109375 260.2419128417969 1.4861996 1.7250619 0.5868147 2.4791365 1.5915532 16.00224 -1.4759231805801392 0.255439817905426
Car 0.0 0 -1.3305153846740723 387.1618347167969 186.10536193847656 489.5783386230469 251.8398895263672 4.1306453 1.5113935 1.6365445 -4.2961535 1.53819 18.657188 -1.5568382740020752 0.8611002564430237
Car 0.0 0 -1.4212815761566162 467.9557800292969 179.4283447265625 519.2831420898438 218.96644592285156 3.6534626 1.5404799 1.5773783 -4.7090364 1.3161255 29.836447 -1.5778186321258545 0.7982947826385498
Car 0.0 0 -1.3127257823944092 350.2513122558594 185.57568359375 416.2137756347656 225.6809539794922 3.5943882 1.4392065 1.5549228 -8.5930805 1.4551051 27.654818 -1.6139940023422241 0.6988232135772705
Car 0.0 0 1.9518054723739624 395.00274658203125 179.90403747558594 439.44830322265625 202.71923828125 3.7587104 1.4577719 1.5787123 -12.661594 1.1195159 47.88912 1.6933261156082153 0.531350314617157
Car 0.0 0 1.5741314888000488 419.9012451171875 180.70809936523438 451.2579040527344 209.99481201171875 3.5257018 1.4791596 1.5479783 -9.172009 1.25263 38.196575 1.3384668827056885 0.4138542115688324
Car 0.0 0 1.6990175247192383 493.794921875 178.94102478027344 532.0761108398438 207.35226440429688 3.974533 1.4994341 1.6139252 -5.242327 1.1694127 39.923794 1.5684561729431152 0.4124402701854706
Car 0.0 0 -1.5371694564819336 578.1270141601562 179.888916015625 608.5872802734375 207.0680389404297 3.557855 1.4603242 1.5953767 -0.8003174 1.1752493 40.40985 -1.5569719076156616 0.3122522234916687
Car 0.0 0 -1.1855138540267944 248.4465789794922 185.7462615966797 363.48974609375 247.4080352783203 3.9681773 1.5764692 1.6269547 -8.450188 1.5941283 20.399113 -1.5782380104064941 0.2503937780857086
