Pedestrian 0.0 0 -1.7340772151947021 828.0225219726562 159.10626220703125 860.023193359375 231.62039184570312 1.1475219 1.8141998 0.6051117 5.9913816 1.4706092 18.661064 -1.4234100580215454 0.3899264931678772
Pedestrian 0.0 0 -3.2223281860351562 1023.8460083007812 131.0819091796875 1072.0341796875 226.2924346923828 0.76941955 1.8320094 0.60418206 8.628996 1.0286024 14.322641 -2.6800928115844727 0.2286306619644165
Pedestrian 0.0 0 -1.7922372817993164 969.6611938476562 147.52284240722656 1003.404541015625 220.17384338378906 0.67418784 1.8533804 0.6461214 9.760734 1.207522 18.812387 -1.313626766204834 0.2023306041955948
Pedestrian 0.0 0 -2.017442464828491 1059.9937744140625 177.71774291992188 1086.4710693359375 220.62229919433594 0.82697576 1.7065136 0.6041912 18.727072 1.9070408 29.245008 -1.4478802680969238 0.1631062924861908
Cyclist 0.0 0 -1.7784860134124756 827.9171142578125 159.4493865966797 861.9041748046875 232.0594482421875 1.2025951 1.8165119 0.5976332 6.018398 1.4815221 18.677305 -1.4667609930038452 0.3610254228115082
Cyclist 0.0 0 -3.419534683227539 994.0681762695312 163.4281463623047 1053.5826416015625 210.3749237060547 1.8383071 1.7271951 0.6117743 15.456418 1.380771 27.059427 -2.9005589485168457 0.2871129810810089
Car 0.0 0 2.203427314758301 0.0 170.9071044921875 167.78041076660156 282.36212158203125 3.960593 1.4806579 1.5953639 -9.115612 1.4551514 11.588916 1.536922812461853 0.2129179984331131
Car 0.0 0 1.7190812826156616 319.9117736816406 174.97372436523438 383.8446350097656 221.2451171875 4.099227 1.5611894 1.6368498 -9.503375 1.6463931 26.70929 1.377241849899292 0.16942033171653748
Car 0.0 0 -0.677777886390686 0.0 233.94015502929688 127.85659790039062 375.0 3.817443 1.4769573 1.6132952 -6.609445 2.1956284 6.5024457 -1.4713363647460938 0.15884532034397125
Car 0.0 0 1.4281744956970215 1116.3302001953125 190.67469787597656 1178.835693359375 228.69984436035156 3.896503 1.4848677 1.6940882 23.915907 2.3346796 32.273838 2.065910577774048 0.14397874474525452
