Pedestrian 0.0 0 2.5770912170410156 997.0292358398438 138.7100830078125 1055.4659423828125 226.08750915527344 0.8917381 1.7845633 0.5486152 8.798441 0.91187847 14.957155 3.108820915222168 0.5612791776657104
Pedestrian 0.0 0 2.6843113899230957 370.69024658203125 174.0643310546875 417.3116760253906 249.7725372314453 0.9164942 1.7902076 0.61188895 -5.091049 1.6155838 17.518177 2.40148663520813 0.4874662756919861
Pedestrian 0.0 0 3.0545897483825684 389.04327392578125 164.7651824951172 425.4465637207031 243.32888793945312 0.7714454 1.7931417 0.6019251 -4.583676 1.4123967 16.80851 2.788363218307495 0.46112388372421265
Pedestrian 0.0 0 -1.369001030921936 495.4502868652344 179.54080200195312 533.1323852539062 254.56475830078125 0.8676508 1.690183 0.70945597 -2.044036 1.64726 16.6411 -1.491219401359558 0.4097760021686554
Pedestrian 0.0 0 -1.3249510526657104 41.82431411743164 119.4119873046875 106.48726654052734 236.9408416748047 0.97108966 1.772197 0.61128247 -8.383315 0.83728814 11.394169 -1.9592727422714233 0.2855938673019409
Pedestrian 0.0 0 0.03286285698413849 462.7372741699219 180.97154235839844 498.9346008300781 256.1688537597656 0.8052602 1.6970165 0.68037397 -2.8130488 1.6863048 16.599709 -0.13500607013702393 0.22940824925899506
Pedestrian 0.0 0 1.8192552328109741 743.8910522460938 139.72177124023438 765.0851440429688 190.3140106201172 0.86129045 1.8783928 0.5920388 5.776338 0.32828417 27.184921 2.0286245346069336 0.22214925289154053
Pedestrian 0.0 0 0.6259538531303406 36.826629638671875 174.94485473632812 115.2074966430664 298.9319152832031 0.64503396 1.653134 0.5940867 -7.2535615 1.5670602 9.874516 -0.007601194083690643 0.18932609260082245
Pedestrian 0.0 0 -0.2654078006744385 1041.443115234375 117.47469329833984 1103.7166748046875 229.94248962402344 0.73445624 1.8137882 0.6010797 7.800124 0.7825332 11.9807825 0.3117072582244873 0.17397035658359528
Pedestrian 0.0 0 0.8868986368179321 286.0805969238281 126.72953796386719 340.6546325683594 223.63836669921875 0.8031002 1.8627048 0.6444473 -5.7634716 0.81120527 14.280593 0.5033032894134521 0.16638058423995972
Pedestrian 0.0 0 -1.1206185817718506 127.54191589355469 122.02556610107422 220.10646057128906 259.5085754394531 1.4622155 1.7678868 0.52360946 -5.9425297 1.0044407 9.985438 -1.6574417352676392 0.13424880802631378
Cyclist 0.0 0 -1.934589147567749 1067.6756591796875 137.8383026123047 1123.777099609375 216.17587280273438 1.79059 1.7674551 0.49111742 11.719662 0.78357285 17.132385 -1.3346381187438965 0.4929715394973755
Cyclist 0.0 0 -1.1128448247909546 123.80895233154297 122.74214172363281 225.93310546875 261.1222229003906 1.7455126 1.7663887 0.51118356 -5.9552283 1.0176922 10.056534 -1.6474908590316772 0.23414087295532227
Cyclist 0.0 0 0.4476488530635834 534.42822265625 162.52093505859375 567.7544555664062 197.327392578125 1.6409004 1.8299443 0.6871665 -2.693874 0.8329712 38.38561 0.37758445739746094 0.19566017389297485
Cyclist 0.0 0 -1.3635042905807495 39.811866760253906 125.21527099609375 104.52997589111328 244.00648498535156 1.19443 1.7703416 0.5942021 -8.391981 0.9328397 11.369378 -1.9993596076965332 0.17958524823188782
Cyclist 0.0 0 -2.004944086074829 870.971923828125 202.93048095703125 994.4019165039062 374.0 1.5363015 1.6040926 0.3450942 2.7805443 1.8158803 6.279431 -1.5880922079086304 0.17310912907123566
Cyclist 0.0 0 -1.3636023998260498 494.7202453613281 179.22161865234375 532.9826049804688 254.63609313964844 0.9418156 1.6954988 0.7039783 -2.0537403 1.6454908 16.6462 -1.4863580465316772 0.16296884417533875
Car 0.0 0 -1.8296841382980347 710.4481811523438 157.1874542236328 850.875 261.9629821777344 3.6274738 1.7173637 1.6577231 3.18128 1.320149 13.608729 -1.6000404357910156 0.8900364637374878
Car 0.0 0 2.951695442199707 489.34478759765625 171.93263244628906 544.333740234375 192.42462158203125 3.8237014 1.484807 1.6102968 -6.277338 0.79217976 53.391605 2.8346610069274902 0.196586474776268
Car 0.0 0 2.1180248260498047 990.6956176757812 167.64630126953125 1238.0 374.0 3.8402696 1.4791634 1.5967555 4.372475 1.4258254 3.9883358 2.949335813522339 0.17386212944984436
Car 0.0 0 -1.9334821701049805 525.3591918945312 171.5008087158203 576.3685302734375 200.42715454101562 3.5736866 1.4842929 1.5767096 -2.781451 0.9720694 38.809875 -2.005028486251831 0.17013558745384216
