Pedestrian 0.0 0 2.406989336013794 926.0773315429688 134.85472106933594 964.1494750976562 198.64109802246094 0.8440121 1.877932 0.6120618 10.008991 0.75955486 21.657616 2.8398983478546143 0.17689865827560425
Pedestrian 0.0 0 -1.6879409551620483 715.9742431640625 176.88589477539062 743.83984375 237.5724334716797 0.9297417 1.6917605 0.680196 3.3764613 1.8102328 20.654982 -1.5259045362472534 0.13872987031936646
Cyclist 0.0 0 -3.283421516418457 688.2247924804688 172.24453735351562 755.4537353515625 233.2242889404297 1.8391936 1.7372371 0.74299884 3.180266 1.7202326 20.93268 -3.132646322250366 0.2040862888097763
Cyclist 0.0 0 -1.3802794218063354 477.3085632324219 176.85316467285156 502.5940856933594 232.7937774658203 1.7145236 1.7471031 0.50054485 -3.943997 1.8826125 23.518396 -1.5464317798614502 0.17601321637630463
Cyclist 0.0 0 2.1108462810516357 564.74462890625 184.39614868164062 582.4121704101562 209.3755645751953 1.5922079 1.7223262 0.5104762 -2.612528 2.556994 51.33008 2.0599935054779053 0.1448693573474884
Cyclist 0.0 0 -1.4800689220428467 513.053466796875 177.7688751220703 530.3724365234375 222.46450805664062 1.5518363 1.7499785 0.56019115 -3.606421 1.9546323 29.20483 -1.6029340028762817 0.13588741421699524
Car 0.0 0 1.5992145538330078 653.9570922851562 186.47962951660156 680.256591796875 212.96070861816406 3.7536354 1.5996829 1.6237825 3.7650056 2.5348632 47.54721 1.6782342195510864 0.6636427044868469
Car 0.0 0 2.3778305053710938 0.0 136.95484924316406 228.87045288085938 375.0 3.914274 1.4809022 1.5982567 -3.5913277 1.4158894 3.2859428 1.5480564832687378 0.556760311126709
Car 0.0 0 -1.4588336944580078 688.8822631835938 179.67413330078125 752.1112060546875 233.26869201660156 3.2544062 1.4811 1.5660949 3.4082117 1.7077665 22.164309 -1.3062585592269897 0.21500679850578308
Car 0.0 0 1.4393645524978638 692.96630859375 155.73545837402344 734.12158203125 189.56771850585938 3.6995797 1.6786535 1.645207 5.314206 0.8296419 37.654686 1.57956862449646 0.11753139644861221
