Pedestrian 0.0 0 -0.005158319603651762 596.6452026367188 168.28765869140625 606.7352905273438 192.54090881347656 0.7549917 1.8146052 0.60650486 -0.24229626 0.9021555 53.20265 -0.009712502360343933 0.3091469407081604
Pedestrian 0.0 0 -3.5483152866363525 896.4888305664062 136.59754943847656 930.787109375 189.7068328857422 0.9783174 1.8850628 0.5796935 11.047589 0.32831278 25.382765 -3.137803554534912 0.19405320286750793
Pedestrian 0.0 0 -0.914146900177002 491.2386474609375 168.63035583496094 514.9484252929688 201.0484161376953 1.1696509 1.7561522 0.73358625 -5.624147 1.1145514 38.98687 -1.0574159622192383 0.1651734560728073
Pedestrian 0.0 0 -0.8327221274375916 36.34693908691406 180.56431579589844 70.37837982177734 218.50656127929688 1.2230552 1.6982238 0.545112 -25.187872 1.7026705 32.273464 -1.4954290390014648 0.1590232104063034
Cyclist 0.0 0 -0.10892744362354279 607.0902099609375 166.5523681640625 633.7905883789062 191.36480712890625 1.9074638 1.8139775 0.644093 1.1403533 0.7955781 52.089405 -0.08703871071338654 0.35861945152282715
Cyclist 0.0 0 -1.180498719215393 407.5357666015625 175.20582580566406 428.2879943847656 206.19683837890625 1.8484621 1.7288606 0.48105767 -10.682679 1.4349124 40.386223 -1.439089298248291 0.27987778186798096
Cyclist 0.0 0 2.3020834922790527 34.98502731323242 181.7139434814453 71.6498794555664 220.0245819091797 1.4144592 1.7082359 0.50676936 -25.19932 1.7663767 32.29021 1.639407753944397 0.2283269315958023
Cyclist 0.0 0 -2.1065194606781006 835.7714233398438 139.6754913330078 865.47900390625 183.567138671875 1.5554976 1.8584195 0.49257264 10.646426 0.13134526 30.743633 -1.773147463798523 0.17249749600887299
Cyclist 0.0 0 -0.35287559032440186 491.154052734375 168.9188690185547 516.0421752929688 201.13580322265625 1.1677811 1.746683 0.7548178 -5.5958953 1.120199 38.9383 -0.49561017751693726 0.16418367624282837
Cyclist 0.0 0 -3.537720203399658 895.7123413085938 136.64508056640625 932.1653442382812 190.12335205078125 1.0604347 1.8982334 0.5711769 11.059058 0.3431104 25.385393 -3.126866579055786 0.10188701003789902
Car 0.0 0 -1.467216968536377 535.0648803710938 170.7098388671875 564.9693603515625 194.6598663330078 3.7220778 1.5275234 1.6065167 -3.6136706 0.90444946 46.97222 -1.5439977645874023 0.6241796612739563
Car 0.0 0 1.8090314865112305 8.410223960876465 191.8309783935547 53.965492248535156 216.3212890625 3.5126855 1.5232788 1.6039906 -38.642715 2.3198435 47.688923 1.1280367374420166 0.3618445098400116
Car 0.0 0 2.6960394382476807 848.6944580078125 145.56732177734375 954.5608520507812 181.00367736816406 4.231446 1.6006455 1.6705227 13.720753 0.024211917 32.8724 3.0914504528045654 0.2994373142719269
Car 0.0 0 -1.4499831199645996 608.3638305664062 170.7459259033203 635.4160766601562 191.65234375 3.8843567 1.5325466 1.6057081 1.3308624 0.81880003 53.863384 -1.4252800941467285 0.1946098953485489
Car 0.0 0 1.2138941287994385 997.775146484375 142.20465087890625 1059.1416015625 174.6802215576172 3.5624926 1.5874712 1.6131897 22.148977 -0.31992385 37.135075 1.7516944408416748 0.18577440083026886
