Pedestrian 0.0 0 -0.38356468081474304 597.4086303710938 134.75448608398438 694.8186645507812 288.8822326660156 1.0337895 1.7919754 0.6259532 0.44706357 1.2617959 8.67997 -0.33210495114326477 0.556908130645752
Pedestrian 0.0 0 0.9153954982757568 1129.541015625 136.53506469726562 1204.180419921875 248.83726501464844 0.7865643 1.7627223 0.59151673 9.068108 1.0742946 11.49005 1.5835248231887817 0.2295880913734436
Pedestrian 0.0 0 -1.6451027393341064 838.7985229492188 173.0806427001953 868.4089965820312 244.0132598876953 0.77272886 1.7444439 0.6467048 6.227688 1.5635773 17.840303 -1.3092480897903442 0.2142619490623474
Pedestrian 0.0 0 -1.541993498802185 1132.5863037109375 196.74859619140625 1224.0 370.0 0.77844477 1.6684439 0.7271796 5.2922134 1.8319688 6.5047765 -0.8590214252471924 0.1956329494714737
Pedestrian 0.0 0 -1.1117100715637207 650.57958984375 170.73667907714844 711.48779296875 270.6291198730469 1.19387 1.766159 0.6724181 1.3885535 1.5951809 13.180287 -1.006746530532837 0.19432075321674347
Pedestrian 0.0 0 -0.44119054079055786 821.1251220703125 186.10926818847656 869.0897827148438 275.58673095703125 0.67268044 1.7160087 0.67451257 4.695481 1.8315194 13.975985 -0.11707082390785217 0.15730047225952148
Pedestrian 0.0 0 -2.1695961952209473 1110.7432861328125 185.22438049316406 1224.0 370.0 0.6759965 1.6650565 0.6747375 4.3180995 1.704721 5.310623 -1.4869146347045898 0.14792264997959137
Pedestrian 0.0 0 -0.7494733333587646 986.9160766601562 191.77352905273438 1127.6082763671875 370.0 0.6593196 1.619304 0.5905929 3.3019292 1.7108368 5.276328 -0.19029849767684937 0.11641373485326767
Cyclist 0.0 0 -1.5900095701217651 879.7054443359375 176.1289520263672 923.7207641601562 302.1841125488281 1.8710808 1.6731541 0.5443274 4.2686243 1.6168088 10.350301 -1.1988462209701538 0.18515543639659882
Cyclist 0.0 0 -1.0990837812423706 1111.33935546875 193.3889617919922 1224.0 370.0 1.3072162 1.6293309 0.72111547 5.417737 1.7607546 6.522268 -0.4059298038482666 0.183408722281456
Cyclist 0.0 0 -0.6228756904602051 641.7029418945312 172.71414184570312 715.6497802734375 270.5574645996094 1.2063136 1.7280881 0.65230274 1.3195332 1.5922197 13.066319 -0.5222295522689819 0.12131727486848831
Car 0.0 0 -1.1506106853485107 294.74713134765625 196.8935546875 401.9438171386719 254.3563690185547 3.5506253 1.4076124 1.5583751 -7.2343655 1.9197688 20.187748 -1.4947086572647095 0.16292399168014526
Car 0.0 0 -1.3228071928024292 497.3561096191406 144.5879364013672 582.9869995117188 204.3444366455078 3.9523757 1.6127045 1.6241677 -1.86301 0.645094 21.157227 -1.4106361865997314 0.12910790741443634
Car 0.0 0 -1.9836602210998535 515.4808349609375 191.9137420654297 634.9910278320312 261.60516357421875 3.61747 1.4418724 1.5658578 -0.8709964 1.7535319 17.235605 -2.034152030944824 0.12006165832281113
