Pedestrian 0.0 0 -1.49819016456604 196.5650177001953 167.01866149902344 272.7996520996094 360.1060791015625 0.8851867 1.6115702 0.5565635 -3.3474925 1.492092 6.5090637 -1.9731976985931396 0.6587048768997192
Pedestrian 0.0 0 -1.7691364288330078 872.644287109375 190.82432556152344 935.7764892578125 309.3222351074219 0.80341 1.6211699 0.6896753 4.3021755 1.76295 10.358372 -1.3754820823669434 0.6033013463020325
Pedestrian 0.0 0 -1.8412131071090698 1026.8240966796875 160.8099365234375 1122.6182861328125 330.8349609375 0.79475784 1.6764474 0.6475166 4.8998604 1.4738125 7.556403 -1.2659366130828857 0.5712802410125732
Pedestrian 0.0 0 -2.8698041439056396 776.3328247070312 172.48846435546875 818.4710693359375 252.4298553466797 0.7371064 1.6764028 0.6315546 4.200197 1.4886608 15.520881 -2.605518341064453 0.5448980331420898
Pedestrian 0.0 0 -1.3687379360198975 845.557861328125 153.98611450195312 876.3347778320312 215.48548889160156 0.93578863 1.8316416 0.71368194 7.9172997 1.0133194 21.976894 -1.022956132888794 0.48057490587234497
Pedestrian 0.0 0 -0.20105323195457458 487.6191711425781 181.6371307373047 508.14056396484375 228.09323120117188 0.6516474 1.7304503 0.6451931 -3.9402788 1.7367375 27.170774 -0.3450682759284973 0.4463815689086914
Pedestrian 0.0 0 -1.6370866298675537 369.5348205566406 172.9987335205078 405.7949523925781 265.393798828125 1.1373369 1.7362664 0.60518706 -4.257134 1.577773 14.134884 -1.9296249151229858 0.4158343970775604
Pedestrian 0.0 0 -3.1236846446990967 679.4669189453125 174.6275634765625 699.0571899414062 219.75794982910156 0.7730891 1.7946818 0.6170023 3.5222747 1.5223927 28.922245 -3.0024971961975098 0.32142189145088196
Pedestrian 0.0 0 0.4248850345611572 80.05436706542969 133.56088256835938 169.0451202392578 262.0115051269531 0.8965465 1.8026205 0.64318186 -6.971638 1.1311818 10.4681225 -0.16264717280864716 0.31770721077919006
Pedestrian 0.0 0 -1.55543851852417 764.7117309570312 169.5053253173828 794.8657836914062 246.12185668945312 0.7203813 1.7192332 0.65994024 4.0765557 1.4512951 16.54864 -1.3139095306396484 0.3017570376396179
Pedestrian 0.0 0 1.1651041507720947 641.771240234375 177.29844665527344 653.0028686523438 199.9329833984375 0.7841076 1.7630403 0.62078434 3.6298764 1.4363132 56.423042 1.22934889793396 0.28565648198127747
Pedestrian 0.0 0 -1.0799226760864258 884.7762451171875 164.1961669921875 943.8264770507812 234.1795196533203 1.6284827 1.6851128 0.67556506 7.8454604 1.2696539 18.064487 -0.6701987981796265 0.10055919736623764
Cyclist 0.0 0 -1.031659483909607 879.55517578125 165.6844024658203 946.8194580078125 236.31825256347656 1.844332 1.6930605 0.70476496 7.808614 1.3151653 18.03987 -0.6231560111045837 0.5568932890892029
Cyclist 0.0 0 -2.2833619117736816 275.6200256347656 196.64207458496094 325.6881103515625 243.49789428710938 1.8620061 1.7679507 0.8012528 -11.902052 2.383393 28.373587 -2.680544853210449 0.5251772403717041
Cyclist 0.0 0 -1.6700273752212524 368.7100524902344 173.01248168945312 406.6038513183594 265.6896057128906 1.3470397 1.7301577 0.5786181 -4.261757 1.5729691 14.140695 -1.9627519845962524 0.3936370313167572
Cyclist 0.0 0 -2.0570662021636963 149.13204956054688 197.0332489013672 225.60821533203125 282.40191650390625 1.7411163 1.7022065 0.67674434 -8.891485 2.0514147 15.341565 -2.582326889038086 0.25506916642189026
Cyclist 0.0 0 0.39561283588409424 71.36520385742188 132.8817901611328 176.1917266845703 261.8166809082031 1.1082326 1.8028486 0.65077597 -6.975156 1.1243572 10.466841 -0.19220863282680511 0.17635150253772736
Cyclist 0.0 0 -1.490921974182129 194.8717041015625 166.9488067626953 271.46832275390625 362.0732727050781 0.9107898 1.6182766 0.5481368 -3.346139 1.4989837 6.480865 -1.967532753944397 0.15872900187969208
Cyclist 0.0 0 -1.77577805519104 871.8878784179688 189.90228271484375 936.4564208984375 309.68255615234375 0.88266414 1.6303525 0.6863263 4.292722 1.7584841 10.342324 -1.382353663444519 0.12663698196411133
Car 0.0 0 1.7298593521118164 532.594482421875 174.5023651123047 584.7791748046875 214.9402618408203 4.2766476 1.7062598 1.7011036 -1.8737394 1.4119723 32.520733 1.6723061800003052 0.5141494274139404
Car 0.0 0 1.6689006090164185 601.2531127929688 176.74810791015625 629.7286987304688 201.8822784423828 4.156407 1.7313238 1.649133 1.0648984 1.404647 51.639923 1.6895192861557007 0.45010805130004883
