Cyclist 0.0 0 3.214578866958618 399.9179382324219 176.17083740234375 429.6168518066406 204.77731323242188 1.7743863 1.7852352 0.5815982 -12.357992 1.9972498 45.58602 2.949849843978882 0.29670965671539307
Car 0.0 0 -1.7634824514389038 553.9659423828125 184.87232971191406 617.70263671875 232.54550170898438 3.9546008 1.5777642 1.6440115 -1.0262614 2.064003 27.054976 -1.8013967275619507 0.8637945055961609
Car 0.0 0 0.7006102800369263 0.0 189.8842315673828 220.29861450195312 309.2854309082031 3.6786537 1.4884679 1.5933037 -7.7799067 1.7485449 10.121923 0.04529881477355957 0.8067718744277954
Car 0.0 0 0.44144999980926514 15.643454551696777 175.95452880859375 304.769775390625 274.8087158203125 4.1240935 1.6400018 1.7147932 -8.009758 1.7013073 13.107786 -0.10706852376461029 0.7792559862136841
Car 0.0 0 1.533550500869751 504.5768127441406 184.3389434814453 524.9661865234375 202.88418579101562 4.0158134 1.5238428 1.6402708 -8.497146 2.5770543 64.0251 1.4016057252883911 0.4283590316772461
Car 0.0 0 3.25081205368042 354.6761474609375 177.3852081298828 428.8629455566406 202.5891571044922 4.367145 1.5478559 1.7102627 -13.880112 1.8448625 45.99498 2.957728147506714 0.40942662954330444
Car 0.0 0 -1.451915979385376 334.47369384765625 182.8622283935547 409.2132263183594 243.22181701660156 3.759534 1.5267155 1.6167306 -6.847112 1.8449608 20.913296 -1.7683212757110596 0.3665500581264496
Car 0.0 0 0.7777349948883057 0.0 188.6714630126953 73.5875244140625 367.7777404785156 3.6372755 1.4500133 1.5573958 -7.5954685 1.6204944 6.8760495 -0.05733499303460121 0.35103365778923035
Car 0.0 0 1.7487326860427856 347.6294860839844 185.170654296875 415.5369567871094 234.76004028320312 3.7600074 1.5164433 1.600014 -7.8686504 1.977241 25.004715 1.443856954574585 0.28321200609207153
Car 0.0 0 0.2550339698791504 257.9023132324219 182.97698974609375 371.3917236328125 225.49314880371094 3.658138 1.5072631 1.6185932 -11.062495 1.9027488 27.11731 -0.13230665028095245 0.2795862555503845
Car 0.0 0 -1.5039713382720947 285.9893798828125 180.76193237304688 348.64251708984375 233.75547790527344 3.8285284 1.5160669 1.621813 -9.420054 1.7948451 23.32931 -1.8877373933792114 0.27717992663383484
