Pedestrian 0.0 0 -2.274341583251953 942.3899536132812 132.0355682373047 1012.9476318359375 249.27813720703125 0.76385134 1.8230451 0.6842589 5.8801327 1.1887031 11.668208 -1.807543158531189 0.5045807957649231
Car 0.0 0 -0.9651732444763184 0.0 189.96449279785156 281.2770080566406 370.72381591796875 4.0545106 1.5874412 1.6348618 -5.8197513 1.8441176 8.763302 -1.5514001846313477 0.8771128058433533
Car 0.0 0 1.8697859048843384 347.70294189453125 187.21710205078125 453.1768798828125 252.12290954589844 4.046463 1.5119625 1.6403311 -5.6375246 1.9460919 19.748049 1.591709852218628 0.8297128677368164
Car 0.0 0 1.7931865453720093 413.3742980957031 183.6904754638672 483.69952392578125 232.1302947998047 3.8377483 1.5076902 1.5894397 -5.599181 1.915983 25.23719 1.5748605728149414 0.8245060443878174
Car 0.0 0 1.7578296661376953 448.91009521484375 183.0044403076172 502.73040771484375 222.11354064941406 3.642554 1.4785792 1.5529199 -5.56193 1.9273419 30.047453 1.574796438217163 0.7829952836036682
Car 0.0 0 -2.136232614517212 897.44873046875 189.12234497070312 1242.0 375.0 3.7468333 1.4336256 1.5706888 3.0630429 1.5726513 4.2294364 -1.509435772895813 0.7815276980400085
Car 0.0 0 1.7552480697631836 478.0105895996094 181.95339965820312 524.4842529296875 214.82322692871094 3.9695163 1.5063778 1.6042458 -5.4299154 1.988544 36.190266 1.6063209772109985 0.49199390411376953
Car 0.0 0 -3.4074008464813232 776.3204956054688 163.65234375 882.7221069335938 200.5023193359375 4.210778 1.5860887 1.6849012 9.615239 1.1903906 31.95147 -3.115088701248169 0.47668135166168213
Car 0.0 0 1.7913286685943604 507.4623107910156 179.87936401367188 546.9275512695312 206.410400390625 3.8044565 1.4901142 1.573135 -4.9812746 1.9336984 43.543552 1.6774263381958008 0.42202186584472656
Car 0.0 0 1.4365633726119995 660.1154174804688 170.88009643554688 702.7184448242188 202.32618713378906 4.1928144 1.5613023 1.6713461 3.6587849 1.4636561 37.948425 1.5326809883117676 0.3948434889316559
