Pedestrian 0.0 0 0.01491856575012207 874.4303588867188 106.40335083007812 979.8446044921875 282.9187927246094 1.0210791 1.8255337 0.55105215 3.5173368 1.0502429 7.89119 0.4342155456542969 0.2266305387020111
Pedestrian 0.0 0 2.7297322750091553 724.8861083984375 129.12075805664062 772.3895874023438 217.91595458984375 0.823537 1.846883 0.59061563 3.0945315 0.7586641 15.31379 2.929121971130371 0.21434420347213745
Pedestrian 0.0 0 -1.3142595291137695 388.14862060546875 173.70355224609375 409.1221923828125 214.3460235595703 0.89689267 1.6982452 0.6514075 -8.611063 1.3734502 30.467518 -1.5897061824798584 0.18699030578136444
Cyclist 0.0 0 -2.061845064163208 1132.21484375 96.36962127685547 1238.0 277.153076171875 1.8174638 1.7656336 0.50751364 6.594903 0.93557245 7.954163 -1.3696024417877197 0.21611301600933075
Car 0.0 0 0.1566985547542572 53.10273742675781 178.5032501220703 214.32086181640625 234.9647674560547 3.7479234 1.5355617 1.6239913 -13.557886 1.4552181 21.033487 -0.4158610999584198 0.8279160857200623
Car 0.0 0 -1.3171143531799316 526.242919921875 167.9359130859375 578.8392333984375 200.26219177246094 4.0844674 1.5099088 1.635457 -2.37059 0.87727195 35.708504 -1.3834043741226196 0.7556831240653992
Car 0.0 0 -0.7439829707145691 0.0 217.67880249023438 272.0478820800781 374.0 3.8646338 1.4283143 1.5686121 -2.6824853 1.6422069 2.2496815 -1.6169081926345825 0.45824703574180603
Car 0.0 0 2.058419704437256 336.55426025390625 172.18862915039062 398.7184753417969 200.92636108398438 3.908828 1.4945327 1.5993646 -12.755682 1.0111415 39.418724 1.7454596757888794 0.4207828938961029
Car 0.0 0 2.802090883255005 158.04315185546875 177.7262420654297 230.84674072265625 203.5814208984375 3.654922 1.5516403 1.5754002 -25.449091 1.3259237 45.002018 2.2874178886413574 0.22473105788230896
Car 0.0 0 2.911933422088623 26.75551414489746 161.3231201171875 142.6582489013672 197.1898956298828 4.109961 1.5616134 1.627599 -23.925575 0.68408555 33.355537 2.2896978855133057 0.18562766909599304
