Pedestrian 0.0 0 -1.7945992946624756 901.0853271484375 133.12017822265625 956.5490112304688 253.21812438964844 0.75246847 1.7367175 0.6081302 4.7290854 1.1624907 10.857493 -1.3838186264038086 0.4024328291416168
Pedestrian 0.0 0 1.7288367748260498 979.168212890625 128.46897888183594 1036.1629638671875 258.8600769042969 0.7143911 1.767495 0.60644585 5.5986977 1.166199 10.245994 2.228933334350586 0.3538529872894287
Pedestrian 0.0 0 -1.5792226791381836 340.640625 137.27951049804688 400.4942626953125 287.5540771484375 0.96435374 1.7514263 0.67095476 -3.0355606 1.337169 8.972276 -1.9054604768753052 0.34706297516822815
Pedestrian 0.0 0 -1.8395943641662598 872.6027221679688 128.13131713867188 922.290283203125 235.62315368652344 0.7447311 1.8001133 0.62035114 4.908188 1.0515221 12.483534 -1.4649871587753296 0.2364635318517685
Pedestrian 0.0 0 1.0422991514205933 1167.294189453125 89.8560562133789 1242.0 270.2099914550781 0.700057 1.7926048 0.58396554 6.3220267 0.9680153 7.562758 1.7385749816894531 0.2146894931793213
Pedestrian 0.0 0 0.9075664281845093 1007.7103881835938 140.14657592773438 1087.38525390625 262.6311340332031 0.87918806 1.777323 0.6220105 6.561636 1.3030769 10.94163 1.4477612972259521 0.18561965227127075
Pedestrian 0.0 0 -1.5988473892211914 590.7256469726562 148.74168395996094 604.4716796875 186.02101135253906 0.6771676 1.8793211 0.6797594 -0.67174685 0.66413134 36.725296 -1.6171364784240723 0.18070609867572784
Pedestrian 0.0 0 -1.959590196609497 1056.8546142578125 135.6305694580078 1129.076171875 268.89495849609375 0.77821445 1.7516307 0.5697158 6.5650277 1.2627227 9.918278 -1.374886393547058 0.15286771953105927
Pedestrian 0.0 0 2.1298232078552246 228.76991271972656 152.29721069335938 417.525390625 375.0 1.6393924 1.6882602 0.64959234 -2.290044 1.5462173 5.8612022 1.7573490142822266 0.10424834489822388
Cyclist 0.0 0 2.1298232078552246 228.76991271972656 152.29721069335938 417.525390625 375.0 1.6393924 1.6882602 0.64959234 -2.290044 1.5462173 5.8612022 1.7573490142822266 0.17283649742603302
Cyclist 0.0 0 -1.5346208810806274 338.4109802246094 138.35110473632812 398.79547119140625 287.37420654296875 1.0120827 1.7405488 0.6769954 -3.0471683 1.3379225 9.006332 -1.8608672618865967 0.15809792280197144
