Pedestrian 0.0 0 -2.676420211791992 1159.0478515625 200.8865203857422 1214.994140625 260.7344665527344 1.1369778 1.7423228 0.74595726 17.779953 2.6355073 22.305492 -2.0034432411193848 0.15837214887142181
Cyclist 0.0 0 -2.5814592838287354 1148.9739990234375 198.9879913330078 1221.457763671875 259.1660461425781 1.5528527 1.7311484 0.8316738 17.768187 2.5737607 22.380583 -1.9104422330856323 0.20982564985752106
Car 0.0 0 1.8130669593811035 301.5682373046875 187.6926727294922 364.7884521484375 230.6248779296875 3.323797 1.4784831 1.5198442 -10.630318 2.0862968 27.792494 1.447746992111206 0.8214132189750671
Car 0.0 0 2.0616977214813232 44.849422454833984 192.09759521484375 238.6188507080078 276.2928771972656 4.2843604 1.445544 1.6572546 -9.872855 1.9202936 15.5871525 1.4970828294754028 0.8178883194923401
Car 0.0 0 1.6808665990829468 466.36279296875 178.18893432617188 496.7408142089844 202.3988800048828 3.8590615 1.5093052 1.5697743 -8.503848 1.8779328 47.827988 1.5049047470092773 0.2887285053730011
Car 0.0 0 1.9047261476516724 404.78558349609375 177.1851806640625 450.3762512207031 207.39129638671875 3.7745922 1.780442 1.6114687 -11.361882 2.0628603 45.03617 1.6575994491577148 0.2025781273841858
Car 0.0 0 1.765148639678955 0.0 193.41127014160156 59.7662239074707 235.46435546875 3.792328 1.512645 1.6959339 -24.39879 2.4282668 30.04955 1.0831623077392578 0.1659950464963913
Car 0.0 0 1.2934129238128662 765.8890991210938 182.977294921875 803.9340209960938 206.22979736328125 3.9936385 1.6161087 1.7300322 12.999073 2.401845 53.944565 1.5298757553100586 0.15926142036914825
Car 0.0 0 1.5594813823699951 742.0753173828125 180.7787628173828 761.9537353515625 201.3944091796875 3.8309684 1.6550301 1.6118828 12.058621 2.3533163 61.512867 1.7530606985092163 0.14407774806022644
Car 0.0 0 1.8626083135604858 366.5119323730469 190.57359313964844 401.11151123046875 210.61329650878906 3.805542 1.5088818 1.7066911 -18.668165 3.0204284 59.619987 1.5591593980789185 0.14127030968666077
