Pedestrian 0.0 0 -0.11834514886140823 480.19476318359375 148.0054473876953 583.8269653320312 321.7936096191406 1.006077 1.7150117 0.6367853 -0.829287 1.3960373 7.3971515 -0.2299879491329193 0.5987313985824585
Pedestrian 0.0 0 -1.6525349617004395 838.6703491210938 174.6664581298828 869.2994995117188 244.74952697753906 0.88197595 1.7267547 0.6596885 6.2659855 1.5846208 17.925615 -1.3162567615509033 0.23662446439266205
Pedestrian 0.0 0 -1.5166568756103516 526.4132690429688 167.22789001464844 565.67822265625 264.68414306640625 0.8957334 1.7412044 0.6802075 -1.122251 1.5057201 13.085862 -1.602208137512207 0.2243463099002838
Pedestrian 0.0 0 -1.56298828125 490.22454833984375 167.3704071044922 528.6610107421875 266.9435119628906 1.1883922 1.7346033 0.6659839 -1.7905148 1.5075257 12.944364 -1.7004399299621582 0.20260314643383026
Pedestrian 0.0 0 2.4776716232299805 51.049312591552734 191.6532440185547 106.64762115478516 252.55006408691406 1.1555297 1.6860167 0.61832386 -15.231837 2.0202155 20.443357 1.8373298645019531 0.15671119093894958
Pedestrian 0.0 0 0.5053023099899292 248.96511840820312 171.3522491455078 304.5346374511719 263.3338623046875 0.74978405 1.7261469 0.652702 -6.3540874 1.5561147 13.614957 0.0686485767364502 0.15122467279434204
Pedestrian 0.0 0 -0.3899068236351013 821.3299560546875 189.8631591796875 868.9348754882812 279.8117370605469 0.67042744 1.716608 0.7016114 4.6820407 1.9078044 13.938089 -0.06583279371261597 0.12501399219036102
Pedestrian 0.0 0 -0.1385042369365692 635.2547607421875 170.8068389892578 693.3516845703125 269.73406982421875 0.98395246 1.7697856 0.6255394 1.0343214 1.5980192 12.985215 -0.05901828780770302 0.11852168291807175
Cyclist 0.0 0 -2.227057456970215 0.0 176.50132751464844 79.65890502929688 260.29608154296875 1.9534777 1.6132536 0.75121576 -11.735894 1.5379024 14.190216 -2.9180707931518555 0.22092753648757935
Cyclist 0.0 0 -1.56298828125 490.22454833984375 167.3704071044922 528.6610107421875 266.9435119628906 1.1883922 1.7346033 0.6659839 -1.7905148 1.5075257 12.944364 -1.7004399299621582 0.15850359201431274
Cyclist 0.0 0 3.6158618927001953 37.71500778198242 191.8262939453125 107.9864501953125 254.2528839111328 1.4650362 1.7424457 0.6898422 -15.340893 2.077741 20.363476 2.9702179431915283 0.15153621137142181
Cyclist 0.0 0 1.4035975933074951 957.6762084960938 130.140869140625 1015.7088012695312 246.69906616210938 1.5577503 1.7781057 0.57854885 6.1915903 1.0115321 11.611527 1.8934727907180786 0.13250868022441864
Cyclist 0.0 0 -0.09140531718730927 485.0747375488281 147.8910369873047 592.440673828125 322.0651550292969 1.0608561 1.7224783 0.63511527 -0.7606052 1.4016899 7.401091 -0.19381512701511383 0.12927603721618652
Car 0.0 0 2.36358642578125 0.0 186.14190673828125 122.79995727539062 236.17678833007812 4.154275 1.5001217 1.648013 -18.708311 1.709235 23.846205 1.6983433961868286 0.16930179297924042
Car 0.0 0 -1.250264286994934 483.6683044433594 141.31591796875 582.618408203125 205.21302795410156 4.204953 1.7097272 1.6964512 -2.0528774 0.66284215 21.15219 -1.3470139503479004 0.11837353557348251
