Pedestrian 0.0 0 2.207275390625 244.4306182861328 159.56358337402344 344.50567626953125 317.0990905761719 0.9411699 1.7048138 0.62952715 -3.5691965 1.4687803 8.301077 1.8012043237686157 0.76346355676651
Pedestrian 0.0 0 1.233150601387024 841.059814453125 151.9132080078125 886.5768432617188 239.14273071289062 0.81867284 1.7287308 0.6335877 5.2990694 1.143622 14.645816 1.58031165599823 0.7065312266349792
Pedestrian 0.0 0 -1.7962322235107422 371.63055419921875 195.94525146484375 442.8204040527344 322.09765625 0.79778725 1.602469 0.7734588 -2.6984298 1.8112401 9.779155 -2.065469264984131 0.6345008015632629
Pedestrian 0.0 0 -0.57440584897995 878.05810546875 147.74363708496094 1021.828369140625 374.0 0.7034336 1.6121256 0.65853626 2.482498 1.3828841 5.2791243 -0.13484182953834534 0.5999522805213928
Pedestrian 0.0 0 -1.8059512376785278 766.5707397460938 149.06051635742188 831.605712890625 289.6923828125 1.0584155 1.7297345 0.5797662 2.5083356 1.3320769 9.369395 -1.5443695783615112 0.5268785953521729
Pedestrian 0.0 0 0.7089427709579468 219.78614807128906 153.39842224121094 298.2831115722656 279.6177062988281 0.7533991 1.806794 0.7506916 -5.1502986 1.4058423 10.740205 0.26180124282836914 0.4709942936897278
Pedestrian 0.0 0 0.8375878930091858 445.7567138671875 149.21849060058594 473.2565002441406 198.10098266601562 0.8790844 1.8728343 0.62496924 -5.558339 0.63705546 28.032383 0.6418440341949463 0.3863484859466553
Pedestrian 0.0 0 0.3540770411491394 147.67649841308594 147.71693420410156 251.87680053710938 293.5736389160156 0.99681836 1.7770283 0.6488081 -5.1339192 1.366777 9.147631 -0.1573467254638672 0.35685282945632935
Pedestrian 0.0 0 2.94832444190979 485.706787109375 168.4659881591797 506.54931640625 210.68992614746094 0.7802206 1.7725154 0.5773887 -4.4969606 1.2263389 30.554415 2.802194833755493 0.2556491494178772
Pedestrian 0.0 0 2.1314339637756348 217.2244873046875 123.9853744506836 272.61041259765625 222.55267333984375 0.7791585 1.8366636 0.6382251 -6.877107 0.7662212 13.801586 1.6691601276397705 0.23186656832695007
Pedestrian 0.0 0 -1.5540194511413574 13.807284355163574 164.16326904296875 42.05486297607422 239.99273681640625 1.7331297 1.691886 0.49243358 -13.482318 1.3062912 16.86098 -2.2285265922546387 0.1006140261888504
Cyclist 0.0 0 -1.5220617055892944 10.636756896972656 164.1718292236328 44.76203918457031 239.6036376953125 1.8061354 1.6769693 0.54156643 -13.480398 1.2929546 16.857656 -2.1965954303741455 0.26207292079925537
Cyclist 0.0 0 -1.8120125532150269 766.9609985351562 148.8546142578125 832.2606201171875 290.5887145996094 1.0697873 1.7404275 0.5736372 2.511984 1.3408972 9.358997 -1.5497896671295166 0.21357731521129608
Cyclist 0.0 0 1.5848594903945923 451.1888427734375 151.77635192871094 467.7110900878906 200.68101501464844 0.96716046 1.8693962 0.61999786 -5.5453978 0.73422354 27.987572 1.3892550468444824 0.14921754598617554
Car 0.0 0 -1.7233693599700928 664.8526000976562 161.45172119140625 724.5580444335938 208.42591857910156 3.8816218 1.661379 1.6669601 3.453997 0.9533715 27.366005 -1.597818374633789 0.7409078478813171
Car 0.0 0 1.8123153448104858 555.934814453125 165.2450714111328 590.0912475585938 187.19549560546875 3.9927402 1.5860966 1.6615247 -2.0763137 0.41215274 54.025856 1.773902416229248 0.30140626430511475
