Car 0.0 0 -1.9006128311157227 764.990966796875 179.20297241210938 1001.7322998046875 324.86474609375 3.7590394 1.4466752 1.5883495 3.127639 1.5446427 9.208816 -1.573201298713684 0.9053317308425903
Car 0.0 0 -1.7516260147094727 681.2760620117188 179.6205596923828 750.7308959960938 229.55999755859375 3.4143922 1.4207988 1.5579346 3.2136867 1.6506671 22.733355 -1.6111921072006226 0.8786792159080505
Car 0.0 0 3.5163328647613525 126.17051696777344 180.59432983398438 372.010498046875 268.0684509277344 3.6956596 1.463647 1.5736917 -6.4824924 1.6153914 13.17261 3.0590097904205322 0.7682029008865356
Car 0.0 0 0.29997286200523376 350.971435546875 176.0203094482422 491.9393310546875 226.83119201660156 3.9632516 1.5175391 1.6203139 -5.871186 1.620847 22.55824 0.04535388946533203 0.7517130374908447
Car 0.0 0 3.798379898071289 0.0 182.89544677734375 243.24752807617188 341.73553466796875 4.0359573 1.4609025 1.6149157 -6.3696036 1.5798075 7.6304827 3.102801561355591 0.732501745223999
Car 0.0 0 -2.7586874961853027 267.1645812988281 179.97750854492188 447.9107666015625 242.64102172851562 3.9035094 1.4536654 1.5957669 -6.2001934 1.6388686 17.829094 -3.093362808227539 0.7282464504241943
Car 0.0 0 -2.2320504188537598 891.3406982421875 191.7944793701172 1242.0 375.0 3.958877 1.4271656 1.5779299 3.0965712 1.5859257 4.045904 -1.578791618347168 0.6503432989120483
Car 0.0 0 -0.2834462821483612 736.38623046875 180.23031616210938 842.0680541992188 218.56260681152344 3.9660378 1.5286545 1.637598 7.3629093 1.8451929 30.02226 -0.0429447703063488 0.5084899067878723
Car 0.0 0 0.32946622371673584 326.2908935546875 185.1697235107422 480.5882568359375 240.98504638671875 3.8675456 1.4713492 1.6005709 -5.788967 1.8338417 20.314087 0.05185198783874512 0.47942355275154114
Car 0.0 0 -1.5302464962005615 453.1008605957031 176.5640411376953 497.03668212890625 218.27687072753906 3.3173563 1.5218159 1.567024 -5.2981668 1.6771691 28.387157 -1.7147631645202637 0.4556904137134552
