Pedestrian 0.0 0 1.6465535163879395 375.9324645996094 179.3816680908203 416.1357116699219 280.5719299316406 1.7710491 1.7556014 0.5965823 -4.0488253 1.8870988 13.564105 1.3564774990081787 0.218276709318161
Pedestrian 0.0 0 1.766219139099121 421.3393859863281 178.62481689453125 465.2977294921875 266.76885986328125 1.8659593 1.8004367 0.5904154 -3.6722994 1.9347279 15.801004 1.5378637313842773 0.11101233214139938
Cyclist 0.0 0 1.7444099187850952 420.9007263183594 179.48622131347656 463.42852783203125 267.85595703125 1.8785489 1.7982529 0.59387016 -3.6927457 1.9524353 15.777729 1.514500379562378 0.8808867335319519
Cyclist 0.0 0 1.6465535163879395 375.9324645996094 179.3816680908203 416.1357116699219 280.5719299316406 1.7710491 1.7556014 0.5965823 -4.0488253 1.8870988 13.564105 1.3564774990081787 0.7077918648719788
Car 0.0 0 -1.9114141464233398 696.6248168945312 184.39883422851562 866.404296875 299.4651794433594 3.2997108 1.486413 1.5450305 2.476616 1.6969707 11.400235 -1.6974955797195435 0.9350326657295227
Car 0.0 0 -1.3123588562011719 254.13137817382812 194.95626831054688 387.66815185546875 286.2486267089844 3.5258226 1.4455516 1.5635401 -5.5534678 1.9359946 14.155068 -1.6862363815307617 0.8669013977050781
Car 0.0 0 -1.7059067487716675 569.9197387695312 184.5688018798828 619.9429931640625 223.07916259765625 3.7094204 1.4541645 1.6083641 -0.735134 1.9798317 30.393282 -1.7300894260406494 0.8273915648460388
Car 0.0 0 0.710437536239624 997.0745849609375 183.66468811035156 1242.0 375.0 3.8989184 1.4738867 1.5936139 3.0830822 1.541287 2.5000415 1.599887728691101 0.591389000415802
Car 0.0 0 1.4613550901412964 545.3657836914062 180.6642303466797 580.2440795898438 209.76992797851562 3.483961 1.5178852 1.5734328 -2.720754 1.9764345 40.473595 1.3942331075668335 0.5495802164077759
Car 0.0 0 1.7801945209503174 405.73529052734375 188.2113494873047 455.6239013671875 223.06744384765625 3.7523227 1.5343729 1.6268141 -8.755605 2.3274226 35.33814 1.5373191833496094 0.46407076716423035
Car 0.0 0 -1.77521550655365 636.9780883789062 178.65304565429688 730.0531616210938 244.7320556640625 3.7085145 1.4739318 1.6066889 1.7095153 1.637425 18.362902 -1.682386875152588 0.434920072555542
Car 0.0 0 1.5687659978866577 334.70587158203125 191.55429077148438 404.5098571777344 256.440673828125 3.9432857 1.4313775 1.5970218 -6.4638543 1.986052 19.26168 1.2449939250946045 0.36290937662124634
Car 0.0 0 1.0006794929504395 511.12640380859375 186.5304412841797 557.0899047851562 207.66580200195312 3.9397268 1.4912618 1.6556135 -5.9088645 2.5848877 55.620945 0.8948419094085693 0.34903663396835327
