Car 0.0 0 -1.1783852577209473 127.47604370117188 194.7474822998047 449.6355895996094 375.0 4.1935477 1.4289134 1.6131457 -3.1201954 1.7337396 7.9212246 -1.5536247491836548 0.8805046081542969
Car 0.0 0 -1.7867579460144043 706.1016235351562 187.588134765625 842.3701782226562 284.7442932128906 3.7823575 1.4490522 1.6068138 2.7829194 1.7584403 13.23253 -1.579469919204712 0.8724828958511353
Car 0.0 0 -1.922456979751587 753.201416015625 189.69187927246094 1056.5955810546875 375.0 4.0450325 1.438043 1.6043663 2.7453349 1.6699107 7.8824406 -1.5873109102249146 0.8685805201530457
Car 0.0 0 -1.7855887413024902 668.7317504882812 183.45501708984375 762.514892578125 249.47616577148438 3.6636286 1.4563023 1.5933069 2.5318124 1.7548983 18.407846 -1.6489064693450928 0.8679320216178894
Car 0.0 0 -1.4433614015579224 470.2876281738281 186.8775177001953 544.1522216796875 245.2820587158203 3.8046224 1.446269 1.6210438 -2.8975706 1.8860407 20.694313 -1.582474708557129 0.8506922125816345
Car 0.0 0 -1.7414758205413818 659.0609130859375 167.9125213623047 730.5977172851562 220.4559783935547 3.825783 1.5342543 1.6181669 2.5690925 1.3903228 23.023617 -1.6303504705429077 0.7606943845748901
Car 0.0 0 1.6885361671447754 519.3348999023438 179.54397583007812 566.6458740234375 217.27462768554688 3.966539 1.5099528 1.6072273 -2.909951 1.8217763 31.586508 1.59666907787323 0.7183064818382263
Car 0.0 0 -1.6094924211502075 637.3635864257812 177.74757385253906 667.8193359375 205.9526824951172 3.6072428 1.5194179 1.5942067 2.3659883 1.8123337 41.315647 -1.5522887706756592 0.5489465594291687
Car 0.0 0 -0.7848635911941528 0.0 201.00250244140625 267.60455322265625 375.0 3.9222114 1.3957275 1.5646113 -2.9959602 1.5806963 2.7351613 -1.6157361268997192 0.5079393982887268
Car 0.0 0 1.4823474884033203 557.1513671875 178.24041748046875 581.38916015625 197.38343811035156 4.048371 1.45856 1.5974586 -3.3461523 1.9098574 58.284298 1.4249995946884155 0.4773845970630646
