Car 0.0 0 -1.3045674562454224 365.61016845703125 176.3095245361328 488.1314392089844 253.7213134765625 4.0097885 1.509576 1.6331913 -3.9156222 1.3370312 16.040398 -1.5439950227737427 0.9074461460113525
Car 0.0 0 -1.2028390169143677 243.1045684814453 185.9124298095703 353.31011962890625 247.85067749023438 3.4463367 1.5051421 1.5692906 -8.203272 1.5266336 19.253706 -1.6056088209152222 0.8489766120910645
Car 0.0 0 -1.4326262474060059 460.4554138183594 178.08668518066406 515.6702880859375 219.80738830566406 3.6999264 1.5052314 1.6113886 -4.5960846 1.2491567 27.801678 -1.596461296081543 0.8279402852058411
Car 0.0 0 -1.590840220451355 581.8949584960938 172.34609985351562 646.03369140625 234.30545043945312 3.9443824 1.6033643 1.6614026 0.084582716 1.2714604 20.58372 -1.5867310762405396 0.7750856876373291
Car 0.0 0 -1.2335013151168823 341.84326171875 183.9732666015625 417.8843688964844 224.0078887939453 3.8855398 1.444771 1.6160272 -8.784787 1.4010655 27.906185 -1.5384775400161743 0.7072843313217163
Car 0.0 0 -1.0016796588897705 0.0 120.33240509033203 314.09625244140625 376.0 4.283518 1.7494001 1.6888167 -4.036478 1.4290304 5.7351494 -1.6149606704711914 0.5556515455245972
Car 0.0 0 1.8010048866271973 310.814697265625 177.51686096191406 361.6342468261719 209.75799560546875 3.5044906 1.4591082 1.5135099 -12.949963 1.1118206 34.3645 1.4406208992004395 0.4299715757369995
Car 0.0 0 -1.3395371437072754 487.5113525390625 179.8394012451172 533.8648681640625 208.8937530517578 3.9952126 1.4903826 1.615926 -5.226215 1.2157298 38.937912 -1.4729589223861694 0.34830841422080994
Car 0.0 0 1.705315113067627 516.8574829101562 175.56336975097656 548.6563720703125 198.52536010742188 3.9517136 1.4500269 1.5708994 -4.924366 0.84162366 47.390514 1.601776361465454 0.342292845249176
Car 0.0 0 1.5237127542495728 577.5032958984375 174.1487579345703 620.6427612304688 212.02297973632812 3.8584533 1.469272 1.5974175 -0.45352748 1.0410787 29.858332 1.5085246562957764 0.3419766426086426
