Pedestrian 0.0 0 0.926027238368988 956.8231201171875 144.1077423095703 1029.9349365234375 271.472412109375 0.7417051 1.7188681 0.5692429 5.4512506 1.2155603 10.100974 1.4209094047546387 0.5240189433097839
Pedestrian 0.0 0 2.484873056411743 1047.7838134765625 158.91989135742188 1238.0 374.0 0.5774352 1.6385968 0.6082511 2.5322034 1.5431336 3.3884552 3.126646041870117 0.47517526149749756
Pedestrian 0.0 0 -2.9724695682525635 467.0087890625 176.38693237304688 492.4421691894531 227.44219970703125 0.76571876 1.7290262 0.63441277 -4.193842 1.556945 24.64178 -3.1410465240478516 0.26654884219169617
Pedestrian 0.0 0 -1.5281422138214111 541.7362060546875 183.47213745117188 563.753173828125 234.72938537597656 0.84459203 1.7162195 0.7161677 -1.6792084 1.7857766 24.51338 -1.5965371131896973 0.2432200163602829
Pedestrian 0.0 0 0.7510749101638794 273.5387878417969 160.09706115722656 331.0281066894531 257.93719482421875 0.81449693 1.8176606 0.61935616 -5.7711325 1.4213024 13.774246 0.35431432723999023 0.1961987465620041
Cyclist 0.0 0 -0.400188148021698 551.8297119140625 175.55674743652344 587.5441284179688 208.31927490234375 1.7851902 1.7327646 0.71397144 -1.7122107 1.4192781 38.695175 -0.44440799951553345 0.3280664384365082
Cyclist 0.0 0 -2.921989679336548 524.7130737304688 182.59793090820312 566.8052368164062 233.36978149414062 1.3072608 1.7014405 0.7308497 -1.9186039 1.7407159 24.543276 -3.0000033378601074 0.19397501647472382
Car 0.0 0 -1.7524924278259277 685.196044921875 169.31585693359375 764.895263671875 231.54856872558594 3.7013936 1.6885263 1.6686424 3.5442197 1.359099 21.352354 -1.5880048274993896 0.8660313487052917
Car 0.0 0 -1.2538615465164185 557.3631591796875 177.97091674804688 599.4411010742188 201.61402893066406 4.0295596 1.5093453 1.6380872 -1.4797826 1.2847631 48.018993 -1.2846684455871582 0.21674905717372894
Car 0.0 0 1.2490383386611938 764.4244384765625 184.8016357421875 839.28466796875 229.83135986328125 3.5481281 1.4933877 1.5406058 7.1142883 1.6217852 25.898283 1.5171266794204712 0.19602631032466888
Car 0.0 0 1.576802372932434 653.7764282226562 176.37017822265625 684.2898559570312 204.5572052001953 4.12111 1.5402282 1.6633204 3.9031413 1.2607412 41.382793 1.670842170715332 0.19601209461688995
Car 0.0 0 2.8165924549102783 584.6267700195312 174.68240356445312 637.3416137695312 192.9822998046875 4.3012943 1.5661582 1.6982912 0.8631395 0.98313284 62.94164 2.8303048610687256 0.17315183579921722
Car 0.0 0 1.3233375549316406 621.2116088867188 178.98736572265625 652.5751953125 199.95018005371094 3.4494634 1.5068543 1.5283538 2.6242027 1.3268523 53.474438 1.3723721504211426 0.16876250505447388
