Car 0.0 0 -1.9184398651123047 734.75244140625 158.0651092529297 1013.8904418945312 331.1891174316406 4.373263 1.5848069 1.6465572 2.763216 1.4497848 8.823164 -1.6149379014968872 0.874772846698761
Car 0.0 0 0.6236633658409119 0.0 190.6358184814453 275.1226501464844 325.4208068847656 3.7308218 1.3926307 1.5387315 -6.1991467 1.6206195 8.44695 -0.009448477998375893 0.8455079197883606
Car 0.0 0 3.5806636810302734 17.723230361938477 185.3328399658203 318.19451904296875 292.85345458984375 3.56706 1.4564639 1.5559665 -6.562394 1.6626805 10.946359 3.0406084060668945 0.7947523593902588
Car 0.0 0 -2.7527592182159424 196.10546875 162.1309814453125 431.6177673339844 242.13552856445312 4.3750324 1.6280988 1.7071584 -6.2930064 1.4102426 15.5432205 -3.137458086013794 0.7615522742271423
Car 0.0 0 -1.8080239295959473 699.6046142578125 179.41651916503906 823.2515869140625 261.8086853027344 3.6012325 1.397842 1.5627443 2.8128157 1.5455395 14.363814 -1.6146445274353027 0.7312344908714294
Car 0.0 0 -1.7066690921783447 679.9899291992188 176.1276397705078 758.1674194335938 237.454833984375 3.705411 1.504102 1.6014585 2.837693 1.6025095 19.750088 -1.5639656782150269 0.72553551197052
Car 0.0 0 1.499578833580017 651.88720703125 172.1612091064453 693.8310546875 207.58338928222656 3.8052335 1.4679202 1.5622334 2.6755266 1.4395684 31.810669 1.583489179611206 0.7038939595222473
Car 0.0 0 3.538163423538208 135.16566467285156 176.2014923095703 374.6945495605469 262.7236328125 3.6540833 1.4853688 1.5583148 -6.46736 1.5516629 13.330868 3.086472988128662 0.688393235206604
Car 0.0 0 0.6904888153076172 0.0 213.1332550048828 187.1709442138672 375.0 3.9697938 1.4058765 1.5714239 -6.007047 1.7925836 5.936596 -0.10080790519714355 0.6862712502479553
Car 0.0 0 -2.820225954055786 341.22052001953125 168.84945678710938 476.2514953613281 220.57247924804688 3.7642097 1.5581058 1.6125036 -6.293318 1.437831 22.632467 -3.091440200805664 0.5711809396743774
Car 0.0 0 -2.6658644676208496 305.4537048339844 179.53860473632812 463.39788818359375 237.19430541992188 3.904201 1.4965657 1.5978155 -6.2857127 1.6936475 20.109076 -2.968822956085205 0.5527312159538269
