Pedestrian 0.0 0 0.5691884160041809 1086.4117431640625 131.69537353515625 1242.0 375.0 0.85934937 1.7716906 0.61753833 3.7403572 1.5277325 4.788095 1.232347011566162 0.33689242601394653
Pedestrian 0.0 0 -2.1400513648986816 1006.13525390625 141.97044372558594 1029.2364501953125 182.16049194335938 0.8069606 1.9255402 0.6407049 19.72568 0.4462401 34.987507 -1.626680850982666 0.24114209413528442
Pedestrian 0.0 0 -1.8419511318206787 1204.5360107421875 125.7403564453125 1242.0 202.70533752441406 1.0335891 1.887604 0.66245925 15.617827 0.73247665 18.301592 -1.1355102062225342 0.2346307784318924
Pedestrian 0.0 0 1.3869457244873047 985.3497314453125 130.42111206054688 1016.6519775390625 195.8302459716797 0.97460103 1.9065644 0.6542276 11.643731 0.67007613 21.592821 1.8814910650253296 0.17136216163635254
Cyclist 0.0 0 -1.9179519414901733 1129.515869140625 171.06704711914062 1239.322265625 303.652099609375 1.934838 1.7195674 0.5989357 8.125489 1.6967492 10.367825 -1.2532159090042114 0.1784268617630005
Cyclist 0.0 0 -2.1446845531463623 1005.2755737304688 141.43409729003906 1029.929443359375 181.7733917236328 0.9481685 1.9275724 0.6247529 19.708643 0.42656234 34.96735 -1.6314371824264526 0.12968388199806213
Cyclist 0.0 0 -1.1519625186920166 1200.96044921875 126.93356323242188 1242.0 202.59141540527344 1.0624851 1.8677249 0.67630345 15.665134 0.73446965 18.343418 -0.44515538215637207 0.10787205398082733
Car 0.0 0 1.9646917581558228 216.4366455078125 182.18679809570312 339.08892822265625 249.3673858642578 4.105781 1.633169 1.6553196 -9.170611 1.9216505 20.194065 1.5384135246276855 0.8397210836410522
Car 0.0 0 1.8033543825149536 423.6750183105469 176.0631561279297 465.4076232910156 206.319091796875 4.1698256 1.8106937 1.6613301 -10.455125 2.0236812 45.713192 1.5785102844238281 0.34588003158569336
Car 0.0 0 1.5207902193069458 586.111328125 174.24868774414062 614.1764526367188 199.22914123535156 3.9749084 1.547155 1.6213576 -0.7100701 1.6422026 46.94876 1.505666971206665 0.2934439480304718
Car 0.0 0 1.6786110401153564 542.961669921875 177.9425506591797 572.58984375 200.72039794921875 4.1228924 1.4946667 1.6302356 -3.6330929 1.8649836 50.366848 1.6066031455993652 0.19182707369327545
