Pedestrian 0.0 0 -3.700878620147705 1047.9747314453125 123.05499267578125 1224.0 370.0 0.955995 1.8021019 0.5738398 3.9387248 1.3975887 5.3183384 -3.063425064086914 0.6242401599884033
Pedestrian 0.0 0 1.4883408546447754 769.9158935546875 152.5816192626953 783.7339477539062 191.92874145507812 0.9149623 1.8885578 0.5788003 8.347282 0.5499924 34.42827 1.7262052297592163 0.3347831964492798
Pedestrian 0.0 0 -2.0391807556152344 1015.3037719726562 98.43358612060547 1197.6224365234375 370.0 0.64857376 1.7419573 0.71040934 3.0379157 1.2725726 4.422558 -1.4372916221618652 0.2541053891181946
Pedestrian 0.0 0 -1.21609365940094 669.4198608398438 163.04685974121094 690.5510864257812 206.94032287597656 0.9101519 1.7433051 0.5710602 3.0157833 1.051621 28.611229 -1.1110758781433105 0.2534016966819763
Pedestrian 0.0 0 -1.9480855464935303 1024.5989990234375 87.68305206298828 1123.5457763671875 254.78375244140625 0.78443235 1.8118544 0.70339966 5.306047 0.80713904 8.116205 -1.3690719604492188 0.24528884887695312
Pedestrian 0.0 0 -2.0756783485412598 1122.9969482421875 105.55965423583984 1219.093994140625 249.46258544921875 0.7908938 1.7705173 0.6682884 7.2418118 0.85016376 9.13925 -1.405597448348999 0.18064631521701813
Pedestrian 0.0 0 -1.9521546363830566 937.77685546875 128.32151794433594 1006.3601684570312 252.3131866455078 1.0436655 1.8284837 0.5939299 5.6243477 1.0606794 10.968772 -1.47835111618042 0.16614079475402832
Pedestrian 0.0 0 2.6794283390045166 836.5875244140625 133.35589599609375 874.341796875 205.60975646972656 0.75275946 1.8813702 0.60384995 6.6014113 0.6554043 18.751455 3.0179264545440674 0.15850870311260223
Pedestrian 0.0 0 -3.083714246749878 555.5656127929688 182.2554168701172 586.7528076171875 256.8114013671875 0.7048466 1.7303593 0.6137441 -0.8329438 1.7742754 16.729088 -3.1334633827209473 0.154994398355484
Pedestrian 0.0 0 0.26895982027053833 392.810546875 107.58990478515625 487.10443115234375 277.31378173828125 0.88746256 1.7855319 0.5700992 -1.8389195 1.0201926 7.7339582 0.0355224609375 0.14656098186969757
Pedestrian 0.0 0 0.011208713054656982 847.88720703125 133.17759704589844 881.7178955078125 208.73643493652344 0.7811633 1.8446907 0.6046867 6.459351 0.690962 17.677845 0.3615298271179199 0.14245988428592682
Pedestrian 0.0 0 1.954512119293213 685.29736328125 160.97962951660156 713.6761474609375 204.80499267578125 1.7034585 1.7351861 0.5531387 3.8474371 0.9638103 28.866617 2.0870144367218018 0.1372770518064499
Cyclist 0.0 0 1.954512119293213 685.29736328125 160.97962951660156 713.6761474609375 204.80499267578125 1.7034585 1.7351861 0.5531387 3.8474371 0.9638103 28.866617 2.0870144367218018 0.3265252113342285
Cyclist 0.0 0 3.0404906272888184 600.5891723632812 168.7669677734375 630.919677734375 199.68695068359375 1.716124 1.7849916 0.5769004 0.61479956 1.1090294 41.173775 3.0554213523864746 0.30147314071655273
Cyclist 0.0 0 -0.6124238967895508 1042.7530517578125 115.10771942138672 1224.0 370.0 0.98293483 1.8146216 0.59768957 3.9019384 1.355239 5.290674 0.023037195205688477 0.17246389389038086
Cyclist 0.0 0 -3.707555055618286 1039.13623046875 101.86663818359375 1224.0 370.0 0.89237165 1.7354623 0.6578693 3.2896926 1.2880672 4.395446 -3.0650582313537598 0.13517923653125763
Cyclist 0.0 0 -1.3273582458496094 669.9871826171875 162.1007537841797 690.4522705078125 206.85450744628906 1.1932012 1.7730296 0.555634 3.0332842 1.0455965 28.662148 -1.2219218015670776 0.1186068132519722
Cyclist 0.0 0 -1.9521546363830566 937.77685546875 128.32151794433594 1006.3601684570312 252.3131866455078 1.0436655 1.8284837 0.5939299 5.6243477 1.0606794 10.968772 -1.47835111618042 0.10662975162267685
Car 0.0 0 -1.6433805227279663 709.6950073242188 163.8617401123047 743.8500366210938 195.34249877929688 4.178612 1.7919294 1.7095473 7.2462425 0.8462402 42.40332 -1.474126935005188 0.5125405788421631
