Pedestrian 0.0 0 -1.3407739400863647 0.0 186.0343017578125 45.98196792602539 280.7355651855469 0.8479478 1.6597261 0.64718336 -10.970761 1.9128678 13.312062 -2.0300512313842773 0.21406985819339752
Pedestrian 0.0 0 -1.9654521942138672 852.7124633789062 137.7682647705078 942.240478515625 296.9004211425781 1.1515676 1.8208224 0.6156295 3.4319677 1.4197221 8.836296 -1.5949904918670654 0.18569976091384888
Pedestrian 0.0 0 3.578352451324463 0.0 205.1185302734375 70.35126495361328 370.64093017578125 0.7321463 1.6955734 0.5995743 -6.5448613 2.067277 7.919609 2.8877127170562744 0.15058697760105133
Pedestrian 0.0 0 -1.7514110803604126 1185.37646484375 169.85386657714844 1242.0 317.6070861816406 0.7912323 1.7005237 0.64182466 7.451109 1.6663524 8.804505 -1.0490784645080566 0.13237427175045013
Pedestrian 0.0 0 -0.6832054853439331 960.721435546875 121.97632598876953 1051.3543701171875 277.6068420410156 0.74917144 1.8235472 0.61907434 4.776439 1.2277633 8.825447 -0.18713423609733582 0.12695114314556122
Pedestrian 0.0 0 1.4619029760360718 667.3512573242188 150.4775848388672 684.7901000976562 197.3284149169922 1.0205193 1.906664 0.60976195 2.6884 0.99638045 29.877316 1.551642656326294 0.11269767582416534
Pedestrian 0.0 0 -1.3303065299987793 300.05059814453125 168.2893524169922 334.5945739746094 240.7641143798828 0.8296356 1.737849 0.60946566 -7.2406607 1.6287527 17.753693 -1.717552900314331 0.11120396852493286
Pedestrian 0.0 0 1.1601403951644897 20.21817970275879 150.0631866455078 82.47665405273438 256.06988525390625 0.8333149 1.7577906 0.5590696 -9.658143 1.3802339 12.4064665 0.49866199493408203 0.10877837240695953
Cyclist 0.0 0 -0.9503927230834961 0.0 120.34400177001953 94.75033569335938 242.3178253173828 1.6105603 1.7452363 0.4923211 -8.797686 0.9942659 11.13742 -1.6189578771591187 0.1425079107284546
Cyclist 0.0 0 -1.1245474815368652 236.6542205810547 147.22898864746094 299.12652587890625 246.62966918945312 1.3904265 1.7920686 0.52567846 -6.519107 1.3304399 13.701444 -1.56864595413208 0.11030624061822891
Cyclist 0.0 0 -1.2778390645980835 0.0 185.8829345703125 44.230567932128906 283.0494384765625 1.0054234 1.6794821 0.62975895 -10.966412 1.9290254 13.211419 -1.9706487655639648 0.10387016087770462
Car 0.0 0 1.8422319889068604 215.738525390625 193.58218383789062 399.3513488769531 313.669677734375 4.275151 1.4948925 1.6650323 -4.7850385 1.9025501 11.959611 1.4616395235061646 0.8838008642196655
Car 0.0 0 -1.668501853942871 403.8083190917969 178.8518829345703 440.27069091796875 207.50062561035156 3.9669814 1.519368 1.6325102 -10.835017 1.8809166 41.304546 -1.925041913986206 0.6017909049987793
Car 0.0 0 -2.101550340652466 518.9346923828125 152.8104705810547 595.7820434570312 198.07284545898438 4.9890823 2.3399901 1.9749163 -3.0267408 1.3041306 39.912075 -2.1772406101226807 0.19338969886302948
Car 0.0 0 -0.6463322639465332 687.0451049804688 171.65914916992188 832.8299560546875 230.4001922607422 3.98961 1.588399 1.6490872 4.3511004 1.5564473 21.108236 -0.44304677844047546 0.10858144611120224
