Pedestrian 0.0 0 3.5805273056030273 111.39178466796875 110.18433380126953 211.15469360351562 247.67698669433594 0.9955045 1.8334782 0.6402395 -6.1759167 0.8974839 9.802489 3.018315076828003 0.3445143699645996
Pedestrian 0.0 0 -2.478670597076416 270.2115173339844 177.4444122314453 324.7188720703125 265.9478454589844 0.7496691 1.75884 0.7051223 -6.332735 1.6997448 14.480819 -2.8909289836883545 0.3251139521598816
Pedestrian 0.0 0 -3.290256977081299 775.35693359375 154.84091186523438 793.8638916015625 188.30975341796875 0.9438643 1.9028558 0.63843995 10.291769 0.4454041 40.558647 -3.0417518615722656 0.27307307720184326
Pedestrian 0.0 0 -0.00309908390045166 995.492431640625 116.17475891113281 1065.4073486328125 253.33787536621094 0.80599326 1.8066225 0.54913074 5.8087835 0.96104586 9.749315 0.5342371463775635 0.26682987809181213
Pedestrian 0.0 0 -1.4412918090820312 790.5003051757812 163.48605346679688 805.2142944335938 197.43096923828125 0.68108296 1.7900056 0.6757634 10.281575 0.89422613 37.724045 -1.1752076148986816 0.2638394832611084
Pedestrian 0.0 0 -1.8934617042541504 879.1800537109375 154.55645751953125 902.5362548828125 192.49472045898438 1.7354728 1.7525253 0.4994736 13.529837 0.55554074 33.53784 -1.5100104808807373 0.10925358533859253
Cyclist 0.0 0 -1.9195280075073242 978.6414184570312 139.43783569335938 1027.412109375 212.2986297607422 1.7888246 1.8059609 0.5230765 10.317897 0.7897716 18.445072 -1.4095079898834229 0.3181259334087372
Cyclist 0.0 0 -1.8934617042541504 879.1800537109375 154.55645751953125 902.5362548828125 192.49472045898438 1.7354728 1.7525253 0.4994736 13.529837 0.55554074 33.53784 -1.5100104808807373 0.2821502983570099
Cyclist 0.0 0 -0.08055901527404785 777.67626953125 154.9855194091797 795.5803833007812 188.53961181640625 0.9479274 1.906851 0.6069252 10.406714 0.4582693 40.555584 0.1706252098083496 0.15668806433677673
Cyclist 0.0 0 3.5309388637542725 97.35124969482422 111.37876892089844 211.71627807617188 249.37818908691406 1.1782092 1.8263069 0.64606225 -6.244489 0.91321796 9.775051 2.962463855743408 0.1446293145418167
Cyclist 0.0 0 0.6222276091575623 263.9007568359375 177.08912658691406 324.62823486328125 265.7501220703125 0.9118531 1.7662511 0.68806416 -6.4104605 1.6999303 14.510534 0.20623064041137695 0.1209128126502037
Car 0.0 0 1.3626515865325928 423.8587341308594 175.51565551757812 479.2556457519531 210.27450561523438 4.147941 1.4921921 1.6610613 -7.150441 1.2796907 32.58052 1.1466070413589478 0.7525998950004578
Car 0.0 0 -0.7900387644767761 0.0 209.58294677734375 293.0737609863281 370.0 3.9615486 1.4245443 1.5961393 -3.227783 1.6461573 3.3495252 -1.556929588317871 0.682399332523346
Car 0.0 0 1.9111695289611816 388.55914306640625 177.5287322998047 426.0716552734375 196.48797607421875 4.1511464 1.4737874 1.6258787 -15.894339 1.244065 57.083744 1.6396089792251587 0.32543307542800903
Car 0.0 0 1.9451892375946045 0.0 182.84878540039062 43.08833694458008 213.58973693847656 4.0465117 1.5506637 1.6252168 -32.197445 1.6860913 38.169346 1.24445641040802 0.21468280255794525
