Pedestrian 0.0 0 1.4038472175598145 882.7503662109375 161.84671020507812 907.1762084960938 211.46759033203125 0.8807973 1.8043461 0.7035511 10.508804 1.40445 26.7377 1.778333306312561 0.6146368384361267
Pedestrian 0.0 0 -2.2229793071746826 315.274658203125 162.04876708984375 342.5503845214844 211.4366912841797 0.78868276 1.8211633 0.59690285 -10.586491 1.423082 27.063505 -2.5958523750305176 0.1893293559551239
Pedestrian 0.0 0 -1.3988001346588135 659.7203979492188 172.9392547607422 674.4501953125 208.65809631347656 0.80149204 1.7613735 0.6063734 2.8171911 1.7660449 36.043346 -1.3207975625991821 0.11292937397956848
Pedestrian 0.0 0 1.891426920890808 261.6872253417969 162.01170349121094 293.1485290527344 220.69509887695312 0.92826045 1.8364605 0.6561787 -10.672413 1.4975157 23.075373 1.458224892616272 0.11204411834478378
Pedestrian 0.0 0 0.7471518516540527 324.62884521484375 161.7080535888672 350.5299072265625 209.1598358154297 0.7708718 1.8370478 0.5684188 -10.740986 1.4059014 28.338978 0.38486313819885254 0.10148456692695618
Cyclist 0.0 0 -1.2731411457061768 0.0 161.90016174316406 56.910037994384766 289.9505920410156 1.8288991 1.7331952 0.48215416 -8.847764 1.58529 10.700478 -1.9640450477600098 0.183147132396698
Cyclist 0.0 0 2.1983747482299805 0.0 128.8131103515625 55.10913848876953 212.1837921142578 1.5245122 1.7821796 0.498815 -13.307611 0.8410939 16.19714 1.5105996131896973 0.11137805879116058
Car 0.0 0 1.774797797203064 532.1537475585938 178.18045043945312 605.2921752929688 231.59381103515625 3.717527 1.5122049 1.5803722 -1.2614794 1.6951092 22.770239 1.719454050064087 0.8694786429405212
Car 0.0 0 2.0090818405151367 0.0 187.2205047607422 459.0439453125 375.0 3.765005 1.4812195 1.5803798 -2.471901 1.6323961 5.6687016 1.5978797674179077 0.8445173501968384
Car 0.0 0 -1.8140792846679688 863.6981201171875 165.8057403564453 936.6737670898438 211.603271484375 4.036856 1.5687271 1.5712404 10.636719 1.3276572 26.817923 -1.4364838600158691 0.1349208503961563
Car 0.0 0 0.1683041751384735 866.6713256835938 165.80111694335938 930.547119140625 188.50119018554688 3.834133 1.4960108 1.5935783 19.648005 1.0315603 49.227985 0.5480539798736572 0.11148374527692795
