Pedestrian 0.0 0 1.0419436693191528 525.324951171875 157.82020568847656 552.1556396484375 207.41250610351562 0.84903574 1.8554411 0.6843697 -2.5581913 1.008414 26.992918 0.9474532604217529 0.622790515422821
Pedestrian 0.0 0 -2.7602765560150146 363.5044250488281 163.63519287109375 393.3514709472656 213.61131286621094 0.8584599 1.795978 0.6441359 -8.275738 1.1914343 25.755527 -3.0711753368377686 0.5376916527748108
Pedestrian 0.0 0 -1.6233586072921753 420.1316223144531 158.47149658203125 442.82257080078125 212.58169555664062 0.9461633 1.8258536 0.71006584 -6.025982 1.0840772 24.408947 -1.8653948307037354 0.48390281200408936
Pedestrian 0.0 0 0.2927309572696686 372.8096923828125 171.27174377441406 398.84381103515625 217.90896606445312 0.8257993 1.7998692 0.6279695 -8.57572 1.445228 27.59965 -0.008530043065547943 0.3919631242752075
Pedestrian 0.0 0 0.1765698939561844 443.9735412597656 158.79861450195312 466.9826965332031 207.67529296875 0.7505265 1.8085109 0.59871995 -5.6193995 1.0070419 26.468355 -0.03263018652796745 0.2907598614692688
Pedestrian 0.0 0 2.194913148880005 339.43060302734375 165.73870849609375 359.7972106933594 191.32473754882812 1.6544331 1.7914733 0.49206442 -18.177774 0.75922096 50.36392 1.8485357761383057 0.1529802829027176
Pedestrian 0.0 0 -3.1046602725982666 841.8540649414062 143.24334716796875 900.2703247070312 198.91091918945312 1.7931917 1.7982793 0.5898374 8.793935 0.5962909 23.453165 -2.745927095413208 0.1053815484046936
Cyclist 0.0 0 -0.794921338558197 302.487060546875 164.22915649414062 359.4489440917969 223.3572235107422 1.8618827 1.8186617 0.5662989 -8.804503 1.3197596 22.709543 -1.1647800207138062 0.8040426969528198
Cyclist 0.0 0 -3.2400639057159424 844.2716064453125 143.665771484375 904.5709838867188 198.95330810546875 1.8106596 1.7870557 0.60398173 8.856927 0.5980112 23.37647 -2.877894163131714 0.6494717001914978
Cyclist 0.0 0 -0.4975298345088959 655.7619018554688 160.6573486328125 695.778564453125 194.6338348388672 1.9454764 1.7248452 0.7382748 3.6526594 0.71894085 36.606342 -0.3980768918991089 0.6434255242347717
Cyclist 0.0 0 -0.46524858474731445 781.711669921875 152.8799591064453 832.0157470703125 197.26905822753906 1.8245534 1.7340379 0.65171945 7.9965286 0.65657645 28.106213 -0.1880616843700409 0.5845937132835388
Cyclist 0.0 0 -2.139267921447754 1014.5886840820312 151.19287109375 1046.2938232421875 188.54336547851562 1.7536074 1.7556378 0.43192276 20.49291 0.37952334 34.11185 -1.5982924699783325 0.5506346821784973
Cyclist 0.0 0 2.194913148880005 339.43060302734375 165.73870849609375 359.7972106933594 191.32473754882812 1.6544331 1.7914733 0.49206442 -18.177774 0.75922096 50.36392 1.8485357761383057 0.3276139497756958
Cyclist 0.0 0 -1.5302058458328247 809.4187622070312 156.0929412841797 819.79833984375 191.2728271484375 1.6377392 1.7025557 0.42949477 10.384746 0.522799 35.057545 -1.2422205209732056 0.24034985899925232
Cyclist 0.0 0 -1.6157994270324707 419.8327941894531 158.1807098388672 442.5404357910156 212.921142578125 1.0198517 1.842922 0.7132719 -6.0317664 1.0930456 24.389057 -1.8582489490509033 0.1276494413614273
Cyclist 0.0 0 -2.781503200531006 361.6313171386719 164.90139770507812 392.70343017578125 214.9401092529297 0.91257024 1.7999401 0.63849735 -8.325555 1.2403654 25.768852 -3.0940029621124268 0.11008640378713608
Car 0.0 0 -1.4122997522354126 441.42181396484375 173.0924072265625 519.8026123046875 229.4905242919922 3.7263849 1.428316 1.58453 -3.4106283 1.2423068 19.774265 -1.5830974578857422 0.8813623189926147
Car 0.0 0 -3.6881303787231445 1026.15869140625 145.18019104003906 1136.2220458984375 178.06588745117188 4.4073534 1.624345 1.7000954 24.166138 -0.1258218 36.006783 -3.097026824951172 0.28176596760749817
