Pedestrian 0.0 0 0.8962597846984863 274.2933044433594 166.3932342529297 340.3184509277344 274.2620849609375 0.75814855 1.6986488 0.67780095 -4.8656754 1.4620544 11.789228 0.5048344135284424 0.7869079113006592
Pedestrian 0.0 0 -0.6318067908287048 1058.8621826171875 149.35548400878906 1166.7734375 305.7449035644531 0.7516934 1.7027836 0.66145056 5.736249 1.3541476 8.156451 -0.018884528428316116 0.7108137011528015
Pedestrian 0.0 0 1.4503854513168335 805.8225708007812 158.17205810546875 880.2886962890625 315.7168273925781 0.8349428 1.6857996 0.6997564 2.6734748 1.4375392 8.161544 1.7669398784637451 0.6978942155838013
Pedestrian 0.0 0 -2.0181214809417725 710.9330444335938 164.90078735351562 795.71337890625 327.5207824707031 0.8529213 1.660291 0.58640724 1.5847803 1.492184 7.8165803 -1.8180869817733765 0.677545964717865
Pedestrian 0.0 0 -2.1764721870422363 620.2821044921875 170.3835906982422 660.114990234375 244.7665252685547 0.75226957 1.7148987 0.6258382 0.88058686 1.4598184 17.043106 -2.124849796295166 0.5847809314727783
Pedestrian 0.0 0 2.0008633136749268 357.4103698730469 168.43667602539062 401.3341064453125 256.3749694824219 0.6923968 1.7476108 0.62623894 -4.5607734 1.4892484 14.656402 1.6991819143295288 0.5755410194396973
Pedestrian 0.0 0 1.3659964799880981 794.469970703125 160.08612060546875 840.2939453125 270.70013427734375 0.7646773 1.6877068 0.5461511 3.3600729 1.3622853 11.361071 1.653552532196045 0.5383630990982056
Pedestrian 0.0 0 -1.3564441204071045 581.66357421875 171.4902801513672 597.8943481445312 206.3660888671875 0.76848215 1.789716 0.6962571 -0.6073379 1.2769125 37.305294 -1.372722864151001 0.365294873714447
Pedestrian 0.0 0 -1.7909941673278809 229.1391143798828 162.742919921875 260.7499084472656 226.9493408203125 0.8517581 1.7990776 0.64266336 -10.286036 1.2746481 20.658451 -2.2529678344726562 0.362273246049881
Pedestrian 0.0 0 2.4477169513702393 1107.903564453125 149.18768310546875 1200.1058349609375 288.12139892578125 0.71810985 1.7255429 0.60552317 7.042518 1.3255651 9.236761 3.099135160446167 0.360373854637146
Pedestrian 0.0 0 3.4075264930725098 385.3285217285156 165.04904174804688 408.6228942871094 214.35220336914062 0.68309945 1.7793194 0.6096606 -7.4832883 1.1866642 26.230532 3.129619836807251 0.3121767044067383
Pedestrian 0.0 0 -1.4405672550201416 656.9600830078125 174.60325622558594 680.19580078125 228.34776306152344 0.8127968 1.7304597 0.66160524 2.1855593 1.509496 23.595663 -1.348205327987671 0.2786861062049866
Pedestrian 0.0 0 -0.9011902809143066 993.5787353515625 153.40541076660156 1103.6302490234375 286.1982421875 1.2904935 1.7168417 0.60542524 6.0449944 1.3549461 9.78914 -0.3479875326156616 0.24713732302188873
Pedestrian 0.0 0 1.8625186681747437 382.5264587402344 168.27381896972656 433.94573974609375 262.53204345703125 1.3542343 1.7825896 0.6264689 -3.8532066 1.5337179 14.267976 1.5987510681152344 0.16650648415088654
Cyclist 0.0 0 -0.850131094455719 984.8474731445312 152.08718872070312 1107.6383056640625 285.820068359375 1.4710959 1.7246498 0.60058594 5.99683 1.3466675 9.765079 -0.29940134286880493 0.4758587181568146
Cyclist 0.0 0 1.920074224472046 372.35626220703125 172.8643798828125 434.3320617675781 268.5553894042969 1.7822233 1.7607913 0.6045282 -3.898562 1.6031541 14.12775 1.6508244276046753 0.3950948715209961
Car 0.0 0 1.6136292219161987 522.6806030273438 171.05282592773438 556.2941284179688 201.19607543945312 3.9725637 1.5075489 1.6018689 -3.2295234 0.9859351 37.941563 1.5287154912948608 0.4884171783924103
Car 0.0 0 1.705059289932251 408.24072265625 161.07467651367188 480.339599609375 223.16990661621094 4.4706335 1.8257989 1.7041457 -5.033048 1.22636 23.4133 1.4933162927627563 0.4426478147506714
