Pedestrian 0.0 0 -1.9457337856292725 133.7136688232422 150.5667266845703 193.5017852783203 262.7938537597656 0.71120876 1.7480049 0.6040566 -7.2854333 1.401225 11.6901045 -2.503047466278076 0.416826069355011
Pedestrian 0.0 0 1.8733071088790894 77.22110748291016 147.8043670654297 149.1892547607422 276.83978271484375 0.963939 1.8137012 0.6214696 -7.389113 1.4619653 10.691686 1.2685736417770386 0.3225802481174469
Pedestrian 0.0 0 -2.3211960792541504 1031.6802978515625 141.30416870117188 1071.671142578125 194.32766723632812 1.1777319 1.8670582 0.5833135 15.882965 0.7564864 26.039494 -1.7734875679016113 0.13187702000141144
Pedestrian 0.0 0 -0.7674190402030945 1089.948486328125 157.86886596679688 1124.1527099609375 210.98854064941406 0.7309399 1.753972 0.60179216 16.607489 1.2595322 24.178902 -0.1655672937631607 0.1306808590888977
Cyclist 0.0 0 -1.131917953491211 0.0 142.0880126953125 88.7752685546875 299.48394775390625 1.7845017 1.7525214 0.4826962 -7.2153373 1.4103161 8.955231 -1.8101321458816528 0.23765124380588531
Cyclist 0.0 0 1.8645999431610107 75.15902709960938 146.97946166992188 148.905517578125 278.5548095703125 1.0644141 1.836991 0.6181295 -7.390009 1.476101 10.672374 1.258963942527771 0.15635469555854797
Cyclist 0.0 0 -1.4446296691894531 142.0660400390625 152.71905517578125 191.42266845703125 265.9704895019531 1.1537894 1.7471119 0.54798704 -7.26114 1.436851 11.766869 -1.9975159168243408 0.1510351449251175
Cyclist 0.0 0 -1.0165019035339355 19.844707489013672 169.64389038085938 109.53497314453125 266.9248962402344 1.7012159 1.68705 0.5088065 -10.11227 1.631738 13.380716 -1.6636630296707153 0.14565184712409973
Cyclist 0.0 0 -2.3211960792541504 1031.6802978515625 141.30416870117188 1071.671142578125 194.32766723632812 1.1777319 1.8670582 0.5833135 15.882965 0.7564864 26.039494 -1.7734875679016113 0.10737994313240051
Car 0.0 0 1.246740698814392 725.480712890625 182.07640075683594 1002.8258666992188 367.02423095703125 3.8674195 1.4998338 1.6057818 2.3985949 1.6275572 8.002981 1.5379338264465332 0.8867772817611694
Car 0.0 0 2.3317806720733643 510.14105224609375 176.3182830810547 696.1126708984375 257.4949645996094 4.263088 1.5659046 1.7089418 -0.08029738 1.6544857 16.235203 2.3268349170684814 0.7931257486343384
Car 0.0 0 -2.321946144104004 855.1656494140625 195.88232421875 1242.0 375.0 3.8362775 1.4225534 1.5941768 2.5848548 1.5874192 3.183117 -1.6398998498916626 0.6703307032585144
