Pedestrian 0.0 0 -1.526847004890442 537.51123046875 175.26058959960938 551.2890014648438 213.50086975097656 0.91982853 1.664341 0.5690307 -2.939363 1.7727954 31.933445 -1.6186349391937256 0.16983824968338013
Pedestrian 0.0 0 -1.6746069192886353 657.1472778320312 171.91453552246094 672.2125854492188 206.6158905029297 0.6805839 1.7803842 0.71028274 2.791501 1.7325424 37.366943 -1.600040316581726 0.1635231226682663
Pedestrian 0.0 0 0.03232845664024353 325.90362548828125 170.18069458007812 336.36529541015625 199.68234252929688 0.6052073 1.8756225 0.6827792 -17.92111 1.7060201 46.292625 -0.33703121542930603 0.10550469905138016
Cyclist 0.0 0 -1.7625484466552734 802.8709716796875 180.16529846191406 818.1801147460938 220.1696014404297 1.5928231 1.7019063 0.34985605 8.788467 2.0326679 31.796505 -1.4928836822509766 0.12428665161132812
Cyclist 0.0 0 -1.5185143947601318 537.275634765625 175.13558959960938 551.3614501953125 213.32174682617188 1.0247725 1.6596516 0.57002246 -2.9432104 1.7626795 31.942608 -1.6103955507278442 0.1059473305940628
Car 0.0 0 1.9189426898956299 304.9516906738281 181.88172912597656 382.3951110839844 221.05433654785156 4.4101872 1.5007435 1.7003707 -11.316329 1.9149445 30.865631 1.567528486251831 0.7569392323493958
Car 0.0 0 -1.5501259565353394 553.0164794921875 177.71253967285156 713.3466796875 324.7120361328125 4.0907974 1.468358 1.6406924 0.28045246 1.5462421 9.426501 -1.5203832387924194 0.6508037447929382
Car 0.0 0 1.5755693912506104 590.8992919921875 172.9295654296875 637.4927368164062 217.47315979003906 3.644332 1.4919153 1.5614036 0.1118408 1.495188 25.999363 1.5798710584640503 0.31497594714164734
Car 0.0 0 2.2368688583374023 0.0 182.5731658935547 80.68445587158203 229.986083984375 3.9007156 1.5467962 1.5947963 -21.544739 1.9280527 26.308662 1.5506961345672607 0.11003021150827408
Car 0.0 0 0.8556523323059082 152.73422241210938 195.89065551757812 213.3282012939453 218.72439575195312 3.7890165 1.4879822 1.6018404 -30.270227 3.1637094 51.11427 0.3209826946258545 0.10694576799869537
