Car 0.0 0 -1.9750055074691772 332.1124572753906 193.4086456298828 466.25836181640625 270.0284729003906 3.8035269 1.4801505 1.6471757 -5.1008983 2.0212045 16.989954 -2.2666735649108887 0.8840864896774292
Car 0.0 0 1.359572172164917 826.5421752929688 171.49871826171875 939.4791870117188 242.7432098388672 4.273256 1.5296876 1.6919899 6.4830728 1.5009463 17.722845 1.7102556228637695 0.8372070789337158
Car 0.0 0 1.5586626529693604 738.41552734375 172.6368865966797 803.8469848632812 233.01431274414062 3.5530524 1.4481052 1.5454267 4.2019386 1.4432563 19.198738 1.7741304636001587 0.8082743883132935
Car 0.0 0 -2.2261669635772705 459.9104919433594 159.5659637451172 747.006591796875 312.7896728515625 4.677868 1.80976 1.7790293 -0.3973675 1.6531698 10.888113 -2.262646198272705 0.7882217764854431
Car 0.0 0 1.3704712390899658 219.01904296875 186.19476318359375 284.59185791015625 227.98757934570312 3.971427 1.4909389 1.6012253 -14.542601 2.0675895 29.108707 0.907146692276001 0.7340128421783447
Car 0.0 0 1.384199857711792 197.7943115234375 183.28562927246094 256.29339599609375 219.9011993408203 4.197147 1.5415102 1.6591281 -18.00301 2.0611305 33.75797 0.8942711353302002 0.5937355160713196
Car 0.0 0 1.7873399257659912 0.0 190.52923583984375 45.96747589111328 225.27450561523438 3.7498467 1.5734426 1.5810698 -30.218176 2.5242348 36.766384 1.0993890762329102 0.5284842848777771
Car 0.0 0 0.24431370198726654 407.7275695800781 179.70126342773438 498.6401062011719 212.4722137451172 3.818573 1.4538213 1.5966316 -7.213637 1.7775898 33.220833 0.030491113662719727 0.4301328659057617
Car 0.0 0 -2.6189191341400146 900.9866943359375 171.9623260498047 1070.493408203125 230.3416290283203 3.9564614 1.4767071 1.6160364 10.406893 1.4545101 20.347984 -2.1461567878723145 0.38401520252227783
Car 0.0 0 -1.572865605354309 172.65965270996094 184.875732421875 196.60862731933594 205.4093017578125 3.6573565 1.505721 1.5911316 -33.748642 2.4921684 57.20313 -2.105884075164795 0.33658504486083984
