Cyclist 0.0 0 -1.457899808883667 673.7329711914062 184.5533447265625 703.5000610351562 252.06124877929688 1.7960061 1.7028471 0.5900361 2.1172957 1.6872711 19.069994 -1.347325086593628 0.3257245123386383
Car 0.0 0 -1.0920339822769165 31.915672302246094 190.2050323486328 402.5861511230469 376.0 3.8587098 1.4143414 1.5966595 -3.537444 1.4797971 7.3129153 -1.5425775051116943 0.9006708860397339
Car 0.0 0 -1.254473090171814 325.67059326171875 186.38670349121094 414.71356201171875 235.75039672851562 3.803856 1.4308633 1.5733846 -7.4687114 1.4722816 22.825325 -1.5707039833068848 0.8866784572601318
Car 0.0 0 -1.412489652633667 440.4488830566406 179.67112731933594 527.4055786132812 243.963134765625 4.373397 1.5635071 1.6626643 -3.3010454 1.429801 19.671204 -1.578751564025879 0.8581382632255554
Car 0.0 0 -1.3549861907958984 410.27105712890625 182.2072296142578 464.1732177734375 215.9635467529297 3.7603927 1.4386472 1.6047112 -7.680441 1.311562 32.525707 -1.586872935295105 0.7570286989212036
Car 0.0 0 -1.1983401775360107 292.7325744628906 183.6774139404297 360.9715576171875 218.77841186523438 3.6966207 1.4620727 1.5722091 -12.370597 1.3991299 31.788313 -1.5694630146026611 0.5466992259025574
Car 0.0 0 2.138310194015503 44.959320068359375 185.8773651123047 259.8203125 282.45672607421875 3.3286552 1.4122932 1.5099082 -7.537716 1.4262041 12.20605 1.5850938558578491 0.5341113805770874
Car 0.0 0 -1.0020742416381836 0.0 189.9164581298828 137.6947784423828 273.1564636230469 4.0337405 1.4101573 1.6071612 -11.490117 1.5197719 14.497962 -1.6722456216812134 0.5150151252746582
Car 0.0 0 -1.5004349946975708 583.55810546875 180.5198211669922 622.3780517578125 212.88682556152344 3.5800595 1.4827341 1.6312522 -0.21745634 1.2687472 34.765667 -1.5066897869110107 0.4312416911125183
Car 0.0 0 1.7255505323410034 490.53924560546875 182.52703857421875 538.0770874023438 215.9127197265625 4.3147717 1.5375206 1.667847 -4.5485253 1.4148307 35.280663 1.5973337888717651 0.31921592354774475
