Pedestrian 0.0 0 -1.3106544017791748 645.9886474609375 173.45291137695312 665.5586547851562 214.3207244873047 0.83436483 1.6936796 0.6299103 2.2778463 1.3611692 30.264833 -1.235532283782959 0.524887204170227
Pedestrian 0.0 0 -1.7113522291183472 481.5078125 166.34109497070312 522.6343994140625 250.18055725097656 0.91614354 1.7609924 0.7624999 -2.2091508 1.4438226 15.631355 -1.8517506122589111 0.4762141704559326
Pedestrian 0.0 0 -1.6508610248565674 698.2167358398438 183.8541717529297 731.5569458007812 258.8770751953125 0.9076871 1.6939411 0.6928285 2.5953565 1.7515254 16.724695 -1.4969079494476318 0.2818632423877716
Pedestrian 0.0 0 2.788546562194824 841.7552490234375 138.73690795898438 889.5621337890625 219.0709228515625 0.90648377 1.8547778 0.58531415 6.1637225 0.86865777 16.876495 3.1387202739715576 0.21727754175662994
Pedestrian 0.0 0 -1.3390932083129883 688.45703125 182.10704040527344 718.1759643554688 246.2340545654297 0.81458086 1.7460086 0.6538837 2.8207748 1.7645271 20.06316 -1.1994140148162842 0.16378024220466614
Cyclist 0.0 0 -1.6383640766143799 672.6576538085938 170.46665954589844 693.1679077148438 222.2376708984375 1.8101975 1.742388 0.5858684 2.8098896 1.3721325 25.09053 -1.526838779449463 0.3039320111274719
Cyclist 0.0 0 -2.749406099319458 491.3171081542969 169.5516815185547 555.6641845703125 224.03863525390625 1.9023839 1.699641 0.77037644 -2.5218823 1.3280396 23.040405 -2.858426809310913 0.26589587330818176
Cyclist 0.0 0 1.223900318145752 763.0587158203125 143.16357421875 797.904541015625 198.94473266601562 1.6566445 1.8054615 0.6027757 5.96445 0.56572586 24.102842 1.4664853811264038 0.18381837010383606
Cyclist 0.0 0 -1.5277352333068848 149.87408447265625 200.69464111328125 211.08261108398438 348.5563049316406 1.7210103 1.6065938 0.5870451 -5.2449894 1.8706748 8.933093 -2.0586462020874023 0.1812458634376526
Cyclist 0.0 0 -1.7178138494491577 698.1206665039062 182.98094177246094 734.6575927734375 259.27459716796875 1.100576 1.7113647 0.67981285 2.620975 1.7481062 16.68512 -1.5620025396347046 0.14218451082706451
Car 0.0 0 3.001190662384033 447.9775695800781 179.4392852783203 529.6867065429688 207.74989318847656 4.116797 1.4555118 1.6300598 -6.0196986 1.3504279 38.309048 2.845329999923706 0.2988848388195038
Car 0.0 0 2.9080543518066406 524.3037109375 174.30857849121094 611.7808837890625 203.7403564453125 4.531664 1.5595847 1.7182754 -1.8513206 1.1793555 39.514378 2.861236810684204 0.16197338700294495
