Pedestrian 0.0 0 -1.2091221809387207 494.6451416015625 158.9971466064453 572.3656005859375 304.5872497558594 1.0007622 1.6738183 0.6415237 -0.90621924 1.428289 8.689431 -1.313036322593689 0.6899448037147522
Pedestrian 0.0 0 -1.5018303394317627 839.359619140625 174.07733154296875 868.5503540039062 245.59259033203125 0.818446 1.7540357 0.6417999 6.2509203 1.5981067 17.83933 -1.1647982597351074 0.19582608342170715
Pedestrian 0.0 0 -1.2687715291976929 482.64697265625 165.82984924316406 536.3541259765625 265.37567138671875 1.260077 1.750145 0.64403534 -1.7919799 1.4938687 13.100469 -1.4047152996063232 0.1694777011871338
Pedestrian 0.0 0 -0.6275696754455566 51.01067352294922 191.0963897705078 107.92074584960938 251.14886474609375 1.1896874 1.6627672 0.61378753 -15.228958 1.9809777 20.464132 -1.2673343420028687 0.1602940410375595
Pedestrian 0.0 0 2.9174370765686035 626.2003784179688 168.64515686035156 685.0082397460938 268.91595458984375 0.9593977 1.7818295 0.61242324 0.87314266 1.5728096 12.936758 2.984827995300293 0.14276093244552612
Pedestrian 0.0 0 1.8158835172653198 257.4695129394531 173.01426696777344 303.6510009765625 265.92840576171875 0.70975095 1.7391104 0.65944755 -6.2901435 1.6006335 13.639132 1.3837683200836182 0.11975576728582382
Pedestrian 0.0 0 1.5067930221557617 963.98193359375 133.0618133544922 1014.6309204101562 249.44581604003906 1.6710428 1.7610637 0.61346006 6.2202716 1.0449134 11.581136 1.9996812343597412 0.11932863295078278
Pedestrian 0.0 0 -0.3207194209098816 745.7635498046875 125.429443359375 805.9169921875 232.200927734375 0.87721413 1.8142368 0.5925478 2.928143 0.88013834 12.342629 -0.08778747916221619 0.1181502491235733
Pedestrian 0.0 0 -0.6822972297668457 984.9465942382812 193.33580017089844 1123.817626953125 370.0 0.6513801 1.6256279 0.58755344 3.2845178 1.7294205 5.285823 -0.12630349397659302 0.11792021244764328
Cyclist 0.0 0 1.5067930221557617 963.98193359375 133.0618133544922 1014.6309204101562 249.44581604003906 1.6710428 1.7610637 0.61346006 6.2202716 1.0449134 11.581136 1.9996812343597412 0.2607879638671875
Cyclist 0.0 0 -2.2923808097839355 0.0 176.11183166503906 82.22062683105469 259.4957275390625 1.9522505 1.616633 0.7234944 -11.726616 1.5331879 14.21532 -2.982138156890869 0.21196097135543823
Cyclist 0.0 0 -1.536839246749878 80.7081527709961 154.30128479003906 116.23506164550781 249.49427795410156 1.6257571 1.6572899 0.48486683 -9.4223 1.2028209 13.115176 -2.1598258018493652 0.1470584124326706
Cyclist 0.0 0 0.37561899423599243 44.21027755737305 191.24798583984375 105.91969299316406 251.57432556152344 1.2605864 1.6812418 0.686192 -15.28704 2.0001724 20.374916 -0.2680659294128418 0.13940972089767456
Cyclist 0.0 0 -2.151477575302124 1140.93115234375 156.13121032714844 1224.0 258.4827880859375 1.6882087 1.6412123 0.5734643 10.0628 1.252112 12.202855 -1.4618996381759644 0.13626791536808014
Cyclist 0.0 0 -1.2687715291976929 482.64697265625 165.82984924316406 536.3541259765625 265.37567138671875 1.260077 1.750145 0.64403534 -1.7919799 1.4938687 13.100469 -1.4047152996063232 0.12266726791858673
Cyclist 0.0 0 -1.2091221809387207 494.6451416015625 158.9971466064453 572.3656005859375 304.5872497558594 1.0007622 1.6738183 0.6415237 -0.90621924 1.428289 8.689431 -1.313036322593689 0.11519908905029297
Car 0.0 0 1.6620062589645386 57.639644622802734 187.2340850830078 121.6451644897461 231.27598571777344 3.929945 1.464593 1.5664474 -19.05766 1.7358984 26.234884 1.0337650775909424 0.1868838667869568
Car 0.0 0 1.9075030088424683 486.6873474121094 147.0623016357422 583.115966796875 205.50604248046875 4.0882025 1.586031 1.6319159 -2.0291576 0.6801884 21.362818 1.8128015995025635 0.12612517178058624
