Pedestrian 0.0 0 -1.7094223499298096 893.4346923828125 170.13011169433594 924.8408203125 235.59707641601562 0.803263 1.7450987 0.6857334 8.112419 1.6728485 19.705112 -1.318878173828125 0.3319300711154938
Pedestrian 0.0 0 1.4629991054534912 1009.8197631835938 137.8306427001953 1036.85595703125 199.42678833007812 0.72933716 1.8865906 0.65735775 12.871783 0.81423986 22.562351 1.9814436435699463 0.2598167061805725
Pedestrian 0.0 0 2.3183186054229736 1050.9996337890625 118.37151336669922 1116.947509765625 217.42669677734375 0.8538012 1.848179 0.65519035 9.059075 0.8319985 13.881138 2.896531820297241 0.20599882304668427
Pedestrian 0.0 0 2.2770111560821533 263.6316833496094 180.5290985107422 283.6790466308594 205.27267456054688 1.5024 1.7999882 0.49950826 -25.082663 2.380713 53.767067 1.8405158519744873 0.12101666629314423
Cyclist 0.0 0 -0.9002910852432251 0.0 192.40805053710938 36.21269226074219 231.96975708007812 1.6818209 1.7086368 0.34010157 -26.981314 2.621852 32.837635 -1.588099479675293 0.38625282049179077
Cyclist 0.0 0 2.2770111560821533 263.6316833496094 180.5290985107422 283.6790466308594 205.27267456054688 1.5024 1.7999882 0.49950826 -25.082663 2.380713 53.767067 1.8405158519744873 0.16829609870910645
Cyclist 0.0 0 -3.091675281524658 889.8390502929688 169.29638671875 941.7149047851562 215.5384979248047 1.8017315 1.7288892 0.6398922 11.673618 1.5962358 27.653444 -2.692229747772217 0.15338680148124695
Car 0.0 0 2.0366525650024414 158.34237670898438 190.0404815673828 330.6341247558594 271.7585144042969 4.22639 1.4623386 1.639794 -7.8641977 1.892418 15.919291 1.577812910079956 0.852103054523468
Car 0.0 0 -1.5365785360336304 591.7236328125 178.1485137939453 624.3316040039062 208.23228454589844 3.9941652 1.5054996 1.6212014 -0.097781084 1.8057072 38.838985 -1.5390961170196533 0.5553262233734131
Car 0.0 0 1.7782927751541138 459.8547668457031 180.03652954101562 505.3344421386719 211.89093017578125 3.8246577 1.5187123 1.5555233 -6.5482764 1.9087728 37.208523 1.6040880680084229 0.22482925653457642
Car 0.0 0 1.7383263111114502 437.82110595703125 178.5864715576172 487.07672119140625 214.74021911621094 3.7062204 1.4843013 1.5502186 -6.5397263 1.7545799 32.093746 1.537308931350708 0.17022700607776642
