Pedestrian 0.0 0 -0.7721301317214966 1043.5853271484375 180.27191162109375 1078.3079833984375 228.3421173095703 0.8883175 1.7666503 0.6711445 16.869604 2.0496562 27.067766 -0.21480035781860352 0.40289974212646484
Pedestrian 0.0 0 -3.177290201187134 957.4172973632812 173.2185516357422 979.0465087890625 217.07119750976562 0.7811406 1.7927217 0.62301767 14.820908 1.8084363 29.946115 -2.7177155017852783 0.329413503408432
Pedestrian 0.0 0 -1.924806833267212 994.8614501953125 162.36148071289062 1029.2132568359375 218.66526794433594 1.1459066 1.8255129 0.63862646 13.317828 1.4856766 24.006163 -1.4183111190795898 0.21883195638656616
Pedestrian 0.0 0 1.4102883338928223 1078.4559326171875 145.5682830810547 1107.94970703125 207.39930725097656 0.7832731 1.926082 0.6618892 15.326815 1.0764699 22.967348 1.9987504482269287 0.2084725797176361
Pedestrian 0.0 0 -0.5319128036499023 939.6473388671875 173.24720764160156 967.8359985351562 222.0924835205078 0.7166088 1.7824898 0.6368439 12.663802 1.79758 26.682575 -0.0887831598520279 0.20003266632556915
Pedestrian 0.0 0 -0.7545523643493652 1024.2637939453125 160.97244262695312 1061.0865478515625 216.06149291992188 0.8564629 1.8351177 0.65091145 14.60815 1.4396793 24.442623 -0.21586206555366516 0.1939655840396881
Pedestrian 0.0 0 -1.9827916622161865 922.647216796875 181.72128295898438 962.3422241210938 245.06179809570312 0.9286989 1.7768446 0.72868884 9.544768 2.0391374 20.84044 -1.5533109903335571 0.18151737749576569
Pedestrian 0.0 0 -1.749976634979248 1169.1392822265625 194.5946807861328 1242.0 339.4417419433594 0.744671 1.7072629 0.7242422 7.5646596 1.9986572 9.154366 -1.0593771934509277 0.16102290153503418
Pedestrian 0.0 0 -1.4428200721740723 669.9153442382812 151.75161743164062 683.2840576171875 187.0503692626953 0.58205426 1.9927416 0.6901402 3.7601209 0.80179393 41.089756 -1.3515642881393433 0.15839868783950806
Cyclist 0.0 0 -3.736386775970459 1114.3665771484375 190.30697631835938 1242.0 305.2280578613281 1.8989671 1.7129954 0.79426265 9.142174 1.9999146 11.370274 -3.0591862201690674 0.2647033631801605
Cyclist 0.0 0 -0.7358654141426086 1041.3223876953125 179.9626007080078 1081.4439697265625 227.86233520507812 1.1327449 1.7615211 0.65115875 16.89163 2.0328207 27.0776 -0.1781129091978073 0.20631711184978485
Cyclist 0.0 0 -1.8950587511062622 993.8638916015625 162.8688507080078 1028.423095703125 218.98049926757812 1.3347882 1.8176594 0.6120406 13.327938 1.4945626 24.082094 -1.3895801305770874 0.17019039392471313
Car 0.0 0 -1.7163236141204834 783.8024291992188 183.7152099609375 849.8025512695312 232.75439453125 4.082249 1.5282838 1.6511372 7.1841908 1.9454577 25.557281 -1.4422937631607056 0.8398723602294922
Car 0.0 0 0.9213228821754456 1033.596435546875 204.37705993652344 1242.0 375.0 3.9855242 1.469302 1.6013262 3.3549411 1.693183 3.005043 1.7616811990737915 0.5634289979934692
