Pedestrian 0.0 0 -1.9077324867248535 1024.963134765625 156.95266723632812 1112.3597412109375 322.0433349609375 0.69921774 1.7215793 0.6104115 4.962765 1.5561167 7.929797 -1.3485310077667236 0.5356147289276123
Pedestrian 0.0 0 -0.614739716053009 867.1441650390625 147.9664306640625 942.40234375 279.8271484375 0.75516355 1.773371 0.6188302 4.058022 1.4390203 10.089119 -0.23232297599315643 0.4404257535934448
Pedestrian 0.0 0 2.4896597862243652 854.66259765625 154.862060546875 922.3468627929688 275.1767272949219 0.76864684 1.7876939 0.59590524 4.2292614 1.5207186 11.113138 2.853299617767334 0.2620752155780792
Pedestrian 0.0 0 1.2135791778564453 1118.564208984375 156.04745483398438 1228.5787353515625 333.2126159667969 0.8894307 1.760662 0.64910954 5.912448 1.5939969 7.688342 1.8691389560699463 0.20839805901050568
Pedestrian 0.0 0 -0.8357218503952026 835.2200317382812 154.7006072998047 891.6539916992188 260.7086486816406 0.67730176 1.7478719 0.614504 4.274054 1.4489146 12.326332 -0.5019526481628418 0.17415733635425568
Cyclist 0.0 0 -1.3379956483840942 524.84423828125 183.18638610839844 544.86669921875 232.77078247070312 1.549912 1.6235155 0.33737442 -2.611367 1.9895253 24.741587 -1.4431519508361816 0.3412504494190216
Cyclist 0.0 0 -0.18918821215629578 562.3373413085938 183.9788818359375 599.300537109375 220.421630859375 1.7597464 1.7935857 0.7122243 -1.5132252 2.3635242 36.391243 -0.23074640333652496 0.2762831151485443
Cyclist 0.0 0 -1.532458782196045 753.2831420898438 154.3132781982422 768.3796997070312 206.81802368164062 1.6277236 1.6982162 0.43636957 5.0172396 1.0988921 24.17715 -1.327843189239502 0.2200794517993927
Cyclist 0.0 0 -1.932485580444336 1113.9261474609375 159.32870483398438 1225.939453125 335.62359619140625 1.0954924 1.7478939 0.59594697 5.9225 1.614154 7.761113 -1.280653476715088 0.10003314912319183
Car 0.0 0 1.4139041900634766 597.2514038085938 179.02926635742188 632.3265380859375 206.77268981933594 3.413774 1.5191816 1.5252845 0.20719796 1.8954105 42.11256 1.4188241958618164 0.6738685965538025
Car 0.0 0 -1.2606070041656494 419.2999572753906 163.83656311035156 542.4342041015625 246.6721954345703 4.1141047 1.6939812 1.6427243 -2.911245 1.5099334 16.903986 -1.4311563968658447 0.21046651899814606
Car 0.0 0 -0.6000216007232666 0.0 116.37564849853516 195.17996215820312 375.0 3.8863926 1.4301604 1.5740191 -3.3295298 1.3998052 2.343039 -1.5576032400131226 0.17098750174045563
Car 0.0 0 -1.577557921409607 712.9183959960938 171.03460693359375 732.9005126953125 191.2876739501953 3.6178188 1.6462426 1.6078278 9.4370775 1.4987129 60.554024 -1.4229559898376465 0.14596596360206604
