Pedestrian 0.0 0 1.461937665939331 971.5210571289062 155.80909729003906 1007.1134033203125 225.51185607910156 1.0065637 1.7942741 0.7292292 10.01754 1.355866 19.172417 1.9434208869934082 0.5659299492835999
Pedestrian 0.0 0 2.0418756008148193 540.9782104492188 179.67855834960938 566.4307861328125 219.30218505859375 1.3398399 1.6329536 0.5312387 -2.427583 1.9305413 30.701778 1.9629700183868408 0.15455807745456696
Pedestrian 0.0 0 -1.380659580230713 0.0 175.75460815429688 44.02136993408203 286.7018127441406 1.6625185 1.7687917 0.5260949 -10.282232 1.822449 12.40044 -2.0729434490203857 0.13167829811573029
Pedestrian 0.0 0 -2.1293392181396484 1041.98095703125 147.7239227294922 1091.7945556640625 221.40077209472656 1.006216 1.8480936 0.648635 11.713866 1.2180946 18.600378 -1.5673208236694336 0.11697994917631149
Pedestrian 0.0 0 -2.4977736473083496 209.23927307128906 166.63694763183594 246.0701446533203 231.15884399414062 0.7215822 1.8146408 0.58996665 -10.978405 1.6401478 20.637203 -2.9866702556610107 0.11529165506362915
Pedestrian 0.0 0 0.8996071815490723 1069.783935546875 142.9713897705078 1122.8992919921875 224.26715087890625 0.8662843 1.8649828 0.63651884 11.4009 1.1798123 17.007215 1.4901599884033203 0.10756784677505493
Cyclist 0.0 0 -1.380659580230713 0.0 175.75460815429688 44.02136993408203 286.7018127441406 1.6625185 1.7687917 0.5260949 -10.282232 1.822449 12.40044 -2.0729434490203857 0.2649061381816864
Cyclist 0.0 0 2.0075347423553467 540.6318969726562 179.67642211914062 566.8844604492188 219.63551330566406 1.5163094 1.6415833 0.52392966 -2.424191 1.9399705 30.714876 1.9287723302841187 0.23059624433517456
Cyclist 0.0 0 1.4331451654434204 972.776611328125 154.92845153808594 1008.1259155273438 224.1298828125 1.1756275 1.7718829 0.67106795 10.02837 1.3132625 19.138674 1.9157958030700684 0.2011076658964157
Car 0.0 0 1.9128937721252441 204.5886993408203 187.96653747558594 502.14337158203125 375.0 3.7473211 1.4506907 1.5625352 -2.2794518 1.6442388 7.317504 1.6109139919281006 0.8918989896774292
Car 0.0 0 -1.421861171722412 84.21148681640625 163.8470458984375 188.19647216796875 235.42311096191406 3.873823 1.6089444 1.638749 -11.92799 1.4068369 18.318825 -1.9990324974060059 0.15208423137664795
Car 0.0 0 1.5993906259536743 419.08447265625 191.9287567138672 478.92254638671875 250.52471923828125 3.983935 1.5150961 1.6346916 -4.921522 2.1565795 22.138453 1.3806413412094116 0.10670309513807297
