Car 0.0 0 -0.56196528673172 864.77978515625 191.5491943359375 1111.7645263671875 279.5915222167969 3.6831222 1.4248506 1.571417 6.670101 1.7871678 13.021489 -0.08857528865337372 0.8235068321228027
Car 0.0 0 2.9073596000671387 715.8795776367188 181.8179931640625 846.8499145507812 228.5015106201172 4.145464 1.5456096 1.6871732 5.8346176 1.8680764 25.069607 3.1360256671905518 0.8225927948951721
Car 0.0 0 -2.5906527042388916 11.277828216552734 188.2088165283203 352.65264892578125 300.84014892578125 3.8973165 1.4223778 1.5822196 -5.9161224 1.6571882 10.176121 -3.1172633171081543 0.8176900148391724
Car 0.0 0 3.785752773284912 0.0 181.5063934326172 248.49363708496094 332.3872375488281 3.786685 1.431598 1.5762218 -6.250666 1.5355675 7.7891636 3.109499931335449 0.8078070878982544
Car 0.0 0 0.5112571716308594 219.46298217773438 184.1957550048828 441.43603515625 264.47186279296875 3.966081 1.4946294 1.6290232 -5.7165165 1.7452408 14.828476 0.14330482482910156 0.8024514317512512
Car 0.0 0 0.5023884773254395 269.17230224609375 186.01617431640625 457.1658630371094 253.56466674804688 3.95344 1.4616579 1.6031697 -5.869289 1.7960986 17.181082 0.1732044219970703 0.7273182272911072
Car 0.0 0 -0.5041815638542175 820.2677001953125 181.09927368164062 1031.034912109375 257.8294982910156 3.8064506 1.506341 1.6247389 6.5858955 1.6938101 15.373887 -0.09944985061883926 0.6701501607894897
Car 0.0 0 3.3739068508148193 299.7483825683594 172.67709350585938 461.02978515625 230.129150390625 3.9445348 1.498806 1.6196297 -6.234345 1.494549 19.772427 3.0684685707092285 0.668731153011322
Car 0.0 0 0.22705797851085663 423.2349853515625 178.9432373046875 523.2303466796875 213.81393432617188 4.2536674 1.5445366 1.6760877 -6.2812705 1.8328973 33.201294 0.04008030891418457 0.6267218589782715
Car 0.0 0 -1.6233100891113281 643.1707763671875 183.91043090820312 676.074951171875 212.45420837402344 3.8004625 1.4272975 1.5887454 2.6352873 2.0617836 39.46885 -1.5566402673721313 0.553420901298523
Car 0.0 0 0.48727503418922424 129.1323699951172 186.7473602294922 380.58099365234375 276.7568664550781 3.6720116 1.4475915 1.5615963 -6.182134 1.7088902 12.705424 0.03442549705505371 0.5531070828437805
Car 0.0 0 2.257478713989258 1059.5928955078125 215.432861328125 1242.0 375.0 3.962726 1.4421899 1.5997555 5.8721466 1.8286209 5.5944724 3.0670878887176514 0.5168234705924988
