Pedestrian 0.0 0 1.6661500930786133 494.9162902832031 177.2769012451172 509.62591552734375 212.91220092773438 1.7198719 1.7802901 0.5900659 -5.5732183 2.0136623 37.13587 1.5171854496002197 0.17786726355552673
Pedestrian 0.0 0 1.5812410116195679 514.9088134765625 177.57118225097656 525.90771484375 211.7336883544922 1.8212707 1.7877736 0.57278466 -4.8658967 2.048936 38.952484 1.4569660425186157 0.12863582372665405
Cyclist 0.0 0 1.5936310291290283 514.8807373046875 177.6155242919922 526.2581787109375 211.8730010986328 1.8283371 1.7904325 0.56975347 -4.8513055 2.0537515 38.90679 1.469580888748169 0.6213657855987549
Cyclist 0.0 0 1.7016637325286865 494.3632507324219 177.20654296875 510.13702392578125 212.36956787109375 1.7357483 1.7578312 0.58420515 -5.5767703 1.9876134 37.156727 1.5526878833770752 0.4403221011161804
Car 0.0 0 -1.4048113822937012 93.00940704345703 192.86886596679688 175.60623168945312 248.75059509277344 3.6905658 1.489146 1.5736006 -14.877245 2.1740046 22.667671 -1.9856165647506714 0.8613453507423401
Car 0.0 0 -1.7652795314788818 701.1632080078125 163.35507202148438 827.1795654296875 260.5372619628906 4.1364255 1.6749144 1.649606 2.8675058 1.5115601 14.501618 -1.5700609683990479 0.7827490568161011
Car 0.0 0 -1.7361130714416504 640.9951782226562 175.42701721191406 693.1672973632812 216.48587036132812 3.290463 1.5198318 1.5308641 2.1657808 1.6283715 28.626862 -1.6606013774871826 0.7421931028366089
Car 0.0 0 -1.7135400772094727 572.48876953125 179.8878936767578 605.005859375 204.8337860107422 3.6228044 1.5382489 1.6343346 -1.467063 2.0204625 47.500816 -1.744415283203125 0.6571794748306274
Car 0.0 0 1.5781923532485962 452.5879211425781 179.7584991455078 492.2463073730469 217.1781463623047 3.6919255 1.4699447 1.577236 -5.9415174 1.78592 31.02195 1.3889577388763428 0.616388201713562
Car 0.0 0 1.4294190406799316 681.611083984375 174.57891845703125 762.7263793945312 236.3009033203125 3.935627 1.5008402 1.6105489 2.892478 1.5528325 19.624258 1.5757583379745483 0.5632779002189636
Car 0.0 0 -1.5814588069915771 554.76318359375 178.8564910888672 575.700927734375 199.07666015625 3.8358183 1.5318766 1.6190071 -3.6335182 2.0295339 57.803818 -1.6442357301712036 0.39308425784111023
Car 0.0 0 -1.7456027269363403 613.9925537109375 175.0543975830078 656.0470581054688 208.12464904785156 3.1396775 1.5317041 1.5253762 1.1437232 1.6447902 35.299873 -1.7132138013839722 0.3692649304866791
