Pedestrian 0.0 0 -2.5442166328430176 133.19419860839844 152.68296813964844 264.4315185546875 327.1312255859375 0.98777765 1.7428076 0.6774472 -4.2956347 1.4665986 7.432725 -3.068254232406616 0.7841390371322632
Pedestrian 0.0 0 -1.5046619176864624 839.6751098632812 175.01727294921875 868.9246215820312 244.60357666015625 0.7793369 1.708275 0.64773756 6.258769 1.5752772 17.83794 -1.1672136783599854 0.28903481364250183
Pedestrian 0.0 0 -0.4467153549194336 49.76935958862305 189.71681213378906 106.17445373535156 249.6910858154297 1.143072 1.6598344 0.6391459 -15.24334 1.9361662 20.418781 -1.0879952907562256 0.14911213517189026
Pedestrian 0.0 0 -3.4057114124298096 823.3195190429688 188.3374481201172 866.6091918945312 278.43988037109375 0.657611 1.7279814 0.66183215 4.6884236 1.8883471 13.965586 -3.0818209648132324 0.13891147077083588
Pedestrian 0.0 0 -0.7006499767303467 982.6978759765625 192.7913818359375 1122.4937744140625 370.0 0.6639536 1.6216389 0.58037215 3.2664022 1.7209971 5.276765 -0.14636528491973877 0.1333111822605133
Pedestrian 0.0 0 -1.8749366998672485 836.3428955078125 149.67800903320312 890.6024780273438 253.43154907226562 0.97981346 1.7771382 0.640688 4.5477204 1.2508521 12.608618 -1.5287761688232422 0.1307675987482071
Pedestrian 0.0 0 -2.0814554691314697 1113.3199462890625 186.8488311767578 1224.0 370.0 0.6893388 1.6661057 0.6604535 4.320282 1.7191087 5.311557 -1.39861261844635 0.12721703946590424
Cyclist 0.0 0 0.4482458829879761 34.2545051574707 190.3660125732422 108.3750991821289 251.62928771972656 1.5711938 1.7086829 0.66502166 -15.373699 2.0010054 20.351103 -0.19871710240840912 0.28837689757347107
Cyclist 0.0 0 -2.0789027214050293 0.0 180.14552307128906 59.49742889404297 264.319580078125 1.764149 1.6225528 0.5880908 -11.909945 1.6173527 14.213932 -2.776333808898926 0.15872885286808014
Cyclist 0.0 0 -2.584293842315674 126.9788818359375 159.03573608398438 263.5144348144531 330.4119873046875 1.0507171 1.719096 0.6659597 -4.3323946 1.5054793 7.4359765 -3.1118404865264893 0.15105879306793213
Cyclist 0.0 0 -2.211425304412842 1140.71923828125 154.98764038085938 1224.0 257.3465576171875 1.6787757 1.6414894 0.53224677 10.062175 1.234012 12.1852455 -1.5211689472198486 0.14328424632549286
Car 0.0 0 -2.452362060546875 227.41653442382812 200.51585388183594 385.57550048828125 259.3222961425781 3.8987212 1.4369481 1.5824974 -8.238879 2.0273283 19.480413 -2.8524792194366455 0.15681393444538116
Car 0.0 0 2.177422523498535 0.0 184.5557403564453 118.87327575683594 234.7733917236328 4.059378 1.5109642 1.6127703 -18.424953 1.6601856 23.673643 1.5160605907440186 0.13235247135162354
Car 0.0 0 2.022674560546875 1137.5040283203125 195.49240112304688 1224.0 370.0 3.677209 1.4624423 1.5855746 6.843828 1.6246173 6.277562 2.8512020111083984 0.11489669978618622
