Pedestrian 0.0 0 2.156080961227417 283.48187255859375 136.9707794189453 329.2695617675781 218.85850524902344 0.8289049 1.8104554 0.60387677 -6.946277 1.0174713 16.41263 1.755712628364563 0.5553308725357056
Pedestrian 0.0 0 1.354294776916504 1051.027587890625 161.5384521484375 1127.4420166015625 282.4583435058594 1.6749315 1.6403763 0.5850048 6.989885 1.4872295 10.672242 1.9341485500335693 0.16086062788963318
Cyclist 0.0 0 -1.8001165390014648 1051.2425537109375 159.38406372070312 1128.42626953125 281.6165466308594 1.7037147 1.6613953 0.5703996 7.0177836 1.4786685 10.702441 -1.2197321653366089 0.45364925265312195
Cyclist 0.0 0 2.5329384803771973 1035.0867919921875 121.24332427978516 1155.5001220703125 221.4088897705078 1.7808781 1.7712252 0.6168737 8.725037 0.85895264 13.082797 3.1211087703704834 0.3030698597431183
Car 0.0 0 1.8556145429611206 341.995849609375 178.38816833496094 487.3111877441406 274.2037658691406 3.8701572 1.5297383 1.6128349 -3.5693855 1.6502281 13.701524 1.6007686853408813 0.8986297249794006
Car 0.0 0 -1.967797875404358 793.6243896484375 145.98150634765625 1116.791259765625 324.5660705566406 4.1109915 1.4732991 1.6049117 3.31842 1.2519625 8.00868 -1.5749799013137817 0.8940340280532837
Car 0.0 0 -1.4002693891525269 527.22412109375 168.35569763183594 596.8412475585938 217.82264709472656 4.3239365 1.5242018 1.6393894 -1.5720869 1.3859558 24.46642 -1.4644360542297363 0.8527157306671143
Car 0.0 0 -1.357617735862732 716.3048095703125 169.6908416748047 799.4716796875 227.16380310058594 3.6567886 1.4930162 1.6014303 4.2813997 1.4112028 20.737183 -1.1540184020996094 0.8402132987976074
Car 0.0 0 1.7912063598632812 436.9179382324219 173.42723083496094 509.6811828613281 222.23951721191406 4.03397 1.5517558 1.632395 -4.686569 1.5736233 25.027683 1.6060947179794312 0.7811396718025208
Car 0.0 0 -1.1030241250991821 765.0820922851562 168.12168884277344 864.2085571289062 215.2053680419922 4.1803203 1.5224141 1.6517543 7.234389 1.3697563 25.423988 -0.8258014917373657 0.379842072725296
