Pedestrian 0.0 0 -2.091306686401367 75.27416229248047 178.58950805664062 133.08741760253906 259.8380432128906 0.78534186 1.6479189 0.6891506 -10.531123 1.6107956 14.81309 -2.7093329429626465 0.6677641272544861
Pedestrian 0.0 0 0.2554874122142792 228.05926513671875 162.68995666503906 277.3446044921875 242.14744567871094 0.8882975 1.7972966 0.6551809 -8.199047 1.396051 16.400476 -0.20810210704803467 0.65062415599823
Pedestrian 0.0 0 -2.5511531829833984 125.9115982055664 178.8851318359375 171.97698974609375 252.4569549560547 0.66522545 1.6820856 0.6302848 -10.662557 1.6467736 16.480902 -3.1253914833068848 0.5765400528907776
Pedestrian 0.0 0 -1.7294178009033203 392.59954833984375 149.17384338378906 437.8157958984375 243.9637451171875 0.9761015 1.7497579 0.6930365 -3.713527 1.1731364 13.63413 -1.9953372478485107 0.5682308077812195
Pedestrian 0.0 0 -1.2813563346862793 154.6970977783203 181.1341094970703 194.92918395996094 251.5286865234375 0.8660783 1.7512566 0.66208 -11.036323 1.7695284 18.09698 -1.8289822340011597 0.5286620855331421
Pedestrian 0.0 0 0.18661808967590332 592.792724609375 156.3184051513672 641.0407104492188 238.5219268798828 0.9933028 1.8185717 0.6537355 0.23864365 1.2852215 16.056572 0.20147967338562012 0.4666180908679962
Pedestrian 0.0 0 -1.9489718675613403 304.31060791015625 163.12554931640625 354.20849609375 248.9158935546875 0.6121602 1.703962 0.78447074 -5.7084246 1.3605008 14.529898 -2.3233203887939453 0.43312880396842957
Pedestrian 0.0 0 -1.2890466451644897 184.1662139892578 152.9177703857422 201.94476318359375 186.99656677246094 0.6413056 1.9317569 0.730908 -23.58696 0.36964372 40.474094 -1.8166983127593994 0.35641342401504517
Pedestrian 0.0 0 -2.48360013961792 363.7508850097656 172.54791259765625 396.3332214355469 234.23260498046875 0.602605 1.7306097 0.67623353 -6.474407 1.5090826 20.252512 -2.7930164337158203 0.31447651982307434
Pedestrian 0.0 0 -0.10112226009368896 1113.9056396484375 121.6337661743164 1167.415771484375 212.2354736328125 0.8245122 1.8119323 0.57806766 11.002817 0.636302 14.596054 0.5448200702667236 0.2984597980976105
Pedestrian 0.0 0 0.17153823375701904 849.3717651367188 132.38119506835938 892.924072265625 217.22811889648438 0.80836755 1.8048682 0.5713667 5.792138 0.7829022 15.4861145 0.5294506549835205 0.28975677490234375
Pedestrian 0.0 0 -1.273252010345459 1181.6597900390625 145.7575225830078 1224.0 218.1314239501953 1.487639 1.6823852 0.72160286 14.685176 0.87637675 17.13374 -0.564655601978302 0.19923622906208038
Cyclist 0.0 0 2.5205612182617188 896.2409057617188 153.56182861328125 949.7864379882812 197.29541015625 1.8798395 1.6943176 0.6860828 12.525428 0.65218836 27.909624 2.9424045085906982 0.637345016002655
Cyclist 0.0 0 -1.4815030097961426 903.4605102539062 148.27134704589844 928.1796264648438 202.29164123535156 1.941373 1.7689937 0.6048305 10.599559 0.7151509 24.144897 -1.067836046218872 0.5149140954017639
Cyclist 0.0 0 -1.273252010345459 1181.6597900390625 145.7575225830078 1224.0 218.1314239501953 1.487639 1.6823852 0.72160286 14.685176 0.87637675 17.13374 -0.564655601978302 0.4248620569705963
Cyclist 0.0 0 -1.7152671813964844 391.6477355957031 149.4557647705078 436.97564697265625 243.35166931152344 1.087588 1.7291123 0.6913581 -3.7375348 1.1590649 13.652162 -1.9824882745742798 0.2745232582092285
Cyclist 0.0 0 0.2708166241645813 225.14071655273438 165.95314025878906 278.9730529785156 244.4783172607422 0.98046285 1.7776611 0.65566766 -8.22089 1.449958 16.417229 -0.19342899322509766 0.14744631946086884
Cyclist 0.0 0 0.9712532758712769 70.52725982666016 179.8930206298828 134.98562622070312 260.2907409667969 0.87357134 1.6287105 0.737004 -10.559528 1.6180408 14.815051 0.3520169258117676 0.1441352218389511
Cyclist 0.0 0 0.16758958995342255 595.0779418945312 155.4174346923828 646.1495361328125 238.60690307617188 1.0644042 1.8303192 0.628212 0.32037458 1.2800721 15.959266 0.18766140937805176 0.13294439017772675
Car 0.0 0 -1.1982556581497192 212.4885711669922 183.96055603027344 450.4432067871094 321.9686584472656 3.6501226 1.3915273 1.5604624 -3.2533274 1.4466014 9.062667 -1.542909026145935 0.9091881513595581
Car 0.0 0 1.6860716342926025 463.1523742675781 167.80296325683594 492.2762756347656 190.72413635253906 3.7310538 1.5398126 1.5863785 -8.851817 0.6881602 49.404655 1.5087831020355225 0.6379867196083069
