Car 0.0 0 -1.0916805267333984 37.09507369995117 187.3761444091797 346.9256286621094 345.0813293457031 3.6104453 1.4466265 1.6019255 -4.555004 1.4786464 8.457039 -1.58573317527771 0.9414446353912354
Car 0.0 0 -1.8611904382705688 712.6420288085938 181.10205078125 905.3822021484375 306.07061767578125 3.954043 1.5389329 1.6515436 2.7302065 1.4894062 10.860122 -1.6148970127105713 0.9145711064338684
Car 0.0 0 -1.3537923097610474 355.8506774902344 186.89276123046875 451.9632873535156 249.41110229492188 3.54978 1.4000962 1.580464 -5.0322123 1.4474859 18.008389 -1.6262789964675903 0.9087520241737366
Car 0.0 0 -1.5664072036743164 560.2932739257812 180.99807739257812 600.9625854492188 219.01123046875 3.5699563 1.5213615 1.6281382 -1.1846308 1.353696 30.578136 -1.6051288843154907 0.8395851850509644
Car 0.0 0 -1.4166059494018555 428.44390869140625 183.8030548095703 491.3684997558594 229.38339233398438 3.5956142 1.4366546 1.5639318 -4.997572 1.3932606 24.48662 -1.6179349422454834 0.7650368809700012
Car 0.0 0 -1.1923165321350098 228.53041076660156 167.23385620117188 349.4648742675781 231.53005981445312 4.608907 1.715253 1.7074841 -9.384394 1.2366763 21.504757 -1.6037923097610474 0.6924726366996765
Car 0.0 0 -1.0534712076187134 0.0 163.02223205566406 193.9236602783203 267.4876403808594 3.5061219 1.5557475 1.6040016 -8.932822 1.2263631 12.527439 -1.672908902168274 0.6438251733779907
Car 0.0 0 -1.391452670097351 485.4508056640625 182.2047119140625 521.5167236328125 206.10507202148438 3.8472786 1.4316062 1.574992 -6.5058913 1.252383 45.00551 -1.5350158214569092 0.5489729642868042
Car 0.0 0 1.5689159631729126 600.3016967773438 181.5131072998047 622.5109252929688 202.6910400390625 3.8299174 1.5409648 1.61605 0.25192156 1.2726854 54.219326 1.5735622644424438 0.5191152691841125
Car 0.0 0 -1.4717175960540771 360.52734375 181.45062255859375 408.8224182128906 218.6587371826172 3.7584918 1.4865848 1.6071808 -9.502656 1.3372892 30.718662 -1.7717252969741821 0.4648721218109131
