Pedestrian 0.0 0 -3.0529661178588867 809.6170043945312 142.9293212890625 913.852294921875 326.153076171875 0.97828925 1.7958442 0.6371609 2.687633 1.4191686 7.5319695 -2.710219621658325 0.7480140328407288
Pedestrian 0.0 0 -0.23096448183059692 609.4009399414062 172.3234100341797 648.39404296875 239.59226989746094 0.92755985 1.8006861 0.7082932 0.71371394 1.556206 19.663307 -0.19468367099761963 0.6635150909423828
Pedestrian 0.0 0 -2.3276185989379883 1014.73974609375 146.85740661621094 1166.35498046875 374.0 0.7571972 1.6931292 0.6046897 3.6674848 1.4491574 5.5095596 -1.7403144836425781 0.6549525856971741
Pedestrian 0.0 0 1.8469927310943604 85.17086791992188 160.46688842773438 203.62799072265625 374.0 0.93595773 1.7508817 0.65564555 -4.0487165 1.5820961 6.3517566 1.279514193534851 0.62892746925354
Pedestrian 0.0 0 2.1126394271850586 0.0 193.3266143798828 65.65313720703125 329.6579284667969 0.67937016 1.6675836 0.64395344 -7.4888515 1.8272113 9.231233 1.4310752153396606 0.47028419375419617
Pedestrian 0.0 0 -1.2822847366333008 594.9811401367188 172.25697326660156 627.792236328125 231.8045654296875 0.9122267 1.7279584 0.75004727 0.27513957 1.460879 21.38898 -1.2694218158721924 0.4662361145019531
Pedestrian 0.0 0 -3.3024466037750244 704.2054443359375 163.46157836914062 755.4735717773438 268.2033996582031 0.777709 1.7613919 0.62714505 2.16312 1.4593328 12.395453 -3.1296772956848145 0.4097305238246918
Pedestrian 0.0 0 -0.9181908369064331 986.1725463867188 144.33636474609375 1041.854736328125 232.4958038330078 0.7720471 1.8026298 0.6922127 8.661207 1.0439707 15.154334 -0.3989657461643219 0.3949142098426819
Pedestrian 0.0 0 -0.18499130010604858 697.9246215820312 171.75161743164062 717.7787475585938 214.5267791748047 0.7226769 1.76821 0.59192216 4.424878 1.3662235 30.001093 -0.03855647146701813 0.3920396864414215
Pedestrian 0.0 0 -2.813469648361206 644.870361328125 172.6892547607422 670.0935668945312 216.78683471679688 0.8795721 1.7869359 0.63008165 2.2926018 1.4308993 29.56896 -2.7360904216766357 0.3613292872905731
Pedestrian 0.0 0 2.4351091384887695 800.531494140625 124.43323516845703 842.9674682617188 203.5887451171875 0.80306953 1.9117573 0.60623443 5.418085 0.5346806 17.784794 2.7308237552642822 0.3426564931869507
Pedestrian 0.0 0 -2.5925681591033936 360.2538146972656 181.9484405517578 389.5083312988281 236.94772338867188 0.66146696 1.7300664 0.63119334 -7.2718053 1.7457513 22.985386 -2.8989715576171875 0.3419874608516693
Pedestrian 0.0 0 1.5040827989578247 534.4957275390625 175.5474395751953 563.0564575195312 249.9736328125 1.6708223 1.8212068 0.61497647 -1.4008615 1.6767391 18.445637 1.4282828569412231 0.2474188655614853
Pedestrian 0.0 0 -1.1423829793930054 76.7343521118164 147.05255126953125 140.38986206054688 230.6138458251953 1.696452 1.8234819 0.5576373 -11.3582535 1.07299 16.5565 -1.7436714172363281 0.13914760947227478
Cyclist 0.0 0 1.5289857387542725 535.9638671875 174.94757080078125 562.5153198242188 249.0565948486328 1.7397379 1.812768 0.6018468 -1.3902599 1.6536814 18.467493 1.4538459777832031 0.6121452450752258
Cyclist 0.0 0 0.6659393906593323 115.8098373413086 146.22479248046875 240.4532928466797 255.3641357421875 1.8192228 1.7907009 0.64150244 -7.227935 1.2132131 12.220991 0.13184070587158203 0.41222503781318665
Cyclist 0.0 0 -1.2582635879516602 68.83409118652344 150.75955200195312 127.33402252197266 232.843017578125 1.7959114 1.7682323 0.5726609 -11.501013 1.1072519 16.41413 -1.8694442510604858 0.2731624245643616
Cyclist 0.0 0 -1.32357919216156 594.2991333007812 171.75587463378906 626.5831909179688 231.91195678710938 1.2319216 1.7280735 0.67951757 0.24996871 1.4492979 21.315062 -1.3118524551391602 0.2538161277770996
Cyclist 0.0 0 -0.2178410440683365 609.6737060546875 172.25869750976562 650.159912109375 239.881103515625 0.97565496 1.8106263 0.71019167 0.74142474 1.5643483 19.667953 -0.18016178905963898 0.127985417842865
Cyclist 0.0 0 1.84124755859375 83.68981170654297 159.66615295410156 203.78587341308594 374.0 0.9829134 1.7728299 0.6587163 -4.0501947 1.5983788 6.349003 1.2734071016311646 0.10374477505683899
Cyclist 0.0 0 -0.23150838911533356 706.1396484375 165.03492736816406 763.8427734375 269.4956359863281 0.8604714 1.7549982 0.60500574 2.251162 1.47966 12.390176 -0.051779668778181076 0.10037540644407272
Car 0.0 0 1.7805107831954956 467.86578369140625 170.70936584472656 548.6619262695312 231.99583435058594 4.1719174 1.7399869 1.6745983 -2.8380058 1.4347727 22.540829 1.6552647352218628 0.4576632082462311
Car 0.0 0 1.889331340789795 378.8509216308594 158.98114013671875 519.45947265625 254.86740112304688 4.4452405 1.8252002 1.7240094 -3.2188897 1.3978096 15.980622 1.6905664205551147 0.2945098876953125
