Pedestrian 0.0 0 -2.140834093093872 934.2734375 166.65533447265625 982.784423828125 249.18511962890625 0.7290482 1.7334096 0.6432105 7.649776 1.4228538 15.482838 -1.681932806968689 0.44529014825820923
Pedestrian 0.0 0 1.6869837045669556 588.9630126953125 163.2622833251953 603.0724487304688 200.83860778808594 0.86272424 1.8723447 0.6174718 -0.2765136 0.964481 36.252693 1.6793564558029175 0.389635294675827
Pedestrian 0.0 0 1.7250044345855713 465.31707763671875 127.79300689697266 503.42498779296875 223.26571655273438 0.7641141 1.8802963 0.6536734 -2.3966749 0.823808 14.529772 1.5615272521972656 0.3711070120334625
Pedestrian 0.0 0 1.658658504486084 794.994384765625 152.53675842285156 830.1824340820312 236.5605010986328 0.8013927 1.7894511 0.6765807 4.612162 1.1738515 15.792001 1.942812204360962 0.3661525249481201
Pedestrian 0.0 0 3.2457351684570312 360.81146240234375 148.57997131347656 400.0082702636719 227.98146057128906 0.8305015 1.8360488 0.589801 -5.249701 1.0760266 16.977911 2.945852518081665 0.36020752787590027
Pedestrian 0.0 0 -1.934293508529663 985.7537231445312 144.49082946777344 1077.8712158203125 309.780029296875 0.65335274 1.7020227 0.66281676 4.5854373 1.3222944 7.772158 -1.4012722969055176 0.34047943353652954
Pedestrian 0.0 0 0.1709633767604828 448.98419189453125 190.56028747558594 482.3101806640625 265.404052734375 0.66283053 1.71044 0.68682677 -3.2123137 1.9285687 16.847395 -0.017446335405111313 0.21970658004283905
Pedestrian 0.0 0 1.6207702159881592 838.9451293945312 132.0126190185547 866.49755859375 208.18304443359375 0.7593515 1.8812795 0.62379664 6.3416705 0.66021395 18.208073 1.955919861793518 0.20013800263404846
Pedestrian 0.0 0 -1.4715427160263062 663.2316284179688 159.61805725097656 672.7947387695312 186.18264770507812 0.6336777 1.949073 0.6445025 4.938613 0.34416503 53.074905 -1.3787599802017212 0.1874377280473709
Pedestrian 0.0 0 -1.3886791467666626 241.252197265625 139.79257202148438 290.8291320800781 238.89419555664062 1.7767996 1.778401 0.5549574 -6.4603615 1.0312222 13.817744 -1.826024055480957 0.10569606721401215
Pedestrian 0.0 0 1.3136646747589111 448.3330383300781 154.29579162597656 475.3957824707031 208.9253387451172 1.472004 1.8190846 0.554175 -4.8336873 0.9143072 24.700132 1.1204121112823486 0.10458879917860031
Cyclist 0.0 0 -1.3843772411346436 238.62002563476562 138.63348388671875 289.0486145019531 237.9512176513672 1.7846984 1.768142 0.5539028 -6.455916 1.0062666 13.719101 -1.8242119550704956 0.28720778226852417
Cyclist 0.0 0 1.3136646747589111 448.3330383300781 154.29579162597656 475.3957824707031 208.9253387451172 1.472004 1.8190846 0.554175 -4.8336873 0.9143072 24.700132 1.1204121112823486 0.1837192177772522
Car 0.0 0 1.658470630645752 599.9852905273438 169.55592346191406 648.4194946289062 210.09124755859375 4.0389724 1.5216054 1.6106682 0.9681188 1.0742831 29.06399 1.6917681694030762 0.6721274256706238
Car 0.0 0 -1.526965856552124 677.60693359375 150.49925231933594 728.1611938476562 199.06590270996094 3.9922445 1.6567523 1.6808423 3.8022728 0.6002984 26.618906 -1.385084629058838 0.2699393928050995
