Pedestrian 0.0 0 -1.275153398513794 281.0921325683594 170.7755584716797 349.1114501953125 304.79595947265625 0.77819437 1.6312481 0.60770935 -3.6769435 1.5020548 9.154534 -1.6570837497711182 0.6896042823791504
Pedestrian 0.0 0 -1.7581568956375122 820.8466186523438 153.1076202392578 859.9271240234375 235.3123779296875 0.8770809 1.7261387 0.6478301 5.12613 1.1311878 15.558087 -1.4398753643035889 0.6671427488327026
Pedestrian 0.0 0 3.3976516723632812 191.9925079345703 149.70140075683594 273.62860107421875 282.1371765136719 0.9080393 1.8111775 0.6207317 -5.269559 1.3776258 10.223175 2.9217188358306885 0.6100644469261169
Pedestrian 0.0 0 -1.6014903783798218 750.1409912109375 157.25392150878906 794.59619140625 282.6312255859375 1.2186955 1.7282746 0.5897321 2.4475105 1.3953736 10.55464 -1.3736281394958496 0.4557967782020569
Pedestrian 0.0 0 -1.5665056705474854 264.5739440917969 160.38327026367188 309.0199890136719 273.1009216308594 0.8237292 1.7820276 0.6513699 -5.235049 1.4494758 11.861744 -1.9821336269378662 0.4329289495944977
Pedestrian 0.0 0 -1.223372220993042 377.9920349121094 192.87063598632812 449.1342468261719 309.1846008300781 0.86910135 1.6752298 0.79907095 -2.876543 1.8565742 10.903332 -1.4813172817230225 0.42163488268852234
Pedestrian 0.0 0 -1.4382680654525757 826.8512573242188 146.87049865722656 920.1759643554688 340.25994873046875 0.7065995 1.6235994 0.70728624 2.4244723 1.3342549 6.5062084 -1.0815682411193848 0.40608835220336914
Pedestrian 0.0 0 0.3430338501930237 483.779541015625 170.17185974121094 505.0123596191406 210.9619598388672 0.77204245 1.7743577 0.5881084 -4.7208714 1.2825458 31.607952 0.19477272033691406 0.33152374625205994
Cyclist 0.0 0 -1.6058485507965088 749.4031982421875 156.11160278320312 794.2459716796875 284.0256042480469 1.4860371 1.7456048 0.5802128 2.442539 1.4004596 10.584975 -1.3790628910064697 0.44080764055252075
Cyclist 0.0 0 -2.9317033290863037 520.7236328125 176.920166015625 565.4029541015625 215.9671630859375 1.8197416 1.6786625 0.8040647 -2.5566146 1.4827373 31.39463 -3.0129587650299072 0.3023853302001953
Cyclist 0.0 0 -1.198934555053711 706.7176513671875 172.14537048339844 778.8579711914062 259.1417541503906 1.9853206 1.6393257 0.7704805 2.8623023 1.4643103 14.5779085 -1.0050556659698486 0.2632789611816406
Cyclist 0.0 0 0.22118732333183289 185.7906494140625 153.2568817138672 274.7672119140625 284.87884521484375 1.0152446 1.791171 0.6083901 -5.2882957 1.4081492 10.196156 -0.2572733163833618 0.14924867451190948
Cyclist 0.0 0 -1.774446964263916 820.3408203125 153.08099365234375 860.2059936523438 236.25936889648438 0.948143 1.7425375 0.6368841 5.1210074 1.14841 15.553404 -1.4563729763031006 0.1327684074640274
Car 0.0 0 -1.7425181865692139 654.2042236328125 165.74160766601562 712.9389038085938 210.87890625 3.9304605 1.6706942 1.6587337 3.174014 1.0884572 28.597815 -1.6319825649261475 0.7398180365562439
Car 0.0 0 -1.290969967842102 551.7647705078125 171.85765075683594 587.0128173828125 192.89732360839844 4.030814 1.5499398 1.6517609 -2.3930604 0.8402016 55.068115 -1.3343989849090576 0.3031165599822998
Car 0.0 0 -0.9985243678092957 0.0 155.85498046875 190.8135986328125 351.11669921875 4.0794272 1.5312814 1.6207405 -6.269342 1.3315618 7.7459807 -1.6789509057998657 0.29526808857917786
