Pedestrian 0.0 0 -1.2113183736801147 824.3722534179688 154.72998046875 860.1524658203125 230.95437622070312 0.6757565 1.7283237 0.59495115 5.3634763 1.3177351 16.807037 -0.9024131298065186 0.6224520802497864
Pedestrian 0.0 0 -1.9582515954971313 1123.8936767578125 130.61453247070312 1191.7232666015625 247.29861450195312 0.74218595 1.7628268 0.6115392 8.534301 1.1250439 11.334833 -1.3128799200057983 0.30340296030044556
Pedestrian 0.0 0 -1.9845013618469238 724.3060913085938 162.9500732421875 741.5015258789062 195.94537353515625 0.8876166 1.7661994 0.6131672 6.624742 1.236412 39.12542 -1.8167715072631836 0.2219756692647934
Pedestrian 0.0 0 -0.7795320153236389 20.07515525817871 171.7727508544922 74.18242645263672 240.25643920898438 0.9953322 1.763257 0.60128784 -14.938346 1.7357761 19.106663 -1.4431010484695435 0.18050673604011536
Pedestrian 0.0 0 -2.219223737716675 1114.4915771484375 119.86949920654297 1214.43017578125 233.45751953125 1.5512873 1.7753674 0.4780409 9.156211 0.9475837 12.05076 -1.5694777965545654 0.10071326792240143
Cyclist 0.0 0 -2.219223737716675 1114.4915771484375 119.86949920654297 1214.43017578125 233.45751953125 1.5512873 1.7753674 0.4780409 9.156211 0.9475837 12.05076 -1.5694777965545654 0.15879452228546143
Cyclist 0.0 0 -2.2719531059265137 1164.2425537109375 104.53690338134766 1242.0 199.92254638671875 1.4843811 1.7915151 0.52147603 11.76902 0.5087542 14.294392 -1.5831466913223267 0.13606716692447662
Cyclist 0.0 0 -0.7941506505012512 20.86331558227539 172.91673278808594 79.23738861083984 240.74038696289062 1.168421 1.7466607 0.5732716 -14.923275 1.7487414 19.193539 -1.4550304412841797 0.1358633041381836
Car 0.0 0 2.1191468238830566 116.95047760009766 190.66641235351562 269.8291015625 256.4234313964844 4.185148 1.4973797 1.6603581 -11.200743 2.0362165 19.692287 1.6019933223724365 0.8760342597961426
Car 0.0 0 -1.5924278497695923 599.915771484375 172.21298217773438 627.3809204101562 197.99037170410156 4.039797 1.566954 1.6514286 0.16209225 1.5283455 45.89256 -1.5888959169387817 0.3249940872192383
Car 0.0 0 2.023254871368408 0.0 196.46485900878906 63.594181060791016 226.0568389892578 4.1070743 1.4957796 1.7514461 -34.0285 2.9481823 42.17344 1.3443387746810913 0.1388048231601715
Car 0.0 0 1.9393497705459595 255.79061889648438 181.97415161132812 295.04290771484375 201.37974548339844 4.277266 1.584408 1.6903905 -29.248716 2.4107475 63.155422 1.5056366920471191 0.12826819717884064
Car 0.0 0 1.5428966283798218 30.83572006225586 187.57778930664062 101.98816680908203 244.38121032714844 3.8391197 1.4672024 1.5879759 -16.417442 1.9503386 21.661816 0.8943600654602051 0.12405268102884293
