Pedestrian 0.0 0 2.9909844398498535 409.6537170410156 150.78578186035156 486.23956298828125 286.7185363769531 0.9603074 1.8268334 0.68588793 -2.350366 1.530611 10.189889 2.7642924785614014 0.36173927783966064
Pedestrian 0.0 0 -1.2866789102554321 516.5008544921875 158.09934997558594 550.614501953125 231.90000915527344 1.0530246 1.8501146 0.6088008 -2.0143797 1.4805874 18.657337 -1.3942294120788574 0.14639435708522797
Pedestrian 0.0 0 -1.6747667789459229 877.9995727539062 138.9114532470703 899.6268920898438 196.60296630859375 1.2535203 1.8623389 0.53980964 9.206006 0.76699793 23.964567 -1.3079978227615356 0.12114030867815018
Pedestrian 0.0 0 0.7987585067749023 285.1741638183594 96.0453872680664 378.6557922363281 272.8724670410156 0.7449864 1.824604 0.6024773 -3.0816815 1.0324063 7.8706455 0.4255654811859131 0.116216279566288
Pedestrian 0.0 0 -1.4801220893859863 860.9949951171875 148.27877807617188 875.6155395507812 185.0326385498047 1.709924 1.8483888 0.5586808 13.279719 0.6128342 37.177307 -1.1370477676391602 0.10114214569330215
Cyclist 0.0 0 -1.4722989797592163 860.735107421875 148.50376892089844 875.4945678710938 185.3147430419922 1.6935147 1.8526411 0.5544941 13.276273 0.6274883 37.195213 -1.1294593811035156 0.2132374495267868
Cyclist 0.0 0 -1.6747667789459229 877.9995727539062 138.9114532470703 899.6268920898438 196.60296630859375 1.2535203 1.8623389 0.53980964 9.206006 0.76699793 23.964567 -1.3079978227615356 0.14347334206104279
Cyclist 0.0 0 -2.0434212684631348 1067.3045654296875 106.98068237304688 1190.68505859375 263.0091247558594 1.8427829 1.8309096 0.50986093 6.636948 1.0582796 9.4122505 -1.4292542934417725 0.12947477400302887
Car 0.0 0 -1.9809927940368652 840.1657104492188 178.6477813720703 1173.6778564453125 364.0511474609375 3.7299867 1.4359305 1.5824531 3.689033 1.5125667 7.6003556 -1.5291123390197754 0.8992369174957275
Car 0.0 0 -1.8084418773651123 789.9194946289062 175.91580200195312 950.4917602539062 278.8724365234375 4.1681957 1.4814456 1.6378357 4.2736816 1.544632 12.655262 -1.4827665090560913 0.8322755098342896
Car 0.0 0 -1.680053472518921 778.5601806640625 161.83595275878906 866.96923828125 235.51190185546875 4.0490313 1.617005 1.6424448 5.119191 1.375544 17.9667 -1.4024821519851685 0.5806995630264282
