Pedestrian 0.0 0 -1.466347336769104 559.6947631835938 160.0486602783203 632.8736572265625 341.3002624511719 0.80057186 1.6246593 0.62440467 -0.115823425 1.4430435 6.7586823 -1.4834825992584229 0.5887969732284546
Pedestrian 0.0 0 -0.1934451460838318 635.0108642578125 172.0330047607422 694.9695434570312 271.42254638671875 0.9945704 1.77373 0.61612964 1.0471241 1.6242682 12.975327 -0.11291848123073578 0.21965190768241882
Pedestrian 0.0 0 -1.5392427444458008 838.8469848632812 174.2643585205078 866.91943359375 244.21311950683594 0.9271945 1.7223712 0.6460245 6.2652235 1.5704263 17.953602 -1.2034879922866821 0.20334166288375854
Pedestrian 0.0 0 -0.3289995491504669 821.5035400390625 188.5457305908203 870.2807006835938 278.74847412109375 0.73120946 1.7296739 0.6721439 4.700823 1.8939468 13.950663 -0.0039880648255348206 0.16798627376556396
Pedestrian 0.0 0 2.306033134460449 253.09112548828125 171.8504638671875 308.7803649902344 264.4799499511719 0.7349134 1.7306207 0.65504205 -6.292906 1.5706561 13.653521 1.8741520643234253 0.15270483493804932
Pedestrian 0.0 0 -3.2023813724517822 755.81689453125 171.05934143066406 790.9491577148438 258.54107666015625 0.6508313 1.7199447 0.6018338 3.3435564 1.5359658 14.247598 -2.971877336502075 0.1394217163324356
Pedestrian 0.0 0 -2.1243722438812256 1111.4501953125 188.71022033691406 1224.0 370.0 0.66209924 1.6647279 0.66893923 4.3169627 1.7325863 5.3207984 -1.4427564144134521 0.1335664689540863
Pedestrian 0.0 0 -0.5667722821235657 47.81495666503906 189.67742919921875 111.6012954711914 249.3421173095703 1.3907565 1.6448781 0.5788817 -15.222119 1.9219985 20.47178 -1.2061429023742676 0.13121743500232697
Pedestrian 0.0 0 -1.2124416828155518 484.99737548828125 163.35623168945312 534.5840454101562 263.7709655761719 0.9742091 1.7931163 0.6152844 -1.8023435 1.4886206 13.163812 -1.3485121726989746 0.12978793680667877
Pedestrian 0.0 0 -0.7511248588562012 984.4605712890625 191.31088256835938 1124.39599609375 370.0 0.6528684 1.6321057 0.59588516 3.2887409 1.7201929 5.2888985 -0.19481581449508667 0.12053494155406952
Pedestrian 0.0 0 -0.3793172836303711 760.1199340820312 134.2400360107422 821.516845703125 240.0370635986328 0.86885184 1.7908385 0.61170006 3.1842597 1.0094391 12.3215065 -0.12641941010951996 0.1152835339307785
Pedestrian 0.0 0 1.5162854194641113 966.9641723632812 138.01747131347656 1015.9624633789062 255.57435607910156 1.6818212 1.7717948 0.60119873 6.2342386 1.1331669 11.540316 2.0115842819213867 0.10724527388811111
Cyclist 0.0 0 1.522632360458374 965.9916381835938 136.51861572265625 1016.8151245117188 253.42816162109375 1.7043006 1.7501178 0.63287866 6.201032 1.0933847 11.484654 2.0177197456359863 0.23186470568180084
Cyclist 0.0 0 -2.224620819091797 0.0 176.08335876464844 74.98545837402344 259.7620544433594 1.9091519 1.6182281 0.67710894 -11.792397 1.534449 14.210757 -2.917283058166504 0.20496490597724915
Cyclist 0.0 0 -1.4515962600708008 76.6288833618164 152.78160095214844 121.88143157958984 250.2127227783203 1.6312709 1.6994362 0.4983375 -9.435168 1.2176048 13.162456 -2.0735247135162354 0.1733834445476532
Cyclist 0.0 0 -0.5667722821235657 47.81495666503906 189.67742919921875 111.6012954711914 249.3421173095703 1.3907565 1.6448781 0.5788817 -15.222119 1.9219985 20.47178 -1.2061429023742676 0.14558032155036926
Cyclist 0.0 0 -1.8133409023284912 844.453125 144.0343780517578 902.0758666992188 252.59730529785156 1.6307077 1.7556527 0.5498165 4.5787597 1.1675931 12.270686 -1.4561964273452759 0.13304875791072845
