Pedestrian 0.0 0 -0.48179805278778076 839.4876098632812 162.40682983398438 879.893310546875 234.37225341796875 0.78672165 1.8016164 0.5973873 6.318359 1.5404353 18.415133 -0.15127722918987274 0.3805306851863861
Pedestrian 0.0 0 2.525991201400757 994.5545654296875 131.4492950439453 1036.5869140625 199.86642456054688 0.843619 1.8772035 0.57698494 11.25951 0.7415148 20.125849 3.036064624786377 0.2774134576320648
Car 0.0 0 -1.7777693271636963 595.7874755859375 180.03150939941406 696.64208984375 251.20506286621094 3.6683333 1.4494439 1.6245066 0.6882793 1.6385356 17.026747 -1.737367868423462 0.8978433609008789
Car 0.0 0 -1.467568278312683 374.5486145019531 181.32872009277344 433.66595458984375 229.84544372558594 3.7896156 1.5461487 1.6408865 -7.2965 1.8719897 25.70091 -1.7441902160644531 0.827711284160614
Car 0.0 0 -1.718058466911316 551.4318237304688 179.5765380859375 606.3106689453125 222.47938537597656 3.525307 1.498978 1.5894727 -1.2971774 1.774796 27.67987 -1.764887809753418 0.7792956233024597
Car 0.0 0 -1.67310631275177 577.98876953125 180.62811279296875 640.214599609375 234.39163208007812 3.5980003 1.5550767 1.630078 -0.14792486 1.826586 23.28682 -1.679458498954773 0.6901752352714539
Car 0.0 0 -1.7124159336090088 526.9835205078125 176.97474670410156 563.8134155273438 204.99313354492188 3.5219321 1.4790694 1.5719659 -3.7040036 1.7217834 40.538788 -1.803532361984253 0.6050402522087097
Car 0.0 0 1.928316593170166 0.0 133.22642517089844 358.0810852050781 375.0 4.292611 1.8468049 1.6892747 -3.7810488 1.5908322 6.9093895 1.4275999069213867 0.5892956256866455
Car 0.0 0 -1.5781649351119995 510.61181640625 176.30328369140625 528.9691772460938 194.14698791503906 3.798698 1.5510424 1.6056305 -8.220879 1.8739134 65.47353 -1.7030715942382812 0.35787954926490784
Car 0.0 0 0.6134400367736816 1128.7000732421875 163.5652618408203 1242.0 375.0 3.7341607 1.4500179 1.5588822 6.7213645 1.3950146 6.2531047 1.4349133968353271 0.24763061106204987
