Pedestrian 0.0 0 2.1495416164398193 472.91680908203125 184.96873474121094 497.5951843261719 217.64093017578125 1.6511523 1.7958664 0.58070326 -7.1432858 2.5023143 41.178 1.9777777194976807 0.1578936129808426
Cyclist 0.0 0 2.1495416164398193 472.91680908203125 184.96873474121094 497.5951843261719 217.64093017578125 1.6511523 1.7958664 0.58070326 -7.1432858 2.5023143 41.178 1.9777777194976807 0.24649843573570251
Car 0.0 0 -1.9974770545959473 816.5462036132812 185.20700073242188 1203.8255615234375 375.0 3.5561843 1.504193 1.6082274 3.122564 1.6481457 6.594228 -1.55522882938385 0.9381710886955261
Car 0.0 0 2.102562427520752 0.0 205.89894104003906 352.05035400390625 375.0 3.619805 1.4479458 1.5283381 -3.6842268 1.8161042 6.2157936 1.5675127506256104 0.8801612854003906
Car 0.0 0 -1.8392727375030518 652.4559936523438 185.0127716064453 717.197509765625 227.6076202392578 3.6243048 1.4849483 1.595469 2.8047566 1.9923942 28.168732 -1.7400299310684204 0.7807444930076599
Car 0.0 0 -3.2517683506011963 796.1228637695312 183.3121337890625 952.0634155273438 241.63125610351562 3.962139 1.5065973 1.6474495 7.2649107 1.8201513 20.347069 -2.908827304840088 0.7398028373718262
Car 0.0 0 2.3598287105560303 547.93115234375 185.0207977294922 594.56689453125 204.86935424804688 3.72229 1.4754667 1.5531267 -3.1046188 2.4836748 57.8655 2.306227684020996 0.4897356331348419
Car 0.0 0 1.2261251211166382 586.0706176757812 184.37860107421875 631.1417236328125 212.6473846435547 3.48943 1.537457 1.5746969 -0.15908876 2.2504344 42.70458 1.2223998308181763 0.42619413137435913
Car 0.0 0 -3.675812244415283 975.4752807617188 176.52101135253906 1154.7578125 234.66395568847656 3.8191743 1.4951055 1.5988637 12.149166 1.5988678 19.50048 -3.118638753890991 0.2683016359806061
Car 0.0 0 -2.398926258087158 0.0 0.0 1242.0 375.0 4.0517397 1.4702988 1.6183913 3.079886 1.4976208 1.9332473 -1.3886690139770508 0.2334863543510437
