Pedestrian 0.0 0 1.1549334526062012 448.77996826171875 159.9875946044922 487.1490173339844 230.93344116210938 0.84187603 1.8290943 0.71974105 -3.7599154 1.1798059 19.08064 0.9603722095489502 0.3639483153820038
Car 0.0 0 -1.0124521255493164 4.483925819396973 188.47213745117188 330.7711181640625 336.9813537597656 3.80427 1.4109287 1.579101 -5.04512 1.4608867 8.842616 -1.5309326648712158 0.9216429591178894
Car 0.0 0 -1.1388570070266724 187.84361267089844 170.93609619140625 331.8519592285156 240.3834991455078 4.009292 1.5053633 1.6257461 -8.360521 1.1969653 17.592388 -1.582497239112854 0.8721806406974792
Car 0.0 0 -1.288813829421997 305.86810302734375 181.71217346191406 383.366455078125 228.9856414794922 3.4683301 1.4724796 1.5398718 -8.793455 1.3644826 24.169016 -1.6377573013305664 0.7649853825569153
Car 0.0 0 -1.5161492824554443 575.238037109375 174.94830322265625 617.0369262695312 210.9895477294922 3.6424468 1.4737463 1.6210018 -0.4884823 1.0550387 31.242098 -1.5317833423614502 0.6919457316398621
Car 0.0 0 -1.400111436843872 487.7106628417969 173.6333465576172 533.3670654296875 205.3170166015625 4.0201497 1.5049917 1.6181118 -4.8623304 0.9559554 36.180958 -1.5337002277374268 0.4158288240432739
Car 0.0 0 -1.3950484991073608 370.28582763671875 155.2265167236328 470.9581604003906 237.3077392578125 3.8660452 1.7157536 1.6405424 -4.336662 1.0900171 17.01084 -1.6446666717529297 0.3984377384185791
Car 0.0 0 2.039332866668701 67.11605834960938 186.880859375 204.0514678955078 249.17530822753906 3.457012 1.4263794 1.5159483 -11.9311905 1.4742011 18.35246 1.4628775119781494 0.37157538533210754
Car 0.0 0 -1.4592732191085815 426.0582580566406 163.65975952148438 500.77960205078125 227.77244567871094 4.414847 1.7072327 1.6908321 -4.2244854 1.1343591 21.408476 -1.6540979146957397 0.3605824112892151
Car 0.0 0 2.147737741470337 0.0 203.09014892578125 55.18896484375 376.0 3.898052 1.4587182 1.5842878 -8.439608 1.7194573 8.364459 1.3578675985336304 0.2987290918827057
