Pedestrian 0.0 0 -0.8450942635536194 1020.0198974609375 140.45510864257812 1109.2269287109375 279.91259765625 0.74970585 1.7050568 0.61378634 5.8163853 1.2171333 9.036303 -0.27318274974823 0.5651945471763611
Pedestrian 0.0 0 -1.6488401889801025 839.0712280273438 173.07769775390625 868.930908203125 243.38890075683594 0.78305525 1.7297766 0.64941895 6.241364 1.5487725 17.85113 -1.3124914169311523 0.2287461757659912
Pedestrian 0.0 0 3.0132062435150146 635.6339721679688 169.39093017578125 691.6815185546875 268.4217529296875 0.9559005 1.7747041 0.5895077 1.0232699 1.5772632 12.984005 3.091853618621826 0.1565925031900406
Pedestrian 0.0 0 2.3281056880950928 55.15420150756836 191.71868896484375 102.31794738769531 252.8530731201172 0.9216376 1.7087489 0.63518703 -15.232567 2.0424602 20.433664 1.687513828277588 0.15284882485866547
Pedestrian 0.0 0 -1.5809614658355713 833.02685546875 190.50112915039062 870.7591552734375 278.1346130371094 0.63526314 1.6946025 0.69896436 4.9011493 1.902609 14.173576 -1.2480378150939941 0.13351577520370483
Pedestrian 0.0 0 1.7657095193862915 755.3707885742188 143.38580322265625 803.1915283203125 252.16915893554688 0.92635643 1.8394127 0.657492 3.0499046 1.213499 12.508967 2.0048608779907227 0.12533465027809143
Cyclist 0.0 0 1.4951870441436768 965.1485595703125 135.0286102294922 1013.5292358398438 251.75662231445312 1.6869347 1.7649281 0.5600365 6.2163515 1.0790608 11.570174 1.988207221031189 0.15141436457633972
Cyclist 0.0 0 -1.465986728668213 1057.73486328125 188.7288818359375 1102.3797607421875 279.6742858886719 1.7055478 1.6269834 0.5417997 9.128286 1.7968464 13.622083 -0.8756043910980225 0.13171902298927307
Car 0.0 0 -1.1049184799194336 292.48199462890625 194.11488342285156 405.1189880371094 251.46237182617188 3.6162653 1.4151194 1.5663565 -7.230934 1.8427111 20.229786 -1.4482059478759766 0.28160423040390015
Car 0.0 0 2.011199474334717 49.70583724975586 184.93675231933594 149.4592742919922 227.73802185058594 3.8355513 1.4527123 1.5431951 -18.783813 1.6328211 26.435663 1.3934290409088135 0.15946531295776367
Car 0.0 0 0.5638091564178467 0.0 198.40951538085938 118.63565063476562 250.36753845214844 3.699439 1.4832016 1.6309912 -17.542192 2.0652347 21.895567 -0.11164819449186325 0.15103110671043396
