Pedestrian 0.0 0 2.055093288421631 280.5413513183594 145.4205322265625 311.5094909667969 207.3716278076172 0.7488429 1.8786993 0.597736 -9.732042 1.0471232 22.273314 1.6431552171707153 0.31583648920059204
Pedestrian 0.0 0 1.7549479007720947 497.9047546386719 132.30783081054688 528.5932006835938 206.43316650390625 1.2521996 1.8225126 0.55782807 -2.500106 0.82596576 18.376629 1.6197298765182495 0.16085858643054962
Cyclist 0.0 0 -1.9399826526641846 1147.625732421875 137.50091552734375 1201.9510498046875 213.82969665527344 1.6427959 1.714944 0.44387987 13.273882 0.92099416 17.059174 -1.278733730316162 0.22247187793254852
Cyclist 0.0 0 1.7409403324127197 493.8462219238281 134.08270263671875 523.235107421875 208.610595703125 1.2895205 1.8313711 0.5338409 -2.620504 0.8790035 18.379683 1.5993186235427856 0.2223949432373047
Car 0.0 0 -1.885137915611267 737.5107421875 175.27113342285156 938.139892578125 302.0462951660156 3.5679884 1.4493455 1.5808262 2.900515 1.4897009 10.12605 -1.6061666011810303 0.9286670684814453
Car 0.0 0 -2.073756217956543 866.9280395507812 175.60110473632812 1242.0 375.0 3.4464552 1.4349314 1.5231961 3.2319381 1.4628375 5.4881406 -1.5415421724319458 0.8828324675559998
Car 0.0 0 -1.2497767210006714 216.82838439941406 177.51719665527344 458.9526062011719 326.91070556640625 4.1506476 1.4765481 1.6152519 -3.2290485 1.5507817 9.343446 -1.582521915435791 0.8606875538825989
Car 0.0 0 -1.6354992389678955 670.10546875 172.84950256347656 728.8626708984375 223.1669921875 3.717006 1.4916459 1.6241702 2.7653143 1.4918706 23.286276 -1.517299771308899 0.8564537167549133
Car 0.0 0 -1.6509839296340942 623.1989135742188 169.2646484375 654.195556640625 196.06362915039062 4.289989 1.7293676 1.7452663 1.8632308 1.4981005 48.738613 -1.6127735376358032 0.3705342411994934
Car 0.0 0 -1.4384301900863647 414.0045471191406 153.5861358642578 505.9322814941406 227.28543090820312 4.2208543 1.630899 1.703441 -3.6808677 1.2048764 18.127628 -1.6387594938278198 0.2363593578338623
