Pedestrian 0.0 0 -2.28186297416687 635.9815063476562 168.8236541748047 648.5445556640625 192.90676879882812 0.79415923 1.8245122 0.5817759 2.4389012 1.519535 55.152164 -2.237670421600342 0.3207412362098694
Pedestrian 0.0 0 1.6312634944915771 655.3834228515625 162.6484832763672 668.5436401367188 198.42681884765625 0.8377494 1.9109726 0.66112995 2.7758353 1.3662388 38.994236 1.702329397201538 0.31326884031295776
Pedestrian 0.0 0 -1.645939588546753 584.1312255859375 164.56674194335938 608.3389892578125 217.2842559814453 0.8180895 1.8006921 0.7804426 -0.52938133 1.517979 25.087744 -1.6670376062393188 0.19957102835178375
Car 0.0 0 2.30178165435791 85.5328140258789 186.63079833984375 205.58074951171875 228.27786254882812 4.258149 1.4685074 1.6548741 -18.64503 2.06821 29.152313 1.732771635055542 0.8272690176963806
Car 0.0 0 2.6844964027404785 299.8602294921875 177.60311889648438 384.4775695800781 207.71475219726562 4.067402 1.5465264 1.6313885 -14.732386 1.8218446 39.735004 2.3294429779052734 0.6566962003707886
Car 0.0 0 2.6810641288757324 252.886962890625 181.1004638671875 328.36761474609375 206.57803344726562 4.0104537 1.4700283 1.6084245 -19.905123 2.0084002 45.015865 2.2647321224212646 0.36100679636001587
Car 0.0 0 1.439941644668579 1002.7810668945312 167.95396423339844 1031.17236328125 186.43475341796875 3.985819 1.5543655 1.6426045 35.381508 1.1425948 62.839127 1.9527480602264404 0.2153964787721634
Car 0.0 0 2.1450700759887695 0.0 190.47488403320312 77.161865234375 221.3429412841797 4.007445 1.5433798 1.6411806 -32.109993 2.583826 40.513554 1.474873423576355 0.20025639235973358
Car 0.0 0 -0.40381231904029846 882.4342041015625 164.3238525390625 948.9410400390625 188.75379943847656 3.5823448 1.5397255 1.6121075 19.54272 1.0024608 46.286793 -0.004307673312723637 0.18248024582862854
Car 0.0 0 1.6078099012374878 493.701904296875 172.3890838623047 518.0723876953125 194.61961364746094 3.8276017 1.5503008 1.6100773 -7.5417895 1.5182359 52.303776 1.4646048545837402 0.17639456689357758
Car 0.0 0 1.9466907978057861 448.8329162597656 174.84580993652344 490.05023193359375 197.01036071777344 3.8518236 1.5098814 1.5886444 -10.021993 1.6581905 51.55454 1.7546895742416382 0.17486689984798431
Car 0.0 0 2.1914029121398926 228.07904052734375 177.9272003173828 268.71044921875 197.49256896972656 3.6296387 1.7448536 1.5688671 -33.677227 2.2315505 67.25231 1.7271480560302734 0.17055460810661316
