Pedestrian 0.0 0 0.7037839889526367 270.7323913574219 177.7640380859375 326.046875 266.9979553222656 0.7660491 1.7715075 0.70502037 -6.3139887 1.718821 14.479648 0.2925832271575928 0.42044898867607117
Pedestrian 0.0 0 3.261199951171875 120.65731811523438 113.1718978881836 202.98605346679688 253.00460815429688 0.89977235 1.8446066 0.63960266 -6.1676836 0.9581193 9.803571 2.699638843536377 0.36081960797309875
Pedestrian 0.0 0 0.009170711040496826 996.5005493164062 111.26005554199219 1062.96337890625 247.81260681152344 0.76662177 1.8000063 0.558252 5.805837 0.8889734 9.752799 0.5461268424987793 0.2546015977859497
Pedestrian 0.0 0 -1.9185130596160889 116.33731842041016 150.5747833251953 137.30319213867188 190.9783935546875 0.5992765 1.9565033 0.6893133 -23.47691 0.5088453 34.688103 -2.513498306274414 0.25200513005256653
Pedestrian 0.0 0 -1.5901546478271484 791.6492919921875 164.21432495117188 805.0996704101562 198.1141357421875 0.7036474 1.7885823 0.6775011 10.30309 0.93074775 37.723557 -1.3235362768173218 0.19452424347400665
Pedestrian 0.0 0 -1.925692081451416 877.9963989257812 155.3111572265625 902.9750366210938 193.62228393554688 1.8006707 1.7730887 0.5039837 13.546101 0.60877067 33.625237 -1.542726755142212 0.11370175331830978
Cyclist 0.0 0 -1.9165680408477783 974.36474609375 135.034912109375 1025.320556640625 207.46287536621094 1.9014643 1.8104653 0.55562603 10.347058 0.6755797 18.651909 -1.4100888967514038 0.3957325220108032
Cyclist 0.0 0 -1.925692081451416 877.9963989257812 155.3111572265625 902.9750366210938 193.62228393554688 1.8006707 1.7730887 0.5039837 13.546101 0.60877067 33.625237 -1.542726755142212 0.3335641324520111
Cyclist 0.0 0 -1.5518161058425903 584.8323974609375 168.19712829589844 592.8507690429688 193.23428344726562 1.7426265 1.7341478 0.53409356 -1.1298705 0.8833175 49.839638 -1.5744823217391968 0.15404503047466278
Cyclist 0.0 0 -2.2800278663635254 766.9479370117188 154.2176055908203 794.2222290039062 187.04090881347656 1.6899164 1.84758 0.55392295 10.082043 0.36956698 40.673176 -2.037045955657959 0.14268754422664642
Car 0.0 0 -0.7985174655914307 0.0 208.65487670898438 292.0486755371094 370.0 3.9696386 1.4261026 1.5939457 -3.2249925 1.6407232 3.3520825 -1.5645948648452759 0.7061331272125244
Car 0.0 0 2.047935962677002 427.9575500488281 175.0563201904297 460.8334655761719 191.1748809814453 3.699904 1.4969182 1.5421401 -15.301477 0.99251485 67.64272 1.825469970703125 0.17808519303798676
Car 0.0 0 1.855571985244751 0.0 181.76255798339844 38.64272689819336 213.15420532226562 3.9732478 1.5918839 1.6339744 -32.248863 1.6652683 38.16892 1.1540470123291016 0.17049570381641388
Car 0.0 0 0.16424256563186646 46.79547119140625 176.9784393310547 126.11775970458984 200.2183837890625 4.050969 1.4943457 1.6350297 -34.45431 1.2692419 47.101116 -0.4673108458518982 0.16122673451900482
