Pedestrian 0.0 0 2.0857856273651123 439.8044128417969 177.96282958984375 477.82513427734375 251.9870147705078 0.8223359 1.8183572 0.61789316 -3.625666 1.7326586 18.12992 1.8884069919586182 0.6713641881942749
Pedestrian 0.0 0 1.1471357345581055 808.3369140625 163.56924438476562 881.5791625976562 292.5297546386719 0.8474809 1.7773535 0.71096987 3.4471562 1.5315503 10.355419 1.4684820175170898 0.6062573194503784
Pedestrian 0.0 0 -1.6175847053527832 482.0262145996094 179.8118133544922 503.84295654296875 231.88507080078125 0.7755417 1.6486623 0.6589061 -3.5331814 1.5963168 23.185198 -1.768810749053955 0.5666713118553162
Pedestrian 0.0 0 -1.1957207918167114 232.3701171875 177.9342498779297 293.13287353515625 288.9427490234375 0.7390594 1.6696843 0.63163143 -5.3050094 1.6173575 11.191901 -1.6383564472198486 0.4967905282974243
Pedestrian 0.0 0 1.846173644065857 582.908203125 178.95883178710938 603.1384887695312 218.6533203125 0.9416736 1.7313989 0.6679718 -0.3814252 1.6215153 31.871365 1.8342065811157227 0.4245768189430237
Pedestrian 0.0 0 0.19442683458328247 420.6719970703125 177.7501220703125 448.9093322753906 235.5525665283203 0.7506333 1.7699546 0.6182579 -5.1983924 1.6562467 22.315224 -0.034444112330675125 0.3533098101615906
Pedestrian 0.0 0 -1.953305721282959 293.1376037597656 175.32386779785156 329.8355407714844 245.3620147705078 0.67977566 1.736798 0.65959334 -7.414807 1.5848302 18.28417 -2.338571548461914 0.3077237904071808
Pedestrian 0.0 0 0.09008699655532837 329.49285888671875 155.08920288085938 425.654052734375 275.88092041015625 1.3565497 1.7776394 0.73744994 -3.4613771 1.390273 11.072523 -0.21289771795272827 0.24910828471183777
Pedestrian 0.0 0 -1.365234375 477.361572265625 154.8799285888672 495.02166748046875 195.89405822753906 0.810732 1.9015636 0.66848135 -5.416424 0.66828454 33.72241 -1.5244921445846558 0.2394864559173584
Pedestrian 0.0 0 -0.04779249429702759 709.3895263671875 136.4434814453125 776.3529663085938 268.57513427734375 0.90274316 1.8114547 0.5148613 1.9418861 1.195076 10.16368 0.14099359512329102 0.20935475826263428
Pedestrian 0.0 0 1.8001046180725098 599.1741943359375 181.7182159423828 613.0205078125 212.29124450683594 0.8703815 1.8047917 0.647115 0.28456885 1.8187311 42.907745 1.8067365884780884 0.20681536197662354
Pedestrian 0.0 0 1.4803307056427002 623.564208984375 177.7078857421875 635.659423828125 209.0312957763672 0.77111995 1.8195056 0.6406583 1.6509452 1.6000113 42.12534 1.5195019245147705 0.19909624755382538
Pedestrian 0.0 0 -1.1472073793411255 0.0 33.141849517822266 155.03610229492188 374.0 1.7124925 1.6975505 0.4848314 -3.357947 0.9804828 4.3653264 -1.8029035329818726 0.11229640245437622
Cyclist 0.0 0 0.2053222507238388 313.03021240234375 154.07424926757812 431.46783447265625 274.521240234375 1.6250887 1.7783561 0.71354103 -3.5314887 1.374734 11.042689 -0.1042022854089737 0.455424964427948
Cyclist 0.0 0 0.05232592299580574 535.6137084960938 179.6282196044922 577.9755249023438 218.71290588378906 1.8641524 1.7357002 0.77496713 -2.0081143 1.653525 32.294292 -0.009775828570127487 0.44277051091194153
Cyclist 0.0 0 -1.1472073793411255 0.0 33.141849517822266 155.03610229492188 374.0 1.7124925 1.6975505 0.4848314 -3.357947 0.9804828 4.3653264 -1.8029035329818726 0.3162722587585449
Cyclist 0.0 0 1.8318796157836914 582.4581298828125 178.80384826660156 603.46240234375 218.3163299560547 1.2515441 1.713064 0.6306218 -0.38119006 1.597133 31.825005 1.8199025392532349 0.20875287055969238
Cyclist 0.0 0 -1.6276620626449585 481.8321838378906 179.7035369873047 503.9635925292969 232.20437622070312 0.82145965 1.6588265 0.6581075 -3.5315335 1.6031693 23.163902 -1.7789555788040161 0.13174618780612946
Cyclist 0.0 0 -1.37813401222229 476.7433166503906 154.61846923828125 494.9313659667969 195.98777770996094 0.971517 1.9129095 0.6706188 -5.429796 0.6708374 33.709618 -1.5378378629684448 0.10762475430965424
Car 0.0 0 -1.665425419807434 664.9530029296875 149.71095275878906 760.9056396484375 236.7582550048828 4.0619416 1.6642658 1.6617113 2.2778528 1.057744 15.800202 -1.5222458839416504 0.575644850730896
Car 0.0 0 1.7830764055252075 0.0 148.58595275878906 82.33003234863281 276.5683288574219 4.4240513 1.6207299 1.69111 -9.710637 1.2052513 11.443433 1.079408884048462 0.19812333583831787
