Pedestrian 0.0 0 1.671475887298584 277.3656921386719 177.56517028808594 318.1565246582031 265.9439697265625 0.7134022 1.7555872 0.7008536 -6.32601 1.6989175 14.486924 1.2597620487213135 0.42094680666923523
Pedestrian 0.0 0 3.307547092437744 112.6968994140625 102.18287658691406 207.08544921875 242.81053161621094 1.0192106 1.8519533 0.6248315 -6.1825476 0.8222527 9.791536 2.7443461418151855 0.39094698429107666
Pedestrian 0.0 0 -0.004598081111907959 997.3118896484375 113.63580322265625 1063.020751953125 250.07339477539062 0.7578276 1.799974 0.55292344 5.808072 0.9195308 9.753428 0.532498836517334 0.2672111988067627
Pedestrian 0.0 0 1.2864888906478882 776.6837158203125 156.4427947998047 792.3969116210938 189.22361755371094 0.9354343 1.8590372 0.63581973 10.290708 0.4961117 40.5714 1.534894585609436 0.22679884731769562
Pedestrian 0.0 0 -1.8511441946029663 117.2181167602539 150.86659240722656 137.7691650390625 191.11842346191406 0.61515754 1.9501284 0.6931338 -23.461475 0.5158835 34.713444 -2.4454853534698486 0.16318215429782867
Pedestrian 0.0 0 -1.492919921875 790.0420532226562 162.5076904296875 804.5941162109375 196.6232452392578 0.9693684 1.7970407 0.67863727 10.277773 0.8507061 37.809532 -1.2275030612945557 0.15728610754013062
Pedestrian 0.0 0 -1.8763676881790161 878.7225341796875 153.22357177734375 903.501953125 192.11923217773438 1.861388 1.7948343 0.5528462 13.553318 0.537623 33.571117 -1.4926588535308838 0.11028559505939484
Cyclist 0.0 0 -1.8796226978302002 977.0001220703125 136.8827667236328 1024.714599609375 209.97227478027344 1.9031581 1.8191301 0.53433055 10.33476 0.735133 18.578423 -1.371972680091858 0.557894766330719
Cyclist 0.0 0 -1.885053038597107 878.93017578125 152.80709838867188 904.07373046875 191.25177001953125 1.8689864 1.7717608 0.55096614 13.555454 0.4969617 33.531536 -1.5008797645568848 0.5265337228775024
Cyclist 0.0 0 -0.05469498038291931 776.6282958984375 156.59765625 797.046875 189.50743103027344 1.1030077 1.8697975 0.58722687 10.419573 0.51314944 40.562412 0.1967461109161377 0.19249509274959564
Cyclist 0.0 0 3.3398728370666504 109.90444946289062 102.45387268066406 211.92987060546875 244.3922882080078 1.0981883 1.8686578 0.61596984 -6.162821 0.84283257 9.786686 2.777890205383301 0.14562708139419556
Car 0.0 0 -0.7445272207260132 1052.343505859375 154.16845703125 1186.1875 201.10269165039062 3.5077522 1.5142778 1.571976 17.22604 0.66626817 23.793964 -0.11789663881063461 0.7388020157814026
Car 0.0 0 -0.792838990688324 0.0 208.83154296875 293.20745849609375 370.0 3.9794776 1.4288867 1.6005148 -3.233957 1.6455221 3.359829 -1.559149980545044 0.7193569540977478
Car 0.0 0 1.8823308944702148 0.0 181.39065551757812 48.8110237121582 211.55780029296875 3.9225197 1.5448632 1.6331447 -31.957134 1.5973637 38.451916 1.1889159679412842 0.1956992745399475
