Pedestrian 0.0 0 2.6695876121520996 698.403564453125 125.54838562011719 798.6890869140625 280.49981689453125 1.0511473 1.8317403 0.63101393 1.7275095 1.1838183 8.801025 2.8634085655212402 0.8585114479064941
Pedestrian 0.0 0 -3.120326280593872 757.3112182617188 172.31954956054688 790.6581420898438 260.4163818359375 0.63936925 1.7269336 0.609118 3.3638153 1.5682057 14.230056 -2.8881993293762207 0.29281866550445557
Pedestrian 0.0 0 2.067887783050537 753.7178344726562 129.1160888671875 807.5377197265625 236.86817932128906 0.7854426 1.8130107 0.6172205 3.037625 0.9500865 12.389856 2.3083157539367676 0.24757465720176697
Pedestrian 0.0 0 -1.613778829574585 839.444580078125 173.254638671875 868.0453491210938 244.00074768066406 0.7905292 1.7389699 0.6449309 6.233352 1.5624733 17.846169 -1.2777434587478638 0.22721727192401886
Pedestrian 0.0 0 2.950186014175415 638.4696044921875 169.038330078125 696.6292724609375 269.0440979003906 0.96132267 1.7830458 0.6088524 1.0925936 1.5803332 12.955446 3.0343215465545654 0.16334202885627747
Pedestrian 0.0 0 -3.6091670989990234 1130.8255615234375 135.04486083984375 1207.40185546875 248.22164916992188 0.77211386 1.7750285 0.62230265 9.086239 1.0637813 11.466598 -2.9390716552734375 0.14561763405799866
Pedestrian 0.0 0 -0.6466275453567505 54.76033401489258 190.74073791503906 99.5704116821289 251.22401428222656 0.82189065 1.6895263 0.63154745 -15.250843 1.9934987 20.391481 -1.2887849807739258 0.13802911341190338
Pedestrian 0.0 0 -1.757237434387207 840.7311401367188 147.9442596435547 887.1060791015625 252.50672912597656 0.912405 1.7961102 0.6159226 4.570063 1.2385342 12.639833 -1.4103012084960938 0.1184263825416565
Pedestrian 0.0 0 -3.4002130031585693 822.9403686523438 186.93458557128906 866.8564453125 277.72869873046875 0.6723719 1.7413882 0.65999365 4.6839375 1.8732715 13.956809 -3.0764217376708984 0.11446469277143478
Pedestrian 0.0 0 -2.468144655227661 1143.2537841796875 161.14891052246094 1224.0 263.81689453125 1.3008821 1.6661946 0.5292785 10.053072 1.3537995 12.160581 -1.777337908744812 0.11162016540765762
Pedestrian 0.0 0 -1.8243775367736816 1123.9954833984375 187.29017639160156 1224.0 370.0 0.6763003 1.6647633 0.65210927 4.316289 1.7216047 5.292727 -1.1402485370635986 0.10076134651899338
Cyclist 0.0 0 -2.2743334770202637 0.0 177.4007568359375 80.21717834472656 260.0173645019531 1.903255 1.6021842 0.6986687 -11.727649 1.5437126 14.218772 -2.964014768600464 0.2261601835489273
Cyclist 0.0 0 2.663053274154663 695.8798828125 126.9009017944336 800.2555541992188 280.8824768066406 1.1033143 1.8178209 0.63946635 1.7222807 1.186742 8.804147 2.8562352657318115 0.1275189071893692
Cyclist 0.0 0 -2.468144655227661 1143.2537841796875 161.14891052246094 1224.0 263.81689453125 1.3008821 1.6661946 0.5292785 10.053072 1.3537995 12.160581 -1.777337908744812 0.11871634423732758
Car 0.0 0 2.192579746246338 0.0 189.87197875976562 123.93403625488281 241.0566864013672 4.2158446 1.5100042 1.6605488 -18.410686 1.855033 23.773201 1.533625602722168 0.11838941276073456
