Pedestrian 0.0 0 3.1153464317321777 260.9990234375 141.74591064453125 292.4261779785156 208.16583251953125 0.81179047 1.8874062 0.60001975 -9.727265 1.0037886 20.949902 2.6806557178497314 0.441418319940567
Car 0.0 0 -1.829042673110962 674.9732055664062 190.46078491210938 764.7576904296875 253.96966552734375 3.4381533 1.50076 1.5930802 2.8736298 2.029303 19.843851 -1.6852302551269531 0.9115167856216431
Car 0.0 0 -1.6985619068145752 644.8186645507812 185.59072875976562 696.897216796875 226.44757080078125 3.8336236 1.4800651 1.6170323 2.3623698 2.0322585 29.305933 -1.6181252002716064 0.8244494199752808
Car 0.0 0 -2.6608779430389404 217.56568908691406 191.54617309570312 423.33587646484375 267.32989501953125 3.8670197 1.501588 1.6312975 -6.302691 1.9373336 15.797066 -3.04050350189209 0.8143723607063293
Car 0.0 0 3.757324695587158 0.0 194.03030395507812 239.55999755859375 339.24420166015625 3.8068192 1.4879757 1.6163584 -6.7767763 1.7664636 8.564891 3.0879557132720947 0.800468921661377
Car 0.0 0 -2.562446117401123 1.6204835176467896 193.7093048095703 309.9279479980469 300.094970703125 3.7221866 1.4505273 1.5915962 -6.822613 1.7933578 11.0053005 -3.1173975467681885 0.7933636903762817
Car 0.0 0 -2.8122453689575195 332.8528747558594 190.0626983642578 467.64019775390625 239.78977966308594 3.7627404 1.4619626 1.5843508 -6.579974 2.0247583 22.699457 -3.094386339187622 0.6064255237579346
Car 0.0 0 -2.81453013420105 1052.1767578125 199.89358520507812 1242.0 375.0 3.9527378 1.4436997 1.6129764 6.8695054 1.7956591 7.2552648 -2.056436061859131 0.5284949541091919
Car 0.0 0 1.562315821647644 629.5594482421875 182.81983947753906 649.5672607421875 202.77711486816406 3.9573019 1.5394864 1.5982596 2.4013352 2.3915603 59.659477 1.6025447845458984 0.4574646055698395
Car 0.0 0 0.22444315254688263 356.50885009765625 185.4431915283203 476.25299072265625 231.0194854736328 3.7762718 1.5062492 1.6103146 -6.734912 1.9615862 25.200031 -0.03671132028102875 0.436065137386322
Car 0.0 0 1.5922396183013916 529.98388671875 183.46812438964844 557.084228515625 209.73025512695312 4.282341 1.5644459 1.6663399 -4.3149004 2.2877433 46.947655 1.500588297843933 0.4222728908061981
Car 0.0 0 3.2775661945343018 428.51971435546875 189.3670654296875 519.0170288085938 224.2534637451172 3.9069874 1.519232 1.6307812 -6.250281 2.3002229 33.194675 3.0914535522460938 0.40414437651634216
