Pedestrian 0.0 0 1.977527141571045 273.02301025390625 178.19105529785156 321.857421875 265.1300048828125 0.7302442 1.7368665 0.68659806 -6.333016 1.6923667 14.487413 1.5654195547103882 0.47657671570777893
Pedestrian 0.0 0 3.347623825073242 113.53292083740234 104.94200897216797 208.83273315429688 244.8800048828125 1.0168022 1.8495957 0.6179633 -6.175296 0.85259944 9.807041 2.7856662273406982 0.419916570186615
Pedestrian 0.0 0 -0.005815088748931885 996.771728515625 110.48445892333984 1064.127197265625 248.3020782470703 0.77575487 1.8151221 0.5640696 5.8071303 0.89465815 9.7469015 0.5315048694610596 0.25064703822135925
Cyclist 0.0 0 -1.9629666805267334 877.3272705078125 155.5922393798828 902.9796752929688 193.61065673828125 1.7878537 1.760068 0.48147306 13.529715 0.608414 33.624165 -1.5804096460342407 0.4706157445907593
Cyclist 0.0 0 -1.894310474395752 976.841552734375 135.12811279296875 1024.7882080078125 208.12205505371094 1.8641635 1.8151704 0.5255477 10.313729 0.6884848 18.541943 -1.3866908550262451 0.37001895904541016
Cyclist 0.0 0 3.375650644302368 110.94615173339844 105.44331359863281 212.99130249023438 246.32456970214844 1.0895643 1.8618743 0.6080159 -6.1594105 0.8716046 9.802189 2.8146309852600098 0.13888044655323029
Car 0.0 0 -0.12077116966247559 721.3060913085938 162.0791473388672 860.7341918945312 211.2701873779297 4.4529443 1.612319 1.7435017 6.2582984 1.0100877 24.324968 0.13104629516601562 0.7746975421905518
Car 0.0 0 -0.7915614247322083 0.0 215.0426788330078 292.0155944824219 370.0 3.9870124 1.4278804 1.6016737 -3.2303176 1.690459 3.3336167 -1.5612235069274902 0.7243369221687317
Car 0.0 0 1.6607147455215454 310.8988952636719 178.6477813720703 350.0768737792969 208.6907196044922 4.2151484 1.5784197 1.6644118 -15.244959 1.4825195 39.397877 1.2915098667144775 0.5667286515235901
Car 0.0 0 1.6213141679763794 443.0771484375 172.91358947753906 471.0245056152344 197.72080993652344 3.7574484 1.5432312 1.5927604 -9.579516 1.072638 45.958904 1.4158198833465576 0.4705122113227844
