Pedestrian 0.0 0 1.8586474657058716 520.2745361328125 178.9956817626953 536.4514770507812 208.79397583007812 1.6985584 1.7634735 0.51998127 -4.9962997 2.1453981 43.94303 1.7454341650009155 0.1692655086517334
Pedestrian 0.0 0 1.7350338697433472 502.6440124511719 179.23826599121094 517.2637329101562 210.3272247314453 1.8132712 1.7650993 0.5612137 -5.8838296 2.1474154 42.251907 1.596667766571045 0.1190418154001236
Cyclist 0.0 0 1.7350338697433472 502.6440124511719 179.23826599121094 517.2637329101562 210.3272247314453 1.8132712 1.7650993 0.5612137 -5.8838296 2.1474154 42.251907 1.596667766571045 0.5966116786003113
Cyclist 0.0 0 1.8586474657058716 520.2745361328125 178.9956817626953 536.4514770507812 208.79397583007812 1.6985584 1.7634735 0.51998127 -4.9962997 2.1453981 43.94303 1.7454341650009155 0.3761463165283203
Cyclist 0.0 0 2.6309831142425537 815.8409423828125 98.00284576416016 1000.8424072265625 268.9649353027344 1.8670868 1.8310269 0.6275371 3.2931466 1.029719 8.154312 3.0148069858551025 0.2865194082260132
Car 0.0 0 -1.741749882698059 635.3497924804688 176.9886932373047 682.8433837890625 212.90953063964844 3.455958 1.5009122 1.5489185 2.1081932 1.6970396 32.360474 -1.676694631576538 0.7033033967018127
Car 0.0 0 -1.720902681350708 682.6932373046875 167.03785705566406 776.3274536132812 242.3316650390625 4.2399964 1.6868229 1.6847298 2.842668 1.5568805 18.285461 -1.5666766166687012 0.6938488483428955
Car 0.0 0 -2.385014057159424 928.3678588867188 167.2189483642578 1242.0 375.0 3.9603002 1.4728091 1.5981654 3.1121378 1.4637201 3.2217684 -1.6169227361679077 0.6448144316673279
Car 0.0 0 -1.7782702445983887 607.994873046875 175.63302612304688 648.592529296875 205.93228149414062 3.2756274 1.5578536 1.5544571 0.91594195 1.7158341 39.169415 -1.7548904418945312 0.6072037220001221
Car 0.0 0 -1.5237518548965454 469.0631103515625 181.7924346923828 506.8189392089844 215.15882873535156 3.9269588 1.4722925 1.6228269 -5.9024906 1.9313486 34.97818 -1.6909247636795044 0.5901649594306946
Car 0.0 0 -1.6828784942626953 576.5963745117188 180.71949768066406 604.8912963867188 202.61337280273438 3.721022 1.4563805 1.600611 -1.4329545 2.0378568 51.35191 -1.7107758522033691 0.5603247284889221
Car 0.0 0 1.4349976778030396 668.8319091796875 173.49241638183594 735.08740234375 224.6419219970703 3.856269 1.5113677 1.5931094 2.8370075 1.5340648 23.305304 1.5561339855194092 0.44441768527030945
