Car 0.0 0 -0.5369491577148438 936.0809936523438 180.7017059326172 1242.0 312.334716796875 3.5764709 1.4350004 1.5474519 6.0858374 1.5413861 8.857388 0.06506085395812988 0.857252299785614
Car 0.0 0 -2.677286386489868 137.9471435546875 188.76370239257812 378.2379150390625 273.0072937011719 3.795239 1.4697253 1.6068785 -6.6208215 1.7912586 13.731359 -3.1265668869018555 0.8203814625740051
Car 0.0 0 0.5205630660057068 29.036264419555664 192.69747924804688 347.9826354980469 294.68560791015625 3.990465 1.417162 1.5967885 -6.3813686 1.7457198 11.132549 6.961822509765625e-05 0.7956674098968506
Car 0.0 0 -2.4658472537994385 0.0 185.85826110839844 222.86798095703125 314.4112854003906 3.4879034 1.4110452 1.5254129 -6.9576206 1.5850888 8.854513 -3.1318516731262207 0.7589436769485474
Car 0.0 0 1.4805303812026978 634.4820556640625 185.04946899414062 673.0831298828125 216.31800842285156 4.033226 1.4729164 1.6405457 2.1928575 2.14369 37.620155 1.5387539863586426 0.7466815710067749
Car 0.0 0 3.4512436389923096 241.90679931640625 185.4488067626953 430.7159423828125 252.19105529785156 4.136399 1.5629841 1.6770699 -6.8260107 1.8972821 18.18858 3.0922179222106934 0.728192925453186
Car 0.0 0 -0.4293466806411743 810.1331176757812 192.36761474609375 1029.850830078125 274.58489990234375 3.6632013 1.481755 1.5839735 5.9643497 1.8908342 14.257923 -0.033149078488349915 0.7197279930114746
Car 0.0 0 -2.273879289627075 872.0404052734375 205.41261291503906 1242.0 375.0 3.7165425 1.410047 1.5742142 2.8228798 1.6625135 3.689049 -1.6207176446914673 0.6853551268577576
Car 0.0 0 -2.3315725326538086 0.0 218.35165405273438 205.641357421875 375.0 3.912639 1.4181452 1.5744584 -5.9355483 1.8681526 6.244209 -3.0916340351104736 0.6706838607788086
Car 0.0 0 2.728588104248047 718.383056640625 188.500732421875 855.73095703125 240.2635498046875 3.803747 1.4720626 1.598232 5.386857 1.98065 22.313873 2.965468645095825 0.6586561799049377
Car 0.0 0 -0.5917577743530273 864.5828247070312 189.93991088867188 1157.2210693359375 293.3408508300781 3.8140795 1.4479824 1.5859156 6.1574354 1.7412865 11.395606 -0.09636581689119339 0.5734502673149109
Car 0.0 0 3.306166648864746 417.3062744140625 184.06483459472656 505.1171569824219 218.6819610595703 3.6209092 1.473961 1.5861154 -6.615908 1.9871271 32.13995 3.1031553745269775 0.5366221070289612
