Pedestrian 0.0 0 -1.8655953407287598 1185.5704345703125 116.0432357788086 1242.0 216.9786376953125 0.81510735 1.8527545 0.6164641 11.429742 0.81030273 13.736998 -1.1716203689575195 0.1756647527217865
Pedestrian 0.0 0 -3.7062125205993652 1061.77197265625 171.2019805908203 1119.3270263671875 258.1405334472656 0.74001616 1.7262243 0.6489296 9.698483 1.6937803 14.655667 -3.121616840362549 0.1478026956319809
Pedestrian 0.0 0 -0.8957921266555786 1192.685302734375 159.4425048828125 1242.0 275.1087646484375 0.72064865 1.7647504 0.6289335 9.7490635 1.5604855 11.38207 -0.18752029538154602 0.1420455425977707
Pedestrian 0.0 0 -0.013279557228088379 818.958984375 125.24173736572266 865.0704956054688 227.47348022460938 0.81583464 1.8832567 0.60406953 4.344088 1.0065277 13.696262 0.2938570976257324 0.1386357992887497
Car 0.0 0 1.895511507987976 329.035888671875 185.642578125 409.1951904296875 235.09829711914062 3.819574 1.5956538 1.6209173 -8.679152 2.0939968 26.180275 1.5753984451293945 0.8810893893241882
Car 0.0 0 -1.5421640872955322 599.2999267578125 174.15960693359375 627.3998413085938 199.90289306640625 4.061223 1.5261792 1.6403611 0.21576035 1.6117597 45.038807 -1.5373735427856445 0.3036198914051056
Car 0.0 0 1.9397341012954712 405.3014221191406 180.44908142089844 439.394287109375 198.51571655273438 3.9706 1.5135694 1.6160761 -16.685652 2.2119646 64.24644 1.6856346130371094 0.15905261039733887
Car 0.0 0 2.2889270782470703 0.0 190.35401916503906 58.109615325927734 262.6757507324219 3.8395803 1.4804538 1.5951003 -15.785103 1.955275 17.6304 1.5586955547332764 0.13976357877254486
Car 0.0 0 1.8271299600601196 0.0 194.85943603515625 45.651615142822266 221.96078491210938 3.9862185 1.4475373 1.7184795 -36.27368 2.8630636 44.2295 1.1402380466461182 0.12659187614917755
Car 0.0 0 1.9206618070602417 99.82654571533203 190.64718627929688 148.37493896484375 212.90501403808594 4.0873036 1.4900798 1.7168105 -36.31489 2.8759713 53.992672 1.3285701274871826 0.11993597447872162
