Pedestrian 0.0 0 1.5119717121124268 562.8572387695312 158.5830841064453 617.8035278320312 295.75384521484375 0.90653706 1.7192335 0.66661096 -0.25858018 1.4462147 9.3372135 1.4842852354049683 0.7121835947036743
Pedestrian 0.0 0 -1.9337704181671143 835.7965698242188 172.8928985595703 872.6256713867188 243.0804443359375 0.7400662 1.7317237 0.6534952 6.2354345 1.545632 17.818426 -1.5971462726593018 0.4617787301540375
Pedestrian 0.0 0 -0.4248843789100647 825.3811645507812 190.28956604003906 870.7235717773438 281.4288330078125 0.62825644 1.7443954 0.66226673 4.7504086 1.9444319 13.965147 -0.09700090438127518 0.1664697825908661
Pedestrian 0.0 0 -2.545626640319824 1129.55859375 144.27735900878906 1203.2261962890625 256.26904296875 0.7197851 1.7540145 0.61145365 9.079658 1.1883522 11.504227 -1.8774778842926025 0.11091409623622894
Pedestrian 0.0 0 -0.8162884712219238 985.587158203125 197.79393005371094 1124.1356201171875 370.0 0.6453905 1.6219472 0.59009755 3.2815251 1.7616278 5.2680492 -0.25919288396835327 0.10247644037008286
Pedestrian 0.0 0 -0.09320560097694397 641.6647338867188 172.79278564453125 695.6768798828125 271.4649963378906 0.92977816 1.7679309 0.640323 1.1142758 1.6314809 12.987065 -0.007616318762302399 0.10159710794687271
Pedestrian 0.0 0 2.4010329246520996 972.9364013671875 149.92291259765625 1037.97607421875 259.9607849121094 0.69084764 1.7531403 0.6253012 6.541214 1.2676364 11.6426525 2.912914752960205 0.1002332866191864
Cyclist 0.0 0 -2.343926191329956 1135.2269287109375 161.8030242919922 1224.0 263.630615234375 1.6869007 1.6329015 0.5219291 10.050425 1.3347322 12.195567 -1.6546590328216553 0.18532687425613403
Cyclist 0.0 0 0.808772087097168 0.0 160.61273193359375 93.27944946289062 247.07565307617188 1.7420592 1.7000883 0.5984236 -11.435886 1.3106825 14.310839 0.13457608222961426 0.13966429233551025
Cyclist 0.0 0 3.673036575317383 40.76251983642578 188.8314666748047 111.76506042480469 248.81991577148438 1.5232563 1.6855783 0.64506465 -15.257255 1.9321154 20.37945 3.0303943157196045 0.10981667041778564
Car 0.0 0 -1.053823709487915 290.8213195800781 195.3622283935547 407.5351257324219 252.93865966796875 3.5815918 1.4131447 1.5695931 -7.220685 1.8799417 20.228666 -1.396679401397705 0.13524781167507172
