Pedestrian 0.0 0 1.6904925107955933 619.8904418945312 182.3563232421875 636.5816040039062 221.33444213867188 1.2164032 1.6849716 0.60444725 0.7788257 2.1172411 32.148235 1.7147138118743896 0.25117936730384827
Pedestrian 0.0 0 -0.6878424882888794 1074.9310302734375 119.76432800292969 1192.354736328125 274.5880126953125 1.010736 1.8368285 0.6177434 6.3834157 1.2073302 8.898907 -0.06558278948068619 0.19321200251579285
Pedestrian 0.0 0 1.5695061683654785 609.2830200195312 133.81533813476562 625.5230712890625 189.83094787597656 1.4660575 1.8413507 0.53386116 0.20313402 0.5584262 24.450588 1.5778138637542725 0.10635700076818466
Cyclist 0.0 0 1.6904925107955933 619.8904418945312 182.3563232421875 636.5816040039062 221.33444213867188 1.2164032 1.6849716 0.60444725 0.7788257 2.1172411 32.148235 1.7147138118743896 0.26325953006744385
Cyclist 0.0 0 1.5695061683654785 609.2830200195312 133.81533813476562 625.5230712890625 189.83094787597656 1.4660575 1.8413507 0.53386116 0.20313402 0.5584262 24.450588 1.5778138637542725 0.2568421959877014
Car 0.0 0 1.7346482276916504 420.36328125 187.33685302734375 481.6025695800781 233.42477416992188 3.6684299 1.4459207 1.5491513 -5.6253805 1.9994078 25.682392 1.5190171003341675 0.8967700600624084
Car 0.0 0 1.7482794523239136 345.7789306640625 189.1162567138672 445.205810546875 262.38018798828125 3.925477 1.4674219 1.615115 -5.0799417 1.9057354 17.391258 1.4640884399414062 0.8938905000686646
Car 0.0 0 1.2815505266189575 672.3262329101562 163.42352294921875 801.4742431640625 248.6694793701172 4.404651 1.7117606 1.7208099 2.7165673 1.5227519 16.780481 1.4420466423034668 0.685701310634613
Car 0.0 0 1.753596544265747 445.09869384765625 182.82655334472656 496.4464111328125 219.15567016601562 3.7617307 1.4691968 1.5852891 -6.1674933 1.9393165 32.099213 1.5637714862823486 0.5358806252479553
Car 0.0 0 1.877416729927063 554.293701171875 177.04307556152344 595.2672729492188 201.84632873535156 3.8580258 1.5594487 1.64359 -2.3332877 1.8513459 48.13807 1.8289839029312134 0.15878570079803467
