Pedestrian 0.0 0 -0.5853946805000305 866.2388916015625 150.9926300048828 950.598876953125 290.9124450683594 0.8009052 1.6990731 0.5641406 3.7741723 1.3424394 8.931979 -0.18560439348220825 0.4176315665245056
Pedestrian 0.0 0 -1.6609646081924438 839.6879272460938 173.8999481201172 870.119140625 244.03038024902344 0.7905072 1.7252438 0.65331775 6.2642355 1.5644766 17.851984 -1.3234895467758179 0.25172922015190125
Pedestrian 0.0 0 -0.4051792025566101 822.2847900390625 190.32015991210938 871.20703125 279.6519470214844 0.69185954 1.7090411 0.70522696 4.729414 1.9102198 13.983916 -0.07905162870883942 0.18532425165176392
Pedestrian 0.0 0 -2.170591354370117 1113.13671875 188.41937255859375 1224.0 370.0 0.68032116 1.6634463 0.6566678 4.325775 1.7287452 5.305996 -1.4866135120391846 0.1359233260154724
Pedestrian 0.0 0 -0.7471219301223755 983.43212890625 193.381103515625 1122.2406005859375 370.0 0.66351163 1.614964 0.57121843 3.2669864 1.7190568 5.2712326 -0.1922876238822937 0.1351475715637207
Pedestrian 0.0 0 -2.2465882301330566 1142.626220703125 161.66244506835938 1224.0 263.1249694824219 1.5996622 1.63068 0.5154675 10.064566 1.3295816 12.162269 -1.555288314819336 0.1094314306974411
Cyclist 0.0 0 -1.5279279947280884 82.07316589355469 158.56285095214844 122.09310913085938 252.5788116455078 1.7476069 1.6412414 0.5392337 -9.423447 1.2599283 13.217558 -2.147291898727417 0.18367381393909454
Cyclist 0.0 0 -2.2465882301330566 1142.626220703125 161.66244506835938 1224.0 263.1249694824219 1.5996622 1.63068 0.5154675 10.064566 1.3295816 12.162269 -1.555288314819336 0.17861172556877136
Cyclist 0.0 0 -1.7372254133224487 849.157470703125 143.45046997070312 898.6539916992188 250.9071502685547 1.7658272 1.724238 0.5056087 4.5862308 1.1313995 12.255157 -1.3791311979293823 0.14261022210121155
Car 0.0 0 1.9895274639129639 50.138851165771484 183.75436401367188 148.11314392089844 226.5318603515625 3.834569 1.4570558 1.5488361 -18.791212 1.5895307 26.419415 1.3712809085845947 0.19577735662460327
Car 0.0 0 -1.1085715293884277 292.60906982421875 197.26776123046875 404.70660400390625 255.33897399902344 3.590097 1.4174123 1.5703387 -7.2295465 1.9428602 20.210798 -1.4520957469940186 0.18816667795181274
