Pedestrian 0.0 0 -2.7151975631713867 344.6639099121094 156.12197875976562 373.4149169921875 199.41421508789062 1.043409 1.9068302 0.6288799 -11.21397 1.1702174 32.138176 -3.0509188175201416 0.21249239146709442
Cyclist 0.0 0 -2.755115032196045 345.8488464355469 155.2639923095703 374.4126281738281 198.54698181152344 1.0396188 1.9070497 0.6359688 -11.163062 1.1323913 32.132847 -3.08947491645813 0.14076320827007294
Car 0.0 0 -1.9619405269622803 307.1389465332031 163.99107360839844 377.89300537109375 198.11146545410156 4.3783393 1.5652174 1.6937469 -13.167422 1.1590029 35.27708 -2.3191823959350586 0.6298266053199768
Car 0.0 0 -2.035677194595337 363.0834655761719 162.2340087890625 424.5856018066406 194.1791534423828 3.5927427 1.5748248 1.6113217 -11.282309 1.0516411 37.42608 -2.3284690380096436 0.4109788239002228
Car 0.0 0 -2.1605031490325928 721.7947387695312 162.07984924316406 769.3128051757812 184.8904266357422 3.7841575 1.6379746 1.6582321 10.048447 0.86466485 53.87488 -1.9761074781417847 0.31140971183776855
Car 0.0 0 1.1267025470733643 849.20849609375 161.51437377929688 887.7993774414062 182.39662170410156 3.6864033 1.7020655 1.6269587 21.68687 0.77815545 60.724045 1.4697222709655762 0.25030893087387085
Car 0.0 0 -1.8739629983901978 468.255859375 164.98028564453125 508.0273132324219 189.14700317382812 3.7627485 1.5950431 1.6458908 -8.454445 1.0757227 49.66981 -2.04256010055542 0.22269199788570404
Car 0.0 0 -2.4574925899505615 655.2839965820312 160.7055206298828 712.6290893554688 185.5950469970703 3.6165938 1.6112397 1.6375977 4.9200444 0.8251576 48.563896 -2.3565263748168945 0.21328309178352356
Car 0.0 0 -2.031928300857544 422.6985778808594 160.6813507080078 486.27105712890625 192.55499267578125 4.117229 1.6222935 1.6831728 -8.458749 1.0030925 38.8546 -2.246286153793335 0.21129335463047028
Car 0.0 0 -2.327584743499756 582.1094360351562 163.13075256347656 647.5498046875 190.75637817382812 3.9817863 1.5871564 1.6572971 0.21741189 1.0288908 43.471462 -2.3225834369659424 0.1762467920780182
Car 0.0 0 0.490875244140625 815.6262817382812 160.9877166748047 869.1089477539062 182.04933166503906 3.7989693 1.65324 1.6576769 18.811678 0.72214794 58.5759 0.8016214370727539 0.1698811650276184
