Pedestrian 0.0 0 1.3202683925628662 864.1851196289062 149.62574768066406 906.9163208007812 241.8614044189453 0.7484617 1.7039127 0.58637667 5.357748 1.1163489 13.674871 1.6936817169189453 0.6717936396598816
Pedestrian 0.0 0 -2.4414446353912354 184.71151733398438 162.6895294189453 274.139404296875 298.84686279296875 0.85487175 1.7418047 0.6314051 -4.999159 1.5025033 9.587956 -2.922065258026123 0.5275349617004395
Pedestrian 0.0 0 2.1028919219970703 224.6288299560547 163.85675048828125 326.60845947265625 333.2200622558594 0.8637051 1.6606959 0.6199677 -3.4248288 1.4890645 7.5026975 1.674662470817566 0.5186346769332886
Pedestrian 0.0 0 -2.4763450622558594 950.6919555664062 144.33042907714844 1141.585693359375 374.0 0.6391407 1.6148531 0.6970608 2.4750307 1.4248592 4.119589 -1.9353408813476562 0.42585018277168274
Pedestrian 0.0 0 -1.1209750175476074 336.93426513671875 200.27316284179688 428.1107482910156 340.6039123535156 0.77306706 1.584257 0.7978106 -2.6688898 1.823732 8.667399 -1.4196844100952148 0.3782406747341156
Pedestrian 0.0 0 -1.779038429260254 804.5701293945312 154.14590454101562 874.3812255859375 306.9825744628906 0.964775 1.6356443 0.5608625 2.643554 1.3442622 8.193798 -1.4669528007507324 0.37081047892570496
Pedestrian 0.0 0 3.2192318439483643 487.4610290527344 168.5695343017578 508.12884521484375 213.37306213378906 0.79376 1.8111161 0.59082747 -4.2482085 1.2894179 29.355986 3.0755159854888916 0.3448072075843811
Pedestrian 0.0 0 0.7152777910232544 95.53250885009766 156.44993591308594 203.06825256347656 323.1893005371094 0.7950765 1.7538042 0.6153844 -5.0146194 1.491683 7.9168735 0.15065431594848633 0.2972758710384369
Cyclist 0.0 0 -1.4006388187408447 752.7701416015625 169.64895629882812 819.9064331054688 273.73101806640625 2.0026574 1.6230824 0.7863532 3.1533039 1.4395732 12.273828 -1.1491645574569702 0.27039283514022827
Cyclist 0.0 0 1.2376407384872437 0.0 164.2486572265625 56.71078872680664 263.9085693359375 1.684132 1.682698 0.5896803 -10.491183 1.3927028 12.818526 0.5517570972442627 0.25711411237716675
Cyclist 0.0 0 -1.7615233659744263 803.4968872070312 155.08502197265625 876.3682861328125 311.326416015625 1.2493869 1.6515416 0.5555901 2.657138 1.3736839 8.244177 -1.4497311115264893 0.1383543163537979
Cyclist 0.0 0 -2.455465078353882 177.5836944580078 161.47348022460938 274.4630432128906 299.5744934082031 0.9638563 1.7657394 0.6327778 -5.043866 1.5110167 9.588504 -2.9397213459014893 0.10036949813365936
Car 0.0 0 -1.7218725681304932 671.9783325195312 160.7410125732422 733.0681762695312 215.16403198242188 3.7622392 1.8404617 1.639164 3.5839036 1.1395173 26.183064 -1.5858392715454102 0.6806673407554626
Car 0.0 0 1.8206465244293213 559.3345947265625 162.6881866455078 594.390869140625 185.39346313476562 3.8796844 1.6012022 1.6655922 -1.74493 0.27520034 52.728714 1.7875659465789795 0.34295907616615295
