Pedestrian 0.0 0 -1.8866453170776367 1183.3896484375 167.9682159423828 1242.0 279.07818603515625 1.0766135 1.6799558 0.6822877 9.727742 1.6064416 11.53373 -1.1859855651855469 0.26224449276924133
Pedestrian 0.0 0 -3.4153544902801514 869.4679565429688 125.80934143066406 943.7019653320312 252.49832153320312 0.8770794 1.8109235 0.6239186 4.3150225 1.1388134 10.66953 -3.0310394763946533 0.20177270472049713
Pedestrian 0.0 0 -2.0407896041870117 870.2454223632812 163.0045166015625 901.7120361328125 215.99168395996094 0.88835186 1.744308 0.6541164 9.213377 1.4204265 24.226316 -1.6773765087127686 0.17638728022575378
Pedestrian 0.0 0 -2.050008535385132 1070.9482421875 142.49075317382812 1134.0631103515625 242.33560180664062 0.91057444 1.8028299 0.6247029 9.153258 1.2549393 13.513974 -1.4546680450439453 0.14792722463607788
Pedestrian 0.0 0 -2.2242283821105957 1108.2557373046875 145.64915466308594 1133.3302001953125 185.4271697998047 0.75942373 1.9371601 0.6871614 25.108637 0.61266226 35.52818 -1.6090035438537598 0.13342955708503723
Cyclist 0.0 0 -1.8866453170776367 1183.3896484375 167.9682159423828 1242.0 279.07818603515625 1.0766135 1.6799558 0.6822877 9.727742 1.6064416 11.53373 -1.1859855651855469 0.13177484273910522
Cyclist 0.0 0 -2.00415301322937 868.1331176757812 163.15576171875 901.7423095703125 215.79379272460938 1.1773095 1.7266299 0.6170636 9.192423 1.4088669 24.274252 -1.6421509981155396 0.10474065691232681
Car 0.0 0 1.985155463218689 232.959228515625 187.555908203125 355.56854248046875 251.4836883544922 4.068251 1.5283185 1.6360848 -8.726599 1.9823968 20.225054 1.5778135061264038 0.8827880024909973
Car 0.0 0 -1.5911242961883545 600.6079711914062 175.31307983398438 628.5695190429688 202.27120971679688 4.1294785 1.5840404 1.6454607 0.2130441 1.7443417 44.85057 -1.586374282836914 0.5932904481887817
Car 0.0 0 1.8165172338485718 373.2345886230469 176.15882873535156 451.744140625 225.49241638183594 4.057142 1.5091966 1.6148609 -6.6102877 1.6306288 24.38761 1.551826000213623 0.20761467516422272
Car 0.0 0 1.9835797548294067 392.88079833984375 179.78021240234375 429.5067138671875 199.95433044433594 3.7732027 1.6088257 1.6014929 -16.753534 2.212646 60.880833 1.715040922164917 0.16706596314907074
Car 0.0 0 2.113260269165039 0.0 187.3800811767578 111.58062744140625 248.29409790039062 3.70707 1.4616798 1.5503128 -15.85754 1.9070976 20.169113 1.4469729661941528 0.14778903126716614
Car 0.0 0 2.00887131690979 698.461181640625 179.92950439453125 772.2603149414062 217.26492309570312 3.8774447 1.4396203 1.5933049 5.3405347 1.7605147 30.639408 2.1814403533935547 0.14771530032157898
