Pedestrian 0.0 0 1.4406678676605225 883.9833984375 131.42868041992188 916.7752685546875 207.93844604492188 0.8339794 1.8944786 0.66862726 7.3263206 0.8690934 18.350115 1.8205293416976929 0.3769095838069916
Cyclist 0.0 0 -1.2851967811584473 1182.3544921875 143.55010986328125 1242.0 231.0345916748047 1.9299959 1.7075216 0.65537405 12.539103 1.1359262 14.886404 -0.5851788520812988 0.42882096767425537
Car 0.0 0 3.7121522426605225 0.0 179.66726684570312 255.73495483398438 292.1684265136719 3.6331048 1.4503473 1.5704331 -7.3039627 1.5559745 10.275054 3.0941853523254395 0.821533739566803
Car 0.0 0 -0.5406875610351562 819.7129516601562 181.90753173828125 1195.1903076171875 315.790771484375 3.7975945 1.4648982 1.6022141 4.682897 1.5886637 8.923699 -0.05742025747895241 0.8190938830375671
Car 0.0 0 -1.7969402074813843 455.76708984375 177.40579223632812 493.8695373535156 203.0663604736328 3.9845219 1.6052449 1.6356541 -9.073038 1.9223305 48.05121 -1.9835631847381592 0.7806551456451416
Car 0.0 0 3.503384590148926 91.17576599121094 172.68231201171875 319.37567138671875 256.6293640136719 3.8602338 1.6443563 1.6751641 -8.423186 1.6413513 15.235302 2.998338460922241 0.71122145652771
Car 0.0 0 3.5316455364227295 0.0 174.58224487304688 271.5518798828125 267.9588928222656 3.72055 1.4911174 1.5834179 -8.209221 1.5245357 12.680351 2.9571022987365723 0.6969985365867615
Car 0.0 0 -0.49061119556427 753.8682861328125 185.08856201171875 1038.7867431640625 290.3462829589844 3.8700716 1.4694113 1.6107321 4.343207 1.6799614 11.352685 -0.12521959841251373 0.6939848065376282
Car 0.0 0 0.9018048644065857 1032.83984375 180.10562133789062 1101.8216552734375 206.65664672851562 3.7080863 1.5107635 1.5945379 27.794731 1.9730768 44.034096 1.4648568630218506 0.6368799209594727
Car 0.0 0 1.688288688659668 1135.325439453125 184.8989715576172 1201.066650390625 227.1357879638672 3.713054 1.4686614 1.5983317 21.691727 1.9687274 28.046633 2.3466086387634277 0.49555397033691406
Car 0.0 0 3.5335569381713867 168.36456298828125 171.8354949951172 361.6708068847656 239.8465118408203 3.9794734 1.5940506 1.6654764 -8.45557 1.570537 17.841087 3.090975284576416 0.47753840684890747
