Pedestrian 0.0 0 2.2851221561431885 958.706298828125 132.26565551757812 1009.7357788085938 222.02651977539062 0.832135 1.8518761 0.5503519 7.8792477 1.0148469 15.293539 2.7608566284179688 0.534521222114563
Car 0.0 0 -1.8718645572662354 709.0198974609375 197.00338745117188 894.103271484375 323.984375 3.594853 1.4544414 1.6153826 2.594332 1.8785129 10.810545 -1.6363369226455688 0.9322614669799805
Car 0.0 0 1.8700308799743652 283.6794738769531 200.99734497070312 456.0465393066406 318.8409118652344 3.8462265 1.476285 1.591411 -3.7794578 2.0157106 11.887971 1.5622133016586304 0.8938001990318298
Car 0.0 0 1.7651844024658203 392.6932067871094 200.23568725585938 494.62835693359375 277.1705322265625 4.0681496 1.4905196 1.6372038 -3.9377353 2.2328918 17.494705 1.5437923669815063 0.8931597471237183
Car 0.0 0 -2.0604612827301025 811.6332397460938 195.2920684814453 1208.73046875 375.0 3.2588937 1.486431 1.5209321 2.9694397 1.7327037 6.2426343 -1.61646568775177 0.8822264671325684
Car 0.0 0 -1.7407329082489014 674.7608642578125 193.7014617919922 779.1534423828125 275.92724609375 4.270759 1.5456536 1.6532679 2.5215273 2.0937998 16.804117 -1.591789960861206 0.8114323616027832
Car 0.0 0 -1.7526047229766846 648.8657836914062 188.00318908691406 706.2470092773438 230.753173828125 3.6959808 1.5002686 1.6070156 2.564464 2.1411374 28.589792 -1.6631455421447754 0.7125144004821777
Car 0.0 0 1.6906816959381104 470.709228515625 194.28033447265625 524.20166015625 240.4535369873047 3.8062184 1.5426512 1.5932657 -4.3115964 2.4265912 27.823135 1.536940097808838 0.6421716809272766
Car 0.0 0 3.587075710296631 0.0 186.41566467285156 201.6070556640625 340.6156005859375 3.9674432 1.4921159 1.612543 -7.30663 1.6767282 8.503825 2.8772549629211426 0.5220641493797302
Car 0.0 0 1.716347098350525 438.4799499511719 196.70130920410156 505.9995422363281 250.4548797607422 3.8322284 1.4372851 1.5674444 -4.3397117 2.2610571 22.964157 1.5295721292495728 0.46760794520378113
Car 0.0 0 -1.7215334177017212 664.39697265625 190.8114013671875 736.621826171875 247.01576232910156 4.1009336 1.5208901 1.6536801 2.7289314 2.1435282 22.924736 -1.6030522584915161 0.44895485043525696
