Pedestrian 0.0 0 -2.8211276531219482 352.7615966796875 151.3467254638672 448.2240905761719 303.5874328613281 0.9207261 1.7221078 0.66959655 -2.442988 1.3940189 8.343968 -3.105952024459839 0.6100046038627625
Pedestrian 0.0 0 -1.5806092023849487 840.51123046875 173.98179626464844 868.1240844726562 244.4862060546875 0.82032394 1.7311745 0.6430191 6.250163 1.5727232 17.8477 -1.2437613010406494 0.25593292713165283
Pedestrian 0.0 0 -0.7349300384521484 54.618465423583984 190.86224365234375 102.70088195800781 251.45986938476562 0.8981567 1.6933005 0.67005175 -15.233798 2.0017705 20.430653 -1.375631332397461 0.18379394710063934
Pedestrian 0.0 0 -0.7889481782913208 982.0076293945312 194.0807647705078 1122.5028076171875 370.0 0.66574556 1.6228368 0.58876216 3.2658324 1.7329541 5.275405 -0.23462623357772827 0.14626818895339966
Pedestrian 0.0 0 -2.179952383041382 1110.88134765625 186.65658569335938 1224.0 370.0 0.673486 1.6641283 0.66237074 4.3069735 1.7151773 5.301605 -1.4977017641067505 0.14282695949077606
Pedestrian 0.0 0 -1.209904670715332 658.7255859375 172.0648956298828 707.8159790039062 268.7935485839844 0.8163846 1.7407224 0.67050713 1.4297589 1.5905664 13.234627 -1.102290391921997 0.13956287503242493
Pedestrian 0.0 0 2.777498483657837 747.4810791015625 130.72470092773438 810.6026000976562 237.0642547607422 0.9169956 1.8092878 0.60489786 2.9941487 0.96404636 12.382957 3.0147409439086914 0.12195960432291031
Cyclist 0.0 0 -2.1664395332336426 0.0 175.15318298339844 71.33435821533203 260.1875915527344 1.8384241 1.6413193 0.6748033 -11.808598 1.5397488 14.222403 -2.8593740463256836 0.20354841649532318
Cyclist 0.0 0 -2.3528189659118652 1136.22021484375 158.00836181640625 1224.0 259.6705017089844 1.663806 1.6313218 0.49281064 10.04772 1.2720639 12.1918335 -1.6635336875915527 0.16832980513572693
Cyclist 0.0 0 3.6838431358337402 41.60881042480469 191.24562072753906 102.92330932617188 253.3667755126953 1.2416247 1.741886 0.6736418 -15.359711 2.0590034 20.358423 3.0374908447265625 0.15716806054115295
Cyclist 0.0 0 1.4880155324935913 963.402587890625 125.74199676513672 1013.5531616210938 242.84713745117188 1.6669543 1.7755951 0.5774373 6.214889 0.9469924 11.595119 1.9800403118133545 0.12972904741764069
Car 0.0 0 1.8366661071777344 48.7950439453125 185.36322021484375 133.8384246826172 229.07754516601562 3.9753773 1.4675165 1.5706389 -19.039852 1.6649334 26.342836 1.210820198059082 0.2045932561159134
Car 0.0 0 -1.138255000114441 294.6346740722656 195.9178009033203 402.8499450683594 253.0301971435547 3.538274 1.4062448 1.5655735 -7.236457 1.8888587 20.224453 -1.4818681478500366 0.1422712206840515
Car 0.0 0 1.8687628507614136 484.62957763671875 143.37632751464844 581.22119140625 206.10824584960938 4.223437 1.6666352 1.6799835 -2.0461304 0.6819338 21.016483 1.7717103958129883 0.12265132367610931
