Car 0.0 0 1.9590694904327393 199.72938537597656 190.43865966796875 397.6441345214844 307.6141052246094 3.7418532 1.4760873 1.5619932 -4.768766 1.803021 11.523258 1.5666906833648682 0.9105934500694275
Car 0.0 0 -2.0988717079162598 856.1050415039062 194.26019287109375 1242.0 375.0 3.7492378 1.4024421 1.5613067 3.64312 1.6539885 6.572751 -1.592751145362854 0.8933842182159424
Car 0.0 0 -1.8750145435333252 750.7865600585938 184.58905029296875 934.7722778320312 296.42962646484375 4.2493296 1.4419546 1.5958915 3.5138876 1.6704447 11.886372 -1.5875779390335083 0.874072253704071
Car 0.0 0 1.8688318729400635 338.5324401855469 187.07693481445312 464.4049072265625 260.8706970214844 4.224506 1.425139 1.6387265 -4.7477 1.8003942 16.884733 1.5947264432907104 0.8199509978294373
Car 0.0 0 2.192035675048828 0.0 197.5052032470703 250.35292053222656 375.0 3.7197053 1.4260513 1.5435872 -4.6998854 1.6971165 6.0310836 1.5300590991973877 0.7986080050468445
Car 0.0 0 1.7678439617156982 490.80108642578125 180.0658416748047 538.3261108398438 214.23654174804688 3.4263608 1.4347368 1.5004733 -4.3231235 1.7804835 32.794086 1.6367734670639038 0.7905665040016174
Car 0.0 0 -1.7740522623062134 721.8634033203125 180.70645141601562 827.0795288085938 254.16392517089844 3.9026937 1.4788316 1.6086525 3.6608331 1.6844791 16.90134 -1.5607471466064453 0.7169166803359985
Car 0.0 0 -1.69537353515625 691.2078247070312 178.27288818359375 746.4894409179688 222.93878173828125 4.021702 1.5774283 1.6158323 4.103751 1.8033065 27.998455 -1.5498391389846802 0.6702610850334167
Car 0.0 0 1.7111825942993164 511.42291259765625 178.2154541015625 551.5003662109375 209.63624572753906 3.7593982 1.5165647 1.5542291 -4.054247 1.8088217 37.37676 1.6031352281570435 0.6452547311782837
Car 0.0 0 -1.7265524864196777 707.2164916992188 180.1065216064453 777.4752807617188 232.76805114746094 3.5599105 1.4699093 1.5943922 3.9805636 1.7137673 22.427105 -1.5508928298950195 0.6402604579925537
Car 0.0 0 0.8144716024398804 1137.877197265625 169.9857635498047 1242.0 223.481689453125 3.3211834 1.5122756 1.4815933 18.154243 1.4315513 22.101912 1.5021185874938965 0.625207245349884
