Pedestrian 0.0 0 3.2331550121307373 359.15423583984375 143.25794982910156 391.1728820800781 208.74673461914062 0.8417253 1.8898313 0.6459571 -6.9475684 1.0361266 21.22755 2.916853189468384 0.28997573256492615
Pedestrian 0.0 0 -3.0466110706329346 996.6055297851562 172.91172790527344 1046.2271728515625 234.38954162597656 1.177792 1.711456 0.6927644 11.759331 1.7135208 20.706709 -2.5301294326782227 0.1750101000070572
Pedestrian 0.0 0 -0.504629909992218 923.4456176757812 138.41468811035156 1005.8782348632812 212.91757202148438 1.7639449 1.8089731 0.5954421 8.716087 0.97312474 17.858532 -0.05057751387357712 0.10688523203134537
Cyclist 0.0 0 -0.504629909992218 923.4456176757812 138.41468811035156 1005.8782348632812 212.91757202148438 1.7639449 1.8089731 0.5954421 8.716087 0.97312474 17.858532 -0.05057751387357712 0.31174033880233765
Cyclist 0.0 0 -3.0466110706329346 996.6055297851562 172.91172790527344 1046.2271728515625 234.38954162597656 1.177792 1.711456 0.6927644 11.759331 1.7135208 20.706709 -2.5301294326782227 0.19383397698402405
Car 0.0 0 1.8182374238967896 418.6988830566406 178.08377075195312 517.5581665039062 246.7981414794922 3.7454412 1.5471642 1.6016072 -3.5519536 1.6951554 18.45035 1.6280500888824463 0.8854204416275024
Car 0.0 0 -1.8096489906311035 735.3118286132812 156.2016143798828 892.4072875976562 264.3757019042969 4.196978 1.601593 1.6574229 3.3329606 1.3554006 12.791634 -1.5547584295272827 0.8742576837539673
Car 0.0 0 -1.372545838356018 544.7841796875 172.10557556152344 606.4724731445312 213.2002410888672 4.4474225 1.5380076 1.6572319 -1.3504328 1.5103546 29.32515 -1.4185636043548584 0.8350746631622314
Car 0.0 0 -1.2951523065567017 695.2203369140625 172.5761260986328 766.52294921875 217.6239013671875 3.5601373 1.471931 1.5774416 4.2940645 1.4632099 25.519777 -1.1284496784210205 0.7590246200561523
Car 0.0 0 1.789407730102539 468.9576721191406 176.74053955078125 527.8483276367188 216.38916015625 3.9247272 1.5130895 1.6001669 -4.594662 1.6855562 29.938263 1.6371246576309204 0.40209272503852844
