Pedestrian 0.0 0 -1.3809027671813965 1010.732666015625 130.9464874267578 1065.0299072265625 241.0720977783203 0.77234256 1.7924005 0.6610511 7.2158937 1.1106731 12.249228 -0.8485441207885742 0.35459959506988525
Pedestrian 0.0 0 -1.624993085861206 1083.0960693359375 127.42021942138672 1134.474609375 244.9305419921875 0.7865337 1.7913386 0.6282811 7.878052 1.0990995 11.495697 -1.024198055267334 0.31062746047973633
Pedestrian 0.0 0 -2.2646541595458984 1150.32861328125 124.79791259765625 1230.666259765625 244.2873992919922 0.7796587 1.7681746 0.5993696 8.834072 1.0574108 11.070226 -1.5911321640014648 0.1893695890903473
Pedestrian 0.0 0 2.0973079204559326 488.5943908691406 155.49160766601562 605.045654296875 311.9709167480469 1.7540392 1.6881998 0.60056376 -0.7630866 1.5012408 8.70315 2.009852170944214 0.13855485618114471
Pedestrian 0.0 0 -0.6611557602882385 1054.512939453125 170.2239227294922 1094.4642333984375 233.76206970214844 0.67176867 1.6991687 0.62471753 12.585883 1.629192 19.6346 -0.09112964570522308 0.1324571818113327
Pedestrian 0.0 0 -2.3137741088867188 1107.5621337890625 164.58021545410156 1155.4271240234375 227.90151977539062 0.8989026 1.7312572 0.6487651 14.547461 1.5054032 20.209496 -1.6898611783981323 0.11342215538024902
Pedestrian 0.0 0 0.5774614214897156 540.253173828125 144.25222778320312 597.064453125 255.3863067626953 0.6957757 1.7777337 0.6618335 -0.73558426 1.320569 11.998698 0.5162327289581299 0.11173989623785019
Pedestrian 0.0 0 -2.328155040740967 1110.2691650390625 123.97457885742188 1180.6348876953125 235.56576538085938 0.75320584 1.8047037 0.5885045 8.894696 1.0145612 12.076032 -1.6933125257492065 0.11008019745349884
Cyclist 0.0 0 2.0973079204559326 488.5943908691406 155.49160766601562 605.045654296875 311.9709167480469 1.7540392 1.6881998 0.60056376 -0.7630866 1.5012408 8.70315 2.009852170944214 0.5113568305969238
Car 0.0 0 2.3419809341430664 709.0543823242188 152.5988006591797 807.727783203125 193.3417205810547 3.9067976 1.5277865 1.5861403 5.913177 0.76861084 28.80783 2.544431686401367 0.11374401301145554
