Pedestrian 0.0 0 2.0236008167266846 1089.3626708984375 152.49188232421875 1156.365234375 259.2543640136719 0.80058557 1.79725 0.67527926 8.92411 1.4548299 12.632465 2.6386375427246094 0.5314601063728333
Pedestrian 0.0 0 -3.284395694732666 897.701904296875 156.89187622070312 963.7119750976562 264.45172119140625 0.94981873 1.7754265 0.6210354 5.411339 1.512307 12.333436 -2.8709335327148438 0.395470529794693
Pedestrian 0.0 0 1.5876781940460205 596.2379150390625 174.7778778076172 608.5665893554688 208.30856323242188 0.83227634 1.7621474 0.64308804 -0.43705836 1.8659681 38.38228 1.5762916803359985 0.23128895461559296
Pedestrian 0.0 0 -1.36073899269104 296.34613037109375 185.49607849121094 331.5589294433594 258.7001647949219 1.0893966 1.6852201 0.57342625 -7.174419 2.000749 17.39798 -1.7518641948699951 0.183616504073143
Cyclist 0.0 0 -1.0633878707885742 0.0 184.27560424804688 78.70648193359375 292.60321044921875 1.7306339 1.6505407 0.3954105 -9.640884 1.8559368 12.064004 -1.7376071214675903 0.3860622048377991
Cyclist 0.0 0 -1.405935287475586 297.1400146484375 186.1855010986328 330.8996887207031 260.7275085449219 1.2361088 1.698216 0.55803967 -7.147016 2.0312557 17.338022 -1.7969284057617188 0.18719494342803955
Car 0.0 0 1.6524691581726074 399.7056579589844 178.67474365234375 460.7654113769531 228.72901916503906 3.9987538 1.4537493 1.6085987 -5.8230968 1.6610268 23.544521 1.4100117683410645 0.8720802664756775
Car 0.0 0 1.3393759727478027 637.5931396484375 162.38677978515625 718.0021362304688 220.2478485107422 4.0237136 1.6721567 1.6433724 2.0073078 1.3700172 22.958405 1.4265865087509155 0.727110743522644
Car 0.0 0 1.6950823068618774 438.99578857421875 180.33583068847656 483.8636169433594 215.83425903320312 3.5018995 1.4402416 1.5174912 -6.5403905 1.7894737 31.837254 1.4924691915512085 0.679669201374054
Car 0.0 0 -1.5941892862319946 281.1580505371094 165.8990020751953 335.9431457519531 216.06166076660156 3.7871423 1.5768734 1.6131636 -10.423353 1.3585999 24.736752 -1.992982268333435 0.2516510784626007
