Pedestrian 0.0 0 -2.50106143951416 59.88736343383789 193.03720092773438 111.0078125 266.1960144042969 0.7164115 1.6902022 0.6900995 -12.549537 2.1817517 17.208286 -3.13116455078125 0.27861666679382324
Pedestrian 0.0 0 -2.3814287185668945 813.2979736328125 199.9204559326172 859.195068359375 264.6236877441406 1.0854378 1.8140439 0.74515927 6.6645684 2.642996 21.430437 -2.079923629760742 0.19782598316669464
Cyclist 0.0 0 -2.3135600090026855 809.0632934570312 196.7628173828125 860.9856567382812 261.50885009765625 1.404042 1.805987 0.71270394 6.639368 2.5446596 21.491644 -2.013932704925537 0.2565419673919678
Cyclist 0.0 0 1.8588781356811523 286.6639404296875 155.69891357421875 338.3742980957031 243.13632202148438 1.7991024 1.8125188 0.56701964 -6.5646152 1.4572634 15.878361 1.4668467044830322 0.2012580931186676
Cyclist 0.0 0 -1.571730613708496 368.46533203125 188.00819396972656 376.22149658203125 222.56268310546875 1.6907122 1.7095083 0.37283733 -12.328846 2.5116193 37.310097 -1.8908772468566895 0.18946197628974915
Cyclist 0.0 0 -2.1367154121398926 169.98446655273438 187.81663513183594 206.5222625732422 223.98362731933594 1.7911806 1.800737 0.7939456 -21.851713 2.5907953 37.316013 -2.666468381881714 0.18193234503269196
Car 0.0 0 2.016399383544922 448.8401794433594 184.54507446289062 489.42303466796875 204.56732177734375 4.076944 1.4846203 1.6152142 -11.340518 2.4635308 58.21487 1.8240044116973877 0.24329067766666412
Car 0.0 0 3.621145725250244 113.40188598632812 193.6371612548828 200.35107421875 222.2354278564453 3.722533 1.4768931 1.6004475 -24.839617 2.6448426 39.585117 3.060751438140869 0.21626286208629608
Car 0.0 0 1.8497344255447388 507.3515319824219 188.8447265625 542.8468627929688 208.67137145996094 4.2697883 1.4342921 1.7291361 -6.8085904 2.771328 58.064728 1.733008861541748 0.19813601672649384
Car 0.0 0 1.232863426208496 614.8501586914062 186.0739288330078 654.815673828125 207.66578674316406 4.281526 1.5177131 1.7651995 1.847205 2.583608 55.846806 1.2659276723861694 0.18490399420261383
Car 0.0 0 2.0522544384002686 182.2643280029297 167.57220458984375 348.2158508300781 255.484619140625 3.74131 1.6309763 1.6031393 -7.145638 1.5333449 15.28769 1.615015983581543 0.17047807574272156
