Pedestrian 0.0 0 1.6772027015686035 536.6463623046875 178.19630432128906 553.19775390625 217.4207763671875 1.8912798 1.7712905 0.577092 -3.07622 2.0288794 33.789116 1.5864112377166748 0.10105584561824799
Cyclist 0.0 0 1.6695640087127686 536.68603515625 178.47840881347656 553.0819702148438 217.6065673828125 1.889196 1.7644175 0.58318627 -3.0748394 2.035282 33.752853 1.5787161588668823 0.7394387125968933
Car 0.0 0 0.604202151298523 0.0 182.17539978027344 265.8389892578125 299.8361511230469 3.6632092 1.439492 1.5576746 -6.910781 1.5762322 9.752923 -0.012262778356671333 0.8402702808380127
Car 0.0 0 -3.666490077972412 907.0452880859375 174.57269287109375 1242.0 291.8594665527344 3.749337 1.4582376 1.5791906 6.20113 1.4841124 9.851568 -3.1046926975250244 0.8291311264038086
Car 0.0 0 0.44969767332077026 71.46250915527344 190.35311889648438 359.1345520019531 286.20782470703125 3.9283178 1.4461039 1.5970044 -6.490089 1.761071 12.087145 -0.04306451603770256 0.8082730770111084
Car 0.0 0 1.4910975694656372 634.9495239257812 182.73583984375 671.7368774414062 213.0727081298828 3.9730928 1.4828714 1.6413335 2.2309773 2.0390296 38.575798 1.548866868019104 0.771472692489624
Car 0.0 0 -2.1146326065063477 832.9505615234375 202.4188232421875 1242.0 375.0 3.7074518 1.4568421 1.5758303 2.7718933 1.7258476 4.691985 -1.5810260772705078 0.7461928129196167
Car 0.0 0 -2.6423416137695312 174.31202697753906 183.0172882080078 392.95977783203125 261.23046875 3.7530606 1.463278 1.5856065 -6.5916843 1.6835396 14.67428 -3.0645298957824707 0.7357501983642578
Car 0.0 0 -0.34434518218040466 800.9951171875 189.5628204345703 1011.1763305664062 265.44256591796875 3.7539282 1.4590847 1.5875252 6.025487 1.8292898 15.109204 0.03512263298034668 0.7321193218231201
Car 0.0 0 3.4436166286468506 265.6968994140625 181.05320739746094 438.4123840332031 243.6932373046875 3.9951248 1.560113 1.6617498 -6.773219 1.7879983 19.112625 3.103041172027588 0.6995230913162231
Car 0.0 0 0.7235570549964905 0.0 197.55758666992188 264.9698181152344 370.8326110839844 4.1061487 1.4625549 1.6277403 -5.9461007 1.7406766 7.22501 0.03495502471923828 0.6707804799079895
Car 0.0 0 -0.5023125410079956 847.73388671875 185.82591247558594 1116.74609375 278.92364501953125 3.8044682 1.4516307 1.5886158 6.1885667 1.6897271 12.355081 -0.03795120492577553 0.6353654265403748
Car 0.0 0 2.7808430194854736 715.259033203125 183.636474609375 844.2844848632812 231.2949981689453 3.7291498 1.4361634 1.5687714 5.3734527 1.7990288 23.229883 3.0081613063812256 0.6351099610328674
Car 0.0 0 -2.828446865081787 293.8580627441406 164.7310333251953 458.6910095214844 223.6430206298828 4.389824 1.6990232 1.7424612 -6.971911 1.465115 21.682117 -3.1395561695098877 0.5957903861999512
Car 0.0 0 2.404499053955078 737.3118896484375 186.96969604492188 875.202880859375 244.5435791015625 3.713571 1.4637114 1.5782075 5.5836086 1.8983697 20.648602 2.6685938835144043 0.5847312808036804
Car 0.0 0 -0.2534928619861603 714.9947509765625 176.45433044433594 837.8221435546875 220.4244384765625 3.9547374 1.4953942 1.6243352 5.78553 1.6276197 25.551914 -0.030824802815914154 0.5395323038101196
