Pedestrian 0.0 0 -1.9209187030792236 935.1793823242188 157.19757080078125 1001.31201171875 273.9577941894531 0.8057265 1.7179784 0.66291934 5.5573463 1.3617088 11.005707 -1.4533178806304932 0.5147600769996643
Pedestrian 0.0 0 -1.0999977588653564 0.0 143.4695281982422 96.97844696044922 365.8595886230469 0.83622694 1.7695893 0.6232692 -4.948325 1.4683679 6.185834 -1.774704933166504 0.470613569021225
Pedestrian 0.0 0 -0.8515316247940063 29.99770164489746 181.15274047851562 200.11448669433594 374.0 0.7298356 1.636822 0.6459641 -3.3488579 1.636048 4.922125 -1.4489600658416748 0.3526788651943207
Pedestrian 0.0 0 -0.022969722747802734 473.0881652832031 178.03976440429688 497.79327392578125 228.4900360107422 0.86100906 1.7864379 0.6617807 -4.1989794 1.664969 25.837645 -0.1840752810239792 0.32230839133262634
Pedestrian 0.0 0 1.7611801624298096 564.4547729492188 177.51646423339844 580.3304443359375 210.36708068847656 0.93384427 1.801484 0.71867555 -1.610635 1.5838525 39.905323 1.7208406925201416 0.31053587794303894
Pedestrian 0.0 0 0.057159021496772766 526.50830078125 184.09341430664062 551.631103515625 233.62777709960938 0.8540951 1.7372792 0.71499234 -2.2387924 1.8320967 25.599733 -0.030072778463363647 0.26881325244903564
Pedestrian 0.0 0 -0.5859735012054443 821.9281005859375 182.81472778320312 923.655517578125 332.3265380859375 0.85599196 1.6782393 0.75194037 3.1580124 1.6960471 8.532772 -0.2315022051334381 0.257500022649765
Pedestrian 0.0 0 1.1406296491622925 931.6311645507812 149.34890747070312 1154.1383056640625 374.0 1.6043628 1.6234616 0.55401736 2.6360033 1.4566323 4.5808554 1.6627938747406006 0.14791513979434967
Cyclist 0.0 0 1.1406296491622925 931.6311645507812 149.34890747070312 1154.1383056640625 374.0 1.6043628 1.6234616 0.55401736 2.6360033 1.4566323 4.5808554 1.6627938747406006 0.4808691143989563
Cyclist 0.0 0 -3.0278544425964355 529.387939453125 184.08767700195312 559.4856567382812 232.6057586669922 0.9935726 1.7008315 0.7389753 -2.0470974 1.7955216 25.606192 -3.1076302528381348 0.20352669060230255
Cyclist 0.0 0 -0.006698235869407654 469.6134338378906 180.2886962890625 499.2120361328125 230.6452178955078 1.0393507 1.7849559 0.66732764 -4.2391734 1.7430767 25.876106 -0.16908153891563416 0.16043439507484436
Cyclist 0.0 0 -0.5728342533111572 818.059814453125 183.51075744628906 925.1337280273438 332.3444519042969 0.92480856 1.6682215 0.7603246 3.142913 1.694773 8.533497 -0.21994774043560028 0.14378564059734344
Car 0.0 0 -1.7307472229003906 682.2357788085938 168.63893127441406 755.1336059570312 228.52664184570312 3.7297866 1.728728 1.6679678 3.5680606 1.3586159 22.600647 -1.5741653442382812 0.7574863433837891
Car 0.0 0 -2.1412394046783447 620.555419921875 167.17996215820312 666.8256225585938 190.18455505371094 3.6101456 1.5881646 1.6178076 3.0104616 0.60020095 51.55885 -2.082916736602783 0.3404275178909302
Car 0.0 0 1.5318336486816406 664.1680297851562 183.26571655273438 699.3346557617188 215.8943634033203 3.5080256 1.4849502 1.541849 3.8252323 1.5755247 34.687386 1.641667127609253 0.2567708492279053
Car 0.0 0 -1.914352536201477 614.322998046875 179.29649353027344 649.9932861328125 199.62115478515625 3.6957731 1.5020578 1.5746258 2.3384259 1.3397986 55.08292 -1.8719252347946167 0.23473724722862244
