Pedestrian 0.0 0 -0.9246357679367065 275.4304504394531 187.7705078125 394.6781311035156 374.0 0.8198334 1.6087027 0.63493925 -2.4048235 1.6703061 6.4142103 -1.2833373546600342 0.6871863007545471
Pedestrian 0.0 0 2.1983642578125 527.219970703125 177.74679565429688 563.964111328125 240.77540588378906 0.8884471 1.81874 0.69793046 -1.6787398 1.711576 21.28654 2.1196632385253906 0.588441014289856
Pedestrian 0.0 0 -0.805869996547699 904.114990234375 172.6233673095703 973.1510009765625 295.9979553222656 0.5898012 1.7134805 0.6873932 4.828847 1.5915177 10.401197 -0.37122195959091187 0.5717275142669678
Pedestrian 0.0 0 1.7164632081985474 553.2467651367188 176.8485870361328 577.6527709960938 232.61648559570312 0.91488945 1.8508229 0.701987 -1.2359291 1.6975362 24.326103 1.6657001972198486 0.5561206340789795
Pedestrian 0.0 0 1.9095858335494995 693.8343505859375 168.99705505371094 721.65771484375 223.88902282714844 0.7784308 1.7419887 0.6732286 3.425733 1.3463118 23.294884 2.055598735809326 0.5305735468864441
Pedestrian 0.0 0 1.3819620609283447 598.1381225585938 178.63339233398438 617.4649658203125 222.5902099609375 0.9404583 1.78717 0.6326606 0.24150512 1.6716148 29.722446 1.3900872468948364 0.4293997883796692
Pedestrian 0.0 0 -1.6235952377319336 581.4035034179688 177.4261474609375 606.1507568359375 246.77346801757812 0.9344596 1.7571994 0.5920308 -0.23947486 1.6551521 18.684986 -1.6364109516143799 0.387228786945343
Pedestrian 0.0 0 -0.9441854953765869 776.060302734375 169.70803833007812 833.0012817382812 257.586181640625 0.73875505 1.7097688 0.8336807 4.0662594 1.4815949 14.529552 -0.6713054180145264 0.37663647532463074
Pedestrian 0.0 0 -0.7778685092926025 263.6398620605469 172.98223876953125 345.4367980957031 320.8407897949219 0.70066386 1.6739256 0.5745885 -3.575906 1.5788463 8.563966 -1.1734142303466797 0.36770880222320557
Pedestrian 0.0 0 -0.31285738945007324 756.1757202148438 171.4828643798828 782.7725219726562 220.79586791992188 0.75602585 1.7494537 0.6875931 6.021136 1.3951375 25.855732 -0.08406081795692444 0.3473157584667206
Pedestrian 0.0 0 0.198557510972023 388.1311340332031 192.58779907226562 428.31695556640625 280.6586608886719 0.66511023 1.7125486 0.64815545 -3.9024022 1.9413929 14.397701 -0.06612659990787506 0.32904234528541565
Pedestrian 0.0 0 -1.5538480281829834 485.6855163574219 189.522216796875 513.5159912109375 266.64764404296875 0.7229821 1.6818271 0.60566944 -2.3190901 1.8677499 16.14068 -1.6965512037277222 0.2932700514793396
Pedestrian 0.0 0 1.9827288389205933 605.5491333007812 178.8896484375 626.7861328125 221.3284149169922 0.8235961 1.7936399 0.636763 0.6218001 1.6842895 30.8645 2.0028722286224365 0.28828930854797363
Pedestrian 0.0 0 -0.630151629447937 790.3373413085938 149.5963134765625 838.0134887695312 225.10252380371094 0.9237695 1.8243052 0.65733075 5.238892 1.0546752 17.818321 -0.3441926836967468 0.25371241569519043
Pedestrian 0.0 0 1.9435046911239624 704.5975341796875 164.25123596191406 724.1734008789062 205.25228881835938 0.8915617 1.8405596 0.5999033 5.145871 1.067195 32.780045 2.0992157459259033 0.2532544732093811
Pedestrian 0.0 0 1.6558314561843872 454.0081787109375 171.0799102783203 501.2879638671875 284.92974853515625 1.6419028 1.7915481 0.65528077 -2.1079779 1.6288744 12.147409 1.4840093851089478 0.23373359441757202
Cyclist 0.0 0 -2.449350595474243 194.566162109375 196.32618713378906 332.6263122558594 313.9560546875 1.8298225 1.6520877 0.7399237 -5.1206064 1.8888013 10.818534 -2.891425609588623 0.4248957633972168
Cyclist 0.0 0 -1.829666256904602 687.964599609375 191.53598022460938 740.4196166992188 273.80877685546875 2.145366 1.739376 0.65591806 2.5256143 1.9872758 16.554232 -1.6782675981521606 0.36624565720558167
Cyclist 0.0 0 1.6158864498138428 449.6287536621094 174.6795196533203 494.34906005859375 287.9635925292969 1.7095674 1.7729906 0.6716351 -2.2010245 1.6675427 12.131997 1.436415433883667 0.34488633275032043
Car 0.0 0 -1.0371322631835938 632.982666015625 177.88221740722656 672.1853637695312 196.74183654785156 3.67474 1.5114012 1.5938762 4.2946672 1.2219846 59.528637 -0.9651124477386475 0.27249833941459656
