Pedestrian 0.0 0 2.317903518676758 863.15087890625 140.38746643066406 893.5892333984375 194.70542907714844 0.85003585 1.9042195 0.6010446 9.533675 0.76640105 25.752342 2.6724648475646973 0.19464737176895142
Pedestrian 0.0 0 -0.9382999539375305 902.9821166992188 140.04000854492188 935.5805053710938 198.740234375 0.8424408 1.9002268 0.6102195 10.170152 0.8383396 23.831888 -0.5349517464637756 0.15788760781288147
Pedestrian 0.0 0 -2.1453697681427 1210.6708984375 158.955078125 1239.2001953125 199.32725524902344 0.8109439 1.7708253 0.6245886 27.300861 1.161542 32.08835 -1.440409779548645 0.13764789700508118
Pedestrian 0.0 0 -1.5394694805145264 812.1393432617188 152.93507385253906 825.6362915039062 192.1831512451172 0.9036153 1.9401165 0.6234711 10.443358 0.9558395 36.19015 -1.2585325241088867 0.1282714456319809
Pedestrian 0.0 0 -0.07638019323348999 965.76220703125 111.8890609741211 1054.51513671875 288.84625244140625 0.80363524 1.833133 0.58591264 4.303034 1.2019436 7.903678 0.4221799373626709 0.11638838052749634
Car 0.0 0 -1.5285104513168335 599.0763549804688 176.36834716796875 629.4283447265625 203.2964630126953 4.175735 1.5265765 1.6599396 0.2666528 1.7495738 43.582222 -1.5223921537399292 0.3835057318210602
Car 0.0 0 1.835311770439148 369.90576171875 181.14175415039062 452.1683349609375 233.17604064941406 4.0150986 1.5257248 1.6160656 -6.4951525 1.822597 23.802893 1.5689246654510498 0.14656440913677216
Car 0.0 0 1.8102213144302368 408.5511779785156 175.82408142089844 474.6854553222656 218.3020782470703 4.0079074 1.5311577 1.6187629 -6.5561843 1.656309 28.300621 1.5825748443603516 0.14046117663383484
Car 0.0 0 -1.1702184677124023 278.66485595703125 166.5360107421875 315.9369201660156 186.42518615722656 3.8100276 1.7084931 1.6763881 -27.660969 1.1661308 63.889442 -1.5788040161132812 0.13240665197372437
Car 0.0 0 0.9452072978019714 723.7257690429688 173.7189483642578 771.36767578125 197.26182556152344 3.40129 1.5754069 1.5622104 9.518085 1.6382947 50.28891 1.1322627067565918 0.10974113643169403
Car 0.0 0 1.8105788230895996 513.214111328125 178.1646728515625 544.1456298828125 199.35789489746094 3.5946736 1.537161 1.5415567 -6.206493 1.9573317 55.154495 1.6985210180282593 0.10712253302335739
Car 0.0 0 1.8769508600234985 235.530517578125 186.13983154296875 371.97576904296875 267.5130310058594 3.9375408 1.4738717 1.6097301 -6.548914 1.8019043 15.761196 1.4831467866897583 0.10409989953041077
