Pedestrian 0.0 0 0.6440168023109436 992.531005859375 99.78693389892578 1077.41259765625 240.157958984375 0.76667637 1.8758785 0.6893536 5.899586 0.89978886 10.126859 1.1715202331542969 0.18469494581222534
Cyclist 0.0 0 -1.152761459350586 0.0 196.0571746826172 33.107322692871094 251.8058624267578 1.5607529 1.6597581 0.3409462 -18.980171 2.423559 22.940212 -1.8439733982086182 0.11774985492229462
Car 0.0 0 -1.6240909099578857 557.779541015625 178.57078552246094 600.9599609375 215.57864379882812 3.748507 1.4377233 1.6173649 -1.392625 1.695753 30.574127 -1.6696085929870605 0.8225540518760681
Car 0.0 0 2.2023825645446777 1042.781494140625 194.6147918701172 1221.477294921875 264.1278381347656 3.8912954 1.5167832 1.6310253 12.945008 2.101153 17.983093 2.8263025283813477 0.7802835702896118
Car 0.0 0 -1.470375657081604 512.671875 180.27423095703125 546.6622924804688 207.43270874023438 3.8939018 1.4872639 1.6106106 -4.723654 1.9451692 42.533768 -1.5809789896011353 0.5079841613769531
Car 0.0 0 1.4724235534667969 1185.316650390625 197.0616455078125 1242.0 257.5647277832031 3.8420053 1.4704182 1.6637118 18.103909 2.2518804 21.22698 2.1785829067230225 0.15187619626522064
Car 0.0 0 1.3960436582565308 864.1360473632812 187.85272216796875 908.7210693359375 218.44937133789062 3.4647481 1.5140227 1.6875724 14.996618 2.3718076 39.385063 1.7598626613616943 0.13697470724582672
Car 0.0 0 1.2607166767120361 1077.173583984375 181.6301727294922 1137.7255859375 211.0509033203125 4.09863 1.5419852 1.6760511 28.370726 2.0719147 41.332565 1.862257480621338 0.12737400829792023
Car 0.0 0 1.8709332942962646 0.0 200.3583526611328 55.89670181274414 240.26962280273438 4.1093645 1.5217803 1.741656 -26.9836 2.8582087 32.815758 1.1827564239501953 0.12717366218566895
Car 0.0 0 2.117396354675293 0.0 188.2740936279297 73.05026245117188 242.08465576171875 3.9110827 1.5297158 1.5952139 -19.73874 2.0812376 23.735985 1.4236845970153809 0.11950970441102982
