Pedestrian 0.0 0 -1.9892547130584717 1159.4097900390625 198.50331115722656 1219.155517578125 285.604248046875 0.817875 1.6813602 0.67251664 11.724515 2.22107 14.689126 -1.315626621246338 0.24846607446670532
Pedestrian 0.0 0 0.42309343814849854 1129.348876953125 176.3778076171875 1181.8712158203125 218.3855438232422 1.7052884 1.7345451 0.57006985 23.246794 1.889771 30.82343 1.0692722797393799 0.1267697960138321
Pedestrian 0.0 0 -3.055241346359253 850.0828857421875 156.7235107421875 864.6044921875 190.7372283935547 0.73731494 1.9371003 0.6601009 14.207983 1.018818 41.540092 -2.7256836891174316 0.11407201737165451
Pedestrian 0.0 0 -2.5330727100372314 1206.2939453125 173.44436645507812 1242.0 223.46890258789062 0.7579161 1.7333783 0.6115513 21.624449 1.754929 25.453878 -1.828837513923645 0.1123536229133606
Cyclist 0.0 0 0.42309343814849854 1129.348876953125 176.3778076171875 1181.8712158203125 218.3855438232422 1.7052884 1.7345451 0.57006985 23.246794 1.889771 30.82343 1.0692722797393799 0.3320596218109131
Cyclist 0.0 0 -3.2894318103790283 1097.3060302734375 175.75149536132812 1158.09326171875 222.0697479248047 1.836908 1.7513669 0.7199037 20.097607 1.867588 28.110909 -2.6687493324279785 0.23590175807476044
Cyclist 0.0 0 -1.8651278018951416 1157.127197265625 195.036376953125 1217.865966796875 283.8812561035156 1.2183496 1.6930836 0.6414788 11.746925 2.1687586 14.773635 -1.1933648586273193 0.18778516352176666
Cyclist 0.0 0 -1.780268669128418 1060.9921875 178.61715698242188 1081.32373046875 222.2088623046875 1.6590647 1.7121396 0.35809752 18.737627 1.9540427 29.398605 -1.212827444076538 0.13866429030895233
Cyclist 0.0 0 -0.7787643074989319 1210.5513916015625 177.0071258544922 1242.0 216.82476806640625 1.5600469 1.801101 0.6860722 28.565205 1.9943347 33.11183 -0.06694978475570679 0.10883698612451553
Car 0.0 0 -1.7254021167755127 984.445068359375 186.8870849609375 1241.3819580078125 375.0 3.5946054 1.4557182 1.6226246 5.023076 1.6459229 7.7866993 -1.152490496635437 0.8932857513427734
Car 0.0 0 -1.6073644161224365 962.9843139648438 186.13931274414062 1013.9891357421875 230.51478576660156 3.7933953 1.5398633 1.6220344 14.747014 2.0998611 28.330587 -1.1274254322052002 0.7988659143447876
Car 0.0 0 1.8275477886199951 855.6574096679688 175.853515625 902.0760498046875 203.39637756347656 4.0221376 1.5607055 1.6542208 16.20177 1.7505796 43.465282 2.1843461990356445 0.15247784554958344
