Pedestrian 0.0 0 -0.0024650990962982178 911.0200805664062 152.846923828125 948.1633911132812 228.468994140625 0.8398116 1.8528079 0.6420926 7.98005 1.3629749 18.137903 0.41201281547546387 0.27973705530166626
Pedestrian 0.0 0 -0.5619709491729736 1008.7167358398438 143.439697265625 1116.3963623046875 333.1788024902344 0.6664187 1.750839 0.5894476 4.2855215 1.4797732 6.9532423 -0.00962744653224945 0.19448332488536835
Pedestrian 0.0 0 -2.671538829803467 972.4497680664062 119.9856948852539 1197.1754150390625 306.3447265625 1.922438 1.7572938 0.69186616 4.981133 1.2591242 7.8047934 -2.1034932136535645 0.10168568789958954
Cyclist 0.0 0 -2.671538829803467 972.4497680664062 119.9856948852539 1197.1754150390625 306.3447265625 1.922438 1.7572938 0.69186616 4.981133 1.2591242 7.8047934 -2.1034932136535645 0.2648911476135254
Car 0.0 0 1.773300290107727 376.72442626953125 191.01760864257812 516.549560546875 289.30987548828125 4.5150967 1.4821498 1.7261578 -2.9975424 1.8915055 13.979423 1.5620734691619873 0.8643835186958313
Car 0.0 0 0.8357357382774353 702.3321533203125 176.905029296875 757.0706176757812 199.48655700683594 4.21699 1.6067932 1.6664896 8.941908 1.9248544 54.360233 0.9987692832946777 0.34148862957954407
Car 0.0 0 1.937137484550476 672.1141357421875 191.4668731689453 709.0144653320312 211.66073608398438 3.9730017 1.494198 1.7173576 6.6581035 3.0858133 59.52435 2.048529624938965 0.19889339804649353
Car 0.0 0 1.3078759908676147 640.839599609375 192.74313354492188 693.53466796875 225.38580322265625 3.9512744 1.4567542 1.7035134 2.8188004 2.5309665 36.85516 1.3842105865478516 0.17671160399913788
Car 0.0 0 1.6855016946792603 155.6822967529297 195.81910705566406 221.0962677001953 241.4791717529297 4.070792 1.4654075 1.7007526 -16.059309 2.413818 27.578398 1.1581875085830688 0.15339146554470062
Car 0.0 0 1.5473320484161377 997.4990234375 180.15789794921875 1091.4736328125 262.1482849121094 3.7988026 1.5522293 1.6091639 9.536901 1.736064 16.072536 2.082859516143799 0.14366449415683746
