Pedestrian 0.0 0 1.11783766746521 784.001708984375 171.48085021972656 815.6244506835938 232.70089721679688 0.81204456 1.8263475 0.63959706 5.7301054 1.7857411 21.98352 1.3728188276290894 0.5224343538284302
Pedestrian 0.0 0 0.753855288028717 1134.0853271484375 148.7755126953125 1242.0 266.9342041015625 1.3654069 1.7494355 0.6183921 9.092314 1.3932917 11.400149 1.4271072149276733 0.3321561813354492
Pedestrian 0.0 0 -0.3726453483104706 870.6720581054688 159.10792541503906 907.5529174804688 219.16810607910156 0.9163419 1.8733113 0.64259434 8.776894 1.4449214 22.82626 -0.005564548075199127 0.2803119122982025
Cyclist 0.0 0 0.7838375568389893 1129.38134765625 148.97848510742188 1242.0 270.4136962890625 1.518044 1.7871449 0.6244281 9.0739355 1.43613 11.405842 1.4558601379394531 0.3387104272842407
Cyclist 0.0 0 -1.6767832040786743 678.5394897460938 175.6074981689453 688.0274047851562 201.82684326171875 1.8642609 1.7678735 0.45416984 5.0203733 1.9617605 49.777267 -1.5762664079666138 0.1637178361415863
Cyclist 0.0 0 -0.393781840801239 867.0839233398438 158.84458923339844 906.8455200195312 219.2857208251953 1.0282634 1.8879503 0.58694655 8.716137 1.4507077 22.84373 -0.029276859015226364 0.11092119663953781
Car 0.0 0 2.16951847076416 0.0 185.01536560058594 142.38638305664062 254.7007293701172 4.0156026 1.5532411 1.6330446 -14.299475 1.9056923 18.840597 1.5203005075454712 0.8487359881401062
Car 0.0 0 -0.3388868570327759 1013.36572265625 187.87396240234375 1097.981689453125 218.11785888671875 3.8617823 1.6520772 1.5721147 25.68945 2.5461726 41.755238 0.2126624584197998 0.2559531629085541
Car 0.0 0 1.0544019937515259 1091.7459716796875 185.47958374023438 1147.1580810546875 207.66970825195312 3.936941 1.5388007 1.6830374 38.304245 2.5267518 54.39631 1.6679210662841797 0.23223796486854553
Car 0.0 0 1.2543978691101074 1173.18310546875 188.76858520507812 1229.62744140625 214.9095916748047 3.8202353 1.5357962 1.7369848 38.439823 2.6198063 47.03328 1.9395928382873535 0.2061377614736557
Car 0.0 0 2.2738285064697266 296.1023864746094 179.59963989257812 342.57000732421875 200.0502471923828 3.6832175 1.6086657 1.5837401 -24.17421 2.1893058 60.069088 1.8912203311920166 0.19079336524009705
