Pedestrian 0.0 0 3.115633010864258 371.5169372558594 162.8688507080078 408.232421875 248.50347900390625 0.74596494 1.8082731 0.6218802 -4.63012 1.416087 15.577017 2.826709747314453 0.46416473388671875
Pedestrian 0.0 0 2.926048755645752 355.63446044921875 173.44581604003906 400.1817321777344 254.94924926757812 0.8532877 1.7963104 0.61336035 -5.1129127 1.6200192 16.307262 2.622220277786255 0.37999972701072693
Pedestrian 0.0 0 -3.680241584777832 1031.9234619140625 135.87680053710938 1098.323486328125 232.48216247558594 0.8950812 1.8036882 0.5768351 8.798885 0.95313346 13.711725 -3.1097195148468018 0.3616575300693512
Pedestrian 0.0 0 -1.2162139415740967 528.4816284179688 171.34104919433594 554.30810546875 214.7310028076172 1.0657622 1.7565753 0.74138236 -2.4909236 1.3463017 29.690704 -1.2999136447906494 0.2863156497478485
Pedestrian 0.0 0 2.8538806438446045 468.1821594238281 175.8972930908203 509.532470703125 254.8065643310547 0.77649593 1.7625424 0.68184066 -2.6287582 1.6386158 16.517296 2.6960525512695312 0.2600228488445282
Pedestrian 0.0 0 1.7623224258422852 734.9285278320312 144.86456298828125 755.4462890625 193.65003967285156 0.82545346 1.9122417 0.65876 5.721703 0.4772562 28.660667 1.9593679904937744 0.24701890349388123
Pedestrian 0.0 0 -1.427174687385559 485.27117919921875 181.98887634277344 526.1573486328125 264.9879150390625 0.9626665 1.7329243 0.74641633 -2.087517 1.7450136 15.4858675 -1.5611684322357178 0.23306287825107574
Pedestrian 0.0 0 -1.851859450340271 695.1373291015625 178.23374938964844 722.7536010742188 233.13217163085938 0.6590158 1.7518734 0.7303354 3.4557652 1.6487436 23.295576 -1.7045892477035522 0.2135949581861496
Pedestrian 0.0 0 3.422832489013672 328.9861145019531 130.83197021484375 372.088134765625 210.75509643554688 0.83984846 1.8736098 0.6007557 -6.019764 0.68702066 17.160528 3.0854527950286865 0.20354296267032623
Pedestrian 0.0 0 2.4762122631073 745.88232421875 139.37327575683594 773.75439453125 192.11117553710938 0.77348924 1.8818803 0.6143775 5.72583 0.37969953 26.07486 2.692373275756836 0.19940678775310516
Cyclist 0.0 0 0.4417359232902527 526.6476440429688 158.8356170654297 561.9943237304688 194.68173217773438 1.6925789 1.831951 0.7054823 -2.9736001 0.6745315 37.338367 0.36226439476013184 0.34080880880355835
Cyclist 0.0 0 -2.951181411743164 448.10906982421875 183.29885864257812 516.0527954101562 264.0825500488281 1.323089 1.685064 0.7263014 -2.5763617 1.7257491 15.3770685 -3.117185354232788 0.283136785030365
Cyclist 0.0 0 -1.9500218629837036 1115.5360107421875 132.87457275390625 1177.006103515625 217.44691467285156 1.70082 1.7315888 0.45961234 11.748707 0.7372401 15.585948 -1.3040924072265625 0.23912563920021057
Cyclist 0.0 0 -1.7014639377593994 636.8027954101562 173.05979919433594 653.2089233398438 204.75421142578125 1.7775815 1.6762081 0.65774643 2.3465037 1.2306795 38.897373 -1.6412113904953003 0.1973521113395691
Cyclist 0.0 0 -1.2162139415740967 528.4816284179688 171.34104919433594 554.30810546875 214.7310028076172 1.0657622 1.7565753 0.74138236 -2.4909236 1.3463017 29.690704 -1.2999136447906494 0.1422613561153412
Cyclist 0.0 0 -0.5989681482315063 1022.9006958007812 137.85748291015625 1098.425048828125 234.3984832763672 1.059696 1.8127841 0.61729527 8.77648 0.99455357 13.811721 -0.032898738980293274 0.10564379394054413
Cyclist 0.0 0 1.6364706754684448 736.238037109375 143.576171875 753.5319213867188 192.10650634765625 1.0494784 1.9010704 0.6122538 5.723602 0.4164984 28.722782 1.8331646919250488 0.1002882868051529
Car 0.0 0 -1.8599915504455566 718.4557495117188 153.72787475585938 880.5357666015625 273.2394104003906 3.5892031 1.7504698 1.6732594 3.1637611 1.3450059 12.344063 -1.6090940237045288 0.9229781627655029
Car 0.0 0 -1.704923152923584 668.1868286132812 180.1134033203125 727.232421875 227.7653350830078 3.320059 1.5288098 1.5672125 3.2198544 1.4854221 24.707184 -1.5753328800201416 0.4327681064605713
