Pedestrian 0.0 0 1.5631170272827148 279.0622253417969 176.88999938964844 317.76324462890625 265.9058837890625 0.7421768 1.7633362 0.71101296 -6.325261 1.6934543 14.484821 1.1513934135437012 0.42546501755714417
Pedestrian 0.0 0 3.4211349487304688 108.94482421875 102.07054138183594 214.2421875 243.32615661621094 1.1095669 1.86553 0.6151767 -6.1522737 0.83140343 9.78261 2.859736919403076 0.3145033121109009
Pedestrian 0.0 0 0.08900338411331177 995.911865234375 110.3632583618164 1062.54052734375 248.08094787597656 0.74177444 1.8124053 0.5761923 5.8063817 0.89105856 9.75078 0.626091718673706 0.2494676113128662
Pedestrian 0.0 0 -1.9674859046936035 877.08251953125 155.25790405273438 904.31982421875 193.71458435058594 1.8478484 1.7760793 0.5225909 13.534959 0.6117561 33.57667 -1.5843048095703125 0.11218947172164917
Cyclist 0.0 0 -1.981508731842041 877.126708984375 154.98365783691406 904.8541870117188 193.00448608398438 1.8423301 1.7543373 0.52436775 13.536577 0.578431 33.547264 -1.5979821681976318 0.4727771580219269
Cyclist 0.0 0 -1.8908329010009766 977.7701416015625 137.25559997558594 1026.74658203125 210.521240234375 1.9095249 1.8145723 0.5368886 10.323482 0.7451334 18.494734 -1.3817274570465088 0.25917771458625793
Cyclist 0.0 0 3.4211878776550293 106.40616607666016 101.223388671875 215.6114501953125 242.10975646972656 1.1589819 1.8611758 0.61079174 -6.1634955 0.8155671 9.790196 2.8593175411224365 0.2167743444442749
Car 0.0 0 -0.44347691535949707 960.1828002929688 157.5408172607422 1120.4122314453125 206.5836944580078 4.233453 1.5613127 1.6848631 14.359286 0.83194155 23.561733 0.10384941101074219 0.8334736227989197
Car 0.0 0 1.8850306272506714 229.5205535888672 181.2450714111328 307.5140075683594 221.90780639648438 4.318888 1.5819778 1.7168776 -14.098472 1.6172554 29.835342 1.443589210510254 0.7362927198410034
Car 0.0 0 -0.794404923915863 0.0 210.91098022460938 292.55419921875 370.0 4.0077024 1.4291254 1.6012318 -3.2303166 1.6611496 3.3398454 -1.563133955001831 0.7018550634384155
Car 0.0 0 1.5104819536209106 439.12957763671875 177.2689971923828 474.5474548339844 206.15599060058594 3.9185925 1.465576 1.6191443 -8.010861 1.303077 37.97083 1.3025569915771484 0.6711332201957703
Car 0.0 0 1.9177658557891846 0.0 181.8474578857422 49.16283416748047 212.06138610839844 3.9736373 1.542466 1.6330022 -31.999367 1.6211797 38.427536 1.2233898639678955 0.21939586102962494
