Pedestrian 0.0 0 -1.8963053226470947 997.8095092773438 125.16424560546875 1037.193359375 198.95806884765625 0.86938334 1.8637904 0.6357933 10.653669 0.46778363 18.342112 -1.3700997829437256 0.4208719730377197
Pedestrian 0.0 0 -1.3643672466278076 443.1289978027344 171.8334503173828 457.154052734375 204.31285095214844 0.6802065 1.7805289 0.6326822 -8.570768 1.3068241 39.098682 -1.580162525177002 0.3038187325000763
Pedestrian 0.0 0 0.8815124034881592 1168.6357421875 114.22305297851562 1224.0 217.24888610839844 0.8920932 1.8407226 0.5883073 11.032876 0.6582203 13.0770035 1.5823290348052979 0.24592816829681396
Pedestrian 0.0 0 2.6426658630371094 868.4773559570312 148.61050415039062 898.9307250976562 197.9034423828125 0.92435944 1.8609388 0.56612647 10.624971 0.6585361 27.026213 3.0172407627105713 0.20697934925556183
Pedestrian 0.0 0 -1.8703713417053223 779.953857421875 154.3855743408203 795.16357421875 187.7158966064453 0.848327 1.8839133 0.6174808 10.419456 0.40924782 40.39745 -1.6179492473602295 0.2028966099023819
Pedestrian 0.0 0 -1.1240367889404297 139.0166473388672 154.7199249267578 157.61929321289062 189.09716796875 0.5548776 1.9231833 0.71216583 -25.759691 0.48234588 39.870094 -1.697658896446228 0.1771586835384369
Pedestrian 0.0 0 -1.3239400386810303 368.6075134277344 180.2851104736328 388.60357666015625 217.1129608154297 1.6341305 1.6532406 0.49536246 -10.435589 1.6450572 32.566288 -1.6340433359146118 0.17609688639640808
Pedestrian 0.0 0 2.290334939956665 548.024169921875 167.74078369140625 570.0335083007812 192.86476135253906 1.6627198 1.6994653 0.55398965 -3.1530874 0.83770466 48.65019 2.225614070892334 0.12026183307170868
Cyclist 0.0 0 -0.21783329546451569 610.2149658203125 165.9490966796875 642.966796875 195.9909210205078 1.8832461 1.7929188 0.63470507 1.2952777 0.9258756 42.67955 -0.187493696808815 0.7180664539337158
Cyclist 0.0 0 0.028825633227825165 668.8316040039062 164.88226318359375 702.4099731445312 196.07752990722656 1.8424658 1.7194494 0.73186827 4.496244 0.860013 39.459694 0.14228153228759766 0.6831503510475159
Cyclist 0.0 0 -1.3239400386810303 368.6075134277344 180.2851104736328 388.60357666015625 217.1129608154297 1.6341305 1.6532406 0.49536246 -10.435589 1.6450572 32.566288 -1.6340433359146118 0.5260717272758484
Cyclist 0.0 0 -0.831000030040741 548.3374633789062 167.69393920898438 569.8668823242188 193.02125549316406 1.6154143 1.7153718 0.52978534 -3.1503832 0.849354 48.678204 -0.8956284523010254 0.2237151563167572
Cyclist 0.0 0 -1.906484603881836 997.3118286132812 124.65557098388672 1038.3797607421875 199.9512176513672 0.9665091 1.8944167 0.6334601 10.647023 0.49098074 18.318726 -1.3799959421157837 0.11249853670597076
Car 0.0 0 -1.5068010091781616 507.8676452636719 175.75462341308594 545.7759399414062 207.1706085205078 3.6887183 1.4555154 1.6145455 -3.7948713 1.2371144 34.631813 -1.615943193435669 0.8111055493354797
Car 0.0 0 2.4792988300323486 990.8093872070312 138.6614227294922 1163.0604248046875 194.4225311279297 4.0342274 1.5553075 1.6527685 13.702595 0.38990778 20.696302 3.0641188621520996 0.6696648001670837
Car 0.0 0 2.1468729972839355 374.2049560546875 178.90391540527344 414.8687744140625 197.6980743408203 3.6779828 1.5480037 1.5714868 -17.864244 1.4177568 60.21836 1.858485221862793 0.24789616465568542
