Pedestrian 0.0 0 -1.6758575439453125 278.686767578125 178.2860565185547 320.3155822753906 266.02740478515625 0.7249721 1.7386929 0.70951223 -6.311397 1.6964502 14.496279 -2.0864875316619873 0.4905274510383606
Pedestrian 0.0 0 3.4244003295898438 112.75701904296875 112.81676483154297 217.00120544433594 253.82093811035156 1.1028985 1.8677475 0.6091084 -6.120675 0.97288525 9.803618 2.8662843704223633 0.3398434519767761
Pedestrian 0.0 0 0.13545137643814087 996.7296142578125 111.7213363647461 1063.0174560546875 247.2541961669922 0.71716565 1.7859203 0.5558884 5.815417 0.8812952 9.752699 0.6731369495391846 0.3104338049888611
Pedestrian 0.0 0 -3.2120919227600098 990.7177734375 141.8819122314453 1026.82958984375 215.3124237060547 0.76017565 1.840042 0.6470271 10.329737 0.87393385 18.168373 -2.6951141357421875 0.24759137630462646
Cyclist 0.0 0 -1.888291358947754 878.5418701171875 154.48548889160156 902.3711547851562 192.66012573242188 1.7982298 1.7628757 0.50963956 13.518866 0.56300014 33.559883 -1.5053492784500122 0.3109734356403351
Cyclist 0.0 0 -2.1304450035095215 979.3043823242188 133.66427612304688 1027.0260009765625 207.32608032226562 1.0953867 1.8599541 0.58871806 10.315282 0.6789493 18.409378 -1.619707465171814 0.15388205647468567
Cyclist 0.0 0 3.3693337440490723 112.64903259277344 113.04363250732422 215.2504425048828 253.71693420410156 1.1018823 1.8593651 0.6010414 -6.1327715 0.9694259 9.803886 2.810342788696289 0.12613922357559204
Car 0.0 0 1.231004238128662 447.4838562011719 173.4432373046875 508.0337219238281 206.97657775878906 3.8669448 1.4819566 1.6014473 -6.068778 1.1715609 33.3178 1.0508313179016113 0.8181306719779968
Car 0.0 0 2.0064496994018555 133.29681396484375 186.14593505859375 255.3842010498047 240.08970642089844 4.4518976 1.5566224 1.7306541 -13.29187 1.761488 23.168543 1.4855905771255493 0.807035505771637
Car 0.0 0 -0.7861817479133606 0.0 213.847412109375 293.2486267089844 370.0 3.9991918 1.428445 1.6005774 -3.2352753 1.6828029 3.3402734 -1.5556132793426514 0.7155731916427612
Car 0.0 0 -0.5553560853004456 1116.7418212890625 150.13111877441406 1224.0 201.14889526367188 3.6047885 1.5742344 1.6147715 18.950336 0.63871014 22.857876 0.13684940338134766 0.6670793294906616
Car 0.0 0 0.6036244630813599 256.05712890625 177.43109130859375 358.6892395019531 214.0240936279297 3.8582096 1.5226055 1.6196108 -12.875041 1.3963951 30.600958 0.2053678035736084 0.3046635389328003
