Pedestrian 0.0 0 -0.7215293645858765 1073.38623046875 153.23965454101562 1238.0 374.0 0.7645247 1.6605515 0.6395533 4.0921955 1.4631492 5.397471 -0.07282054424285889 0.4644263982772827
Pedestrian 0.0 0 -1.7902038097381592 754.6211547851562 160.7957000732422 772.379638671875 201.31907653808594 0.80315346 1.8403529 0.6354033 7.4342237 0.901011 33.022495 -1.5687693357467651 0.3078370988368988
Pedestrian 0.0 0 -1.638087272644043 789.3184814453125 144.23098754882812 804.2598876953125 185.4419403076172 0.7955366 1.9308022 0.6309439 9.260789 0.18560466 34.104595 -1.3729398250579834 0.14620450139045715
Pedestrian 0.0 0 -1.439141035079956 180.98663330078125 159.89566040039062 210.9352264404297 221.89202880859375 0.7442733 1.8295971 0.6969126 -12.252726 1.1931533 21.67181 -1.9537127017974854 0.14574605226516724
Cyclist 0.0 0 -0.5585098266601562 683.2638549804688 165.19204711914062 738.1013793945312 211.6519775390625 1.8715007 1.664425 0.7741777 4.003713 1.0812458 26.45853 -0.4083288908004761 0.43140268325805664
Cyclist 0.0 0 -0.72124183177948 1064.104248046875 154.03814697265625 1238.0 374.0 0.9196029 1.6672153 0.64300966 4.0866446 1.4761142 5.386696 -0.07222436368465424 0.10829472541809082
Car 0.0 0 -0.9256095886230469 942.319091796875 184.66650390625 1188.611083984375 281.49566650390625 3.7250333 1.4339615 1.5703316 7.7669797 1.4947145 12.109571 -0.3553096354007721 0.8439086675643921
Car 0.0 0 -0.11462193727493286 415.7415466308594 186.13926696777344 628.4791870117188 269.0849914550781 4.0730634 1.5159315 1.6636189 -1.676952 1.6193032 14.5410385 -0.22944016754627228 0.18149778246879578
Car 0.0 0 2.039519786834717 1036.23583984375 164.76351928710938 1167.142822265625 221.27304077148438 3.718176 1.5079024 1.5975477 14.439275 1.0624696 20.750393 2.647458791732788 0.165587916970253
Car 0.0 0 2.4017457962036133 1040.8629150390625 156.42282104492188 1170.2252197265625 203.074462890625 3.601452 1.5861571 1.6231558 17.793926 0.7346069 25.45869 3.0117554664611816 0.1607331931591034
Car 0.0 0 2.130955219268799 43.69603729248047 158.14283752441406 152.38088989257812 205.22483825683594 3.3986263 1.5375394 1.5511872 -17.546762 0.7758645 25.190529 1.5225403308868408 0.1402352899312973
