Pedestrian 0.0 0 -1.6944153308868408 323.125244140625 161.29454040527344 339.0558776855469 198.9232940673828 0.5967738 1.9768507 0.7209333 -14.857709 1.3699249 38.33721 -2.064145803451538 0.39293670654296875
Pedestrian 0.0 0 -0.8234423398971558 900.1661987304688 159.50802612304688 930.6915893554688 213.7188262939453 0.76211804 1.8336986 0.613406 10.468717 1.3826244 24.839956 -0.424585223197937 0.36971184611320496
Car 0.0 0 -0.4168783724308014 733.28369140625 184.99581909179688 978.6179809570312 275.2109680175781 3.960972 1.5048949 1.647798 4.384252 1.74657 13.32222 -0.09894878417253494 0.8460662364959717
Car 0.0 0 0.38577544689178467 64.97325897216797 175.204833984375 327.1371765136719 260.9640197753906 4.1851306 1.5631487 1.6886542 -8.063306 1.6137407 14.312455 -0.1272798627614975 0.8294607996940613
Car 0.0 0 -0.27346327900886536 662.1140747070312 179.2232666015625 788.040283203125 227.69012451171875 3.8632424 1.5358055 1.6541363 3.7615013 1.7589825 24.188246 -0.11918949335813522 0.7761425375938416
Car 0.0 0 3.8268842697143555 0.0 182.75083923339844 173.56912231445312 323.78228759765625 3.8369157 1.4554732 1.6025927 -7.588277 1.5840583 8.457085 3.0955803394317627 0.7092465758323669
Car 0.0 0 3.3838043212890625 308.70623779296875 177.60467529296875 434.3701477050781 224.16209411621094 3.8276653 1.5284809 1.6375202 -8.172099 1.698749 24.842417 3.0659971237182617 0.7069361805915833
Car 0.0 0 3.530229091644287 224.31199645996094 186.9232177734375 400.11895751953125 246.0396728515625 4.1120415 1.5124902 1.6631527 -8.072362 1.9130052 19.686642 3.1410953998565674 0.6754515171051025
Car 0.0 0 0.4748651087284088 174.4187469482422 185.05421447753906 365.9944763183594 252.8308563232422 3.777713 1.4904845 1.6193221 -7.9867177 1.7942157 17.060152 0.037020206451416016 0.5758549571037292
Car 0.0 0 -0.44092169404029846 643.9859008789062 180.66217041015625 761.6913452148438 224.45115661621094 4.001664 1.506332 1.6541289 3.3820152 1.8111547 26.725882 -0.31504619121551514 0.41706547141075134
Car 0.0 0 0.1916181445121765 351.65228271484375 172.75083923339844 441.0301818847656 208.86000061035156 3.6189432 1.5776197 1.6196488 -9.604082 1.5734706 32.50048 -0.09571047872304916 0.41186076402664185
Car 0.0 0 3.2682411670684814 324.7359313964844 172.24258422851562 429.4140930175781 211.66152954101562 3.9358015 1.563003 1.6311306 -9.568327 1.5391175 29.769445 2.9572558403015137 0.387972354888916
