Car 0.0 0 -1.7742161750793457 704.634765625 186.61871337890625 822.6710815429688 272.37860107421875 3.548623 1.445819 1.5958647 2.8953168 1.7570257 14.512278 -1.5772936344146729 0.9257485866546631
Car 0.0 0 -2.6853480339050293 124.33844757080078 190.5904998779297 409.98321533203125 287.6224060058594 4.0633473 1.4848931 1.6434315 -5.702816 1.8067462 12.214911 -3.122144937515259 0.8026683926582336
Car 0.0 0 -2.5837032794952393 0.0 199.96185302734375 340.4545593261719 317.0646057128906 3.9638467 1.4274981 1.6051172 -6.0731926 1.834801 10.002331 -3.1293838024139404 0.7966022491455078
Car 0.0 0 0.477310448884964 255.62213134765625 187.0945587158203 455.24072265625 255.25296020507812 4.1697745 1.4657586 1.6389421 -6.0024867 1.8249003 17.075068 0.1392686367034912 0.7872790098190308
Car 0.0 0 3.8614249229431152 0.0 189.9823455810547 149.77716064453125 361.2515869140625 3.6109886 1.4568061 1.5631284 -6.9552965 1.6483114 7.1790557 3.0918562412261963 0.7492989301681519
Car 0.0 0 -2.6609842777252197 187.91517639160156 182.7021942138672 409.6572570800781 262.0706787109375 3.8359804 1.483811 1.5982176 -6.2766094 1.6972103 14.663224 -3.065436363220215 0.7245645523071289
Car 0.0 0 -0.25832101702690125 765.9152221679688 176.5405731201172 941.0167236328125 236.6824188232422 4.223711 1.5477974 1.6868966 6.4670844 1.6535273 19.652935 0.05958271026611328 0.6988232135772705
Car 0.0 0 3.3534719944000244 355.349853515625 178.51438903808594 484.85888671875 225.2443389892578 3.963604 1.5008992 1.6239573 -6.357335 1.6988678 24.288317 3.09747052192688 0.559830367565155
Car 0.0 0 -2.7002182006835938 276.8539733886719 177.8099822998047 438.85052490234375 234.35360717773438 3.8662562 1.4520813 1.5934051 -6.8665285 1.5946046 19.69827 -3.0356321334838867 0.5443989038467407
Car 0.0 0 -2.7551116943359375 328.063232421875 178.21800231933594 478.60357666015625 230.00669860839844 4.1028647 1.4903249 1.6319131 -6.2891483 1.6619855 22.007433 -3.033466339111328 0.5238721370697021
Car 0.0 0 1.5336986780166626 639.773193359375 178.1246795654297 666.6499633789062 202.20091247558594 4.032427 1.5164033 1.6419939 2.8285162 1.884933 48.365612 1.5921140909194946 0.5015751719474792
Car 0.0 0 0.22892603278160095 403.2505187988281 168.20167541503906 508.2566833496094 206.92584228515625 4.2097716 1.6445894 1.7158076 -6.723662 1.4473661 31.53796 0.01887798309326172 0.4534728229045868
