Pedestrian 0.0 0 2.552415132522583 680.3436889648438 168.03857421875 702.0331420898438 203.0476837158203 0.9461002 1.8369474 0.6466225 4.279329 1.5846374 38.36143 2.663508653640747 0.38170018792152405
Pedestrian 0.0 0 2.653535842895508 684.6132202148438 131.34591674804688 720.3958740234375 201.2755889892578 0.80559963 1.8957013 0.5767042 2.5097852 0.7708298 19.96979 2.778559446334839 0.2753700911998749
Pedestrian 0.0 0 1.641892671585083 541.8345947265625 173.54623413085938 555.448974609375 212.21592712402344 1.7760564 1.808997 0.5297384 -2.9791925 1.84348 34.675064 1.5561857223510742 0.12038061767816544
Pedestrian 0.0 0 1.745803952217102 524.9217529296875 174.96234130859375 543.05859375 214.79725646972656 1.7663713 1.8300229 0.5568684 -3.6249504 1.9327784 34.14044 1.6400226354599 0.11106932163238525
Cyclist 0.0 0 1.7370257377624512 539.639404296875 174.1624755859375 556.6915893554688 212.30780029296875 1.7684909 1.7791746 0.53228486 -2.9952908 1.8439482 34.61581 1.650711178779602 0.4948699474334717
Cyclist 0.0 0 1.745803952217102 524.9217529296875 174.96234130859375 543.05859375 214.79725646972656 1.7663713 1.8300229 0.5568684 -3.6249504 1.9327784 34.14044 1.6400226354599 0.3683476746082306
Cyclist 0.0 0 1.927869439125061 682.2446899414062 168.44114685058594 700.2628784179688 202.78892517089844 1.0374215 1.7995892 0.63134336 4.292925 1.568744 38.406273 2.039184093475342 0.13767531514167786
Car 0.0 0 1.8312208652496338 351.8304138183594 185.08489990234375 457.93017578125 256.0806579589844 3.90332 1.549298 1.636512 -5.130251 1.8945057 18.379816 1.559024453163147 0.8928754925727844
Car 0.0 0 -1.7914942502975464 683.3223876953125 176.39288330078125 798.2451171875 261.8831787109375 3.3980827 1.5418162 1.5922395 2.5174918 1.6237625 14.893152 -1.6240403652191162 0.883397102355957
Car 0.0 0 1.7122348546981812 468.16668701171875 182.8416748046875 516.0612182617188 218.9255828857422 4.2614737 1.5499568 1.6636919 -5.5762167 2.0552053 34.325333 1.5511897802352905 0.6968741416931152
Car 0.0 0 -0.7875196933746338 0.0 223.1145477294922 213.79379272460938 375.0 4.08981 1.4601432 1.610336 -4.54914 1.927149 4.6449127 -1.5625014305114746 0.6498755812644958
Car 0.0 0 -1.5382312536239624 631.5732421875 178.22891235351562 654.0170288085938 198.48138427734375 3.8643167 1.4638919 1.592287 2.5117035 1.8902435 55.19525 -1.4927568435668945 0.45949363708496094
