Pedestrian 0.0 0 0.8683894276618958 592.2944946289062 175.99977111816406 610.0291137695312 210.68536376953125 0.69967866 1.8029189 0.63308847 -0.5035218 1.971277 38.059254 0.8551602363586426 0.2731345593929291
Pedestrian 0.0 0 2.56427001953125 677.68115234375 122.43089294433594 731.6239013671875 221.76470947265625 0.84290785 1.8994507 0.6432589 1.8169012 0.93562305 14.2675085 2.6909337043762207 0.25071728229522705
Pedestrian 0.0 0 2.442732095718384 1024.8397216796875 96.8917465209961 1130.4305419921875 201.0886993408203 1.5985994 1.8171289 0.57643914 8.340881 0.49275306 12.967763 3.014312982559204 0.115595243871212
Cyclist 0.0 0 2.424844264984131 1025.2989501953125 93.4394760131836 1130.8671875 197.39993286132812 1.6149281 1.8126298 0.5750926 8.357265 0.42833504 12.978755 2.9969327449798584 0.3333044946193695
Car 0.0 0 1.9934583902359009 20.139223098754883 202.75001525878906 372.2889404296875 375.0 4.1025786 1.4275299 1.6212406 -4.0070887 1.8369454 7.778451 1.5177624225616455 0.9175240993499756
Car 0.0 0 1.8264700174331665 368.023193359375 194.4325714111328 478.7682189941406 272.91705322265625 3.4668825 1.4235953 1.5050607 -3.9993947 1.9479699 15.780157 1.5782520771026611 0.911577045917511
Car 0.0 0 1.7539960145950317 435.9080810546875 187.1968536376953 513.8780517578125 242.93374633789062 4.0825596 1.4791427 1.6382048 -4.100617 1.9622035 22.238302 1.5716499090194702 0.8068804144859314
Car 0.0 0 0.9829290509223938 842.5390625 112.55926513671875 1242.0 375.0 4.293672 1.7577839 1.6951913 3.6838377 1.4038644 6.4363217 1.5027705430984497 0.6801906228065491
Car 0.0 0 1.7294223308563232 606.2837524414062 177.31907653808594 648.9352416992188 209.29978942871094 3.9501646 1.5754511 1.6561512 0.949258 1.8252902 38.21946 1.7542542219161987 0.5442403554916382
Car 0.0 0 1.8905549049377441 0.0 192.5269317626953 50.93286895751953 344.4693908691406 3.8992205 1.4698479 1.5667639 -9.024965 1.7897526 9.618864 1.1370010375976562 0.22334390878677368
