Pedestrian 0.0 0 -0.9636051058769226 801.1644287109375 144.32818603515625 853.3263549804688 235.67654418945312 0.9002142 1.7855035 0.60857916 4.3531165 1.2282931 14.619196 -0.6741980314254761 0.38102492690086365
Pedestrian 0.0 0 -2.772033929824829 350.3265075683594 157.92994689941406 386.94866943359375 227.27536010742188 0.7469058 1.8079408 0.62509584 -6.443385 1.419206 19.137798 -3.096796751022339 0.2752920389175415
Cyclist 0.0 0 -2.6616857051849365 375.1420593261719 181.0519256591797 459.9067687988281 251.2549591064453 1.9269149 1.6987013 0.7661312 -4.8877 1.9121853 18.173801 -2.9244112968444824 0.2365931272506714
Cyclist 0.0 0 1.7959129810333252 804.787109375 142.90744018554688 847.3582153320312 235.70216369628906 0.9223142 1.8163232 0.6425151 4.353168 1.23052 14.679801 2.084193706512451 0.10015130788087845
Car 0.0 0 -1.9900799989700317 811.5028686523438 170.76470947265625 1152.3277587890625 347.8935852050781 4.228624 1.4485053 1.6059154 3.577049 1.4317777 8.012558 -1.5701985359191895 0.8642367720603943
Car 0.0 0 -1.4374033212661743 532.7781372070312 178.70010375976562 602.1055297851562 230.37376403808594 4.3423777 1.4462367 1.6286764 -1.297064 1.6503912 22.922863 -1.4939268827438354 0.8307970762252808
Car 0.0 0 1.632106065750122 574.5005493164062 176.8311767578125 615.6790161132812 212.46519470214844 3.8102977 1.4426482 1.5721467 -0.6397397 1.6277447 31.57672 1.6118489503860474 0.6273671984672546
Car 0.0 0 -1.5760307312011719 701.633544921875 172.3222198486328 735.9363403320312 205.283203125 3.8441567 1.5510206 1.6013821 5.368237 1.5263551 35.96664 -1.4278684854507446 0.37983831763267517
Car 0.0 0 -1.3087278604507446 397.0888977050781 183.61180114746094 487.08807373046875 243.96754455566406 3.3886821 1.4477926 1.5558428 -4.5151744 1.7666818 19.640179 -1.534696340560913 0.24248838424682617
Car 0.0 0 -1.6793935298919678 712.6444091796875 173.50831604003906 772.0264282226562 220.67776489257812 3.635859 1.4617087 1.5615069 4.330909 1.485776 24.275139 -1.502841830253601 0.21695956587791443
