Pedestrian 0.0 0 1.2549448013305664 373.543701171875 145.52032470703125 449.0290832519531 299.7589416503906 0.94479525 1.7906209 0.63676214 -2.4655378 1.3862107 8.773119 0.98097825050354 0.7677288055419922
Pedestrian 0.0 0 -3.3568737506866455 823.512939453125 187.98301696777344 870.5939331054688 276.85577392578125 0.75038856 1.7038479 0.685097 4.7383986 1.8577034 13.996734 -3.0304481983184814 0.22525568306446075
Pedestrian 0.0 0 -2.554492235183716 1124.576904296875 140.33815002441406 1198.5296630859375 251.9021759033203 0.7382646 1.7635596 0.61460257 9.091003 1.130353 11.618788 -1.8905507326126099 0.2056639939546585
Pedestrian 0.0 0 -1.729780912399292 839.0556030273438 173.9949493408203 870.6527709960938 244.4303436279297 0.75622815 1.7340907 0.637336 6.2559223 1.5755365 17.830961 -1.39235258102417 0.1669984608888626
Pedestrian 0.0 0 0.026350438594818115 238.27926635742188 166.58599853515625 302.67926025390625 258.4331359863281 1.0983323 1.7026527 0.60605854 -6.4623847 1.4463542 13.601784 -0.4171901345252991 0.15783587098121643
Pedestrian 0.0 0 -1.1164500713348389 658.19287109375 169.32029724121094 712.186767578125 268.33782958984375 0.9249586 1.7715211 0.66666853 1.4640331 1.5731474 13.213899 -1.0061051845550537 0.13568328320980072
Pedestrian 0.0 0 -2.2129392623901367 1110.2127685546875 186.73284912109375 1224.0 370.0 0.6825415 1.6714056 0.67035145 4.3233685 1.7231448 5.316009 -1.5301569700241089 0.12342286854982376
Cyclist 0.0 0 0.06104496121406555 232.6826934814453 167.30422973632812 307.34906005859375 259.420166015625 1.2654693 1.7052245 0.61671007 -6.4637494 1.4625858 13.60593 -0.38245928287506104 0.20724648237228394
Cyclist 0.0 0 -1.2112011909484863 1115.174072265625 191.19920349121094 1224.0 370.0 1.6221818 1.6347494 0.7146181 5.4873805 1.746159 6.5362945 -0.5128200650215149 0.16789069771766663
Cyclist 0.0 0 -2.096529722213745 1149.2945556640625 147.6676788330078 1224.0 254.00425720214844 1.4907464 1.7199515 0.518508 10.091052 1.1905553 12.209086 -1.4058260917663574 0.12476876378059387
Car 0.0 0 -2.070106029510498 509.91571044921875 192.16140747070312 637.6527099609375 261.33221435546875 3.6165576 1.4401187 1.5642767 -0.90506446 1.7596469 17.32272 -2.1223058700561523 0.15794584155082703
Car 0.0 0 -1.158583164215088 294.9291687011719 197.854248046875 401.89447021484375 255.47134399414062 3.5649047 1.4083452 1.5718865 -7.2406783 1.9510936 20.212555 -1.5025681257247925 0.1443416178226471
Car 0.0 0 -1.3099011182785034 488.3233337402344 142.17576599121094 579.6077880859375 205.2812042236328 4.1744957 1.6870621 1.6801547 -2.0288002 0.6640847 21.094177 -1.4057843685150146 0.1269286721944809
