Car 0.0 0 -1.9304009675979614 725.7883911132812 197.2149658203125 919.0525512695312 328.9482727050781 3.2660987 1.4834677 1.5795566 2.8172858 1.8942949 10.453333 -1.6671451330184937 0.942045271396637
Car 0.0 0 1.7936797142028809 365.38128662109375 200.37191772460938 481.66619873046875 287.7676086425781 4.0014205 1.5368397 1.6282237 -4.017026 2.2236118 15.976221 1.5473482608795166 0.8805646300315857
Car 0.0 0 -1.7761801481246948 678.11865234375 192.98825073242188 793.0765991210938 283.8886413574219 3.5884109 1.5577991 1.6161331 2.4212852 2.0278914 15.001806 -1.61616051197052 0.8391470909118652
Car 0.0 0 1.7085869312286377 427.4801940917969 198.24545288085938 501.6357727050781 258.50244140625 4.078986 1.4885561 1.6301545 -4.306433 2.324615 21.661379 1.5123387575149536 0.806934118270874
Car 0.0 0 -1.7008655071258545 652.67724609375 191.53192138671875 729.7206420898438 255.3369598388672 4.2107596 1.5571756 1.6620511 2.2027025 2.1556513 20.977 -1.5962432622909546 0.7881214618682861
Car 0.0 0 -2.3530266284942627 915.8319702148438 194.96533203125 1242.0 375.0 3.7733817 1.4485492 1.5512788 3.0833473 1.6148186 3.4830506 -1.6284244060516357 0.6012727618217468
Car 0.0 0 1.5827792882919312 617.7063598632812 189.55667114257812 640.6767578125 211.6728515625 3.9575162 1.51146 1.6669728 1.4409357 2.8165934 54.35284 1.6092838048934937 0.4804841876029968
Car 0.0 0 1.7464005947113037 478.76318359375 195.9473876953125 530.2174682617188 235.0070343017578 3.8298907 1.5030638 1.6129713 -4.6519737 2.5896049 31.99514 1.6020160913467407 0.4647333025932312
Car 0.0 0 1.3461482524871826 633.6380004882812 186.27757263183594 685.8310546875 223.3307647705078 3.5983026 1.5116957 1.58784 2.1555958 2.1561215 32.714798 1.4119436740875244 0.4043395519256592
Car 0.0 0 1.4496936798095703 647.6370849609375 187.169677734375 702.9373168945312 231.8330535888672 3.8155217 1.4836237 1.60527 2.340732 2.0608976 27.140211 1.5357266664505005 0.3569425940513611
