Pedestrian 0.0 0 1.6839029788970947 776.9735107421875 143.00132751464844 798.0353393554688 194.57110595703125 0.72888005 1.8812718 0.68239343 6.548301 0.79260063 26.778946 1.9237284660339355 0.32126495242118835
Pedestrian 0.0 0 -1.926173448562622 983.5941772460938 126.9029769897461 1071.2149658203125 261.8072204589844 1.7646713 1.760577 0.48953715 5.865097 1.1612478 10.32392 -1.4095344543457031 0.11430731415748596
Cyclist 0.0 0 -1.926173448562622 983.5941772460938 126.9029769897461 1071.2149658203125 261.8072204589844 1.7646713 1.760577 0.48953715 5.865097 1.1612478 10.32392 -1.4095344543457031 0.5566675662994385
Car 0.0 0 -1.9998610019683838 781.7198486328125 193.2708740234375 1140.39208984375 375.0 3.6956592 1.3972353 1.5553082 2.8802261 1.6476752 6.960102 -1.607498288154602 0.9287911653518677
Car 0.0 0 1.7738945484161377 453.49432373046875 175.15643310546875 529.8258056640625 231.93833923339844 3.5513299 1.5386494 1.5564154 -3.481779 1.6133987 21.502869 1.6133662462234497 0.8764837980270386
Car 0.0 0 1.7902684211730957 340.249755859375 185.22320556640625 478.7678527832031 280.32965087890625 4.0041656 1.4212992 1.6022376 -3.5647664 1.6853002 13.342781 1.5291978120803833 0.8684608340263367
Car 0.0 0 1.4290893077850342 664.4942016601562 181.0928497314453 739.5283813476562 237.00181579589844 4.310812 1.5030303 1.6685002 2.6749942 1.7818177 22.208302 1.5489619970321655 0.8078954815864563
Car 0.0 0 1.6543829441070557 506.1537170410156 176.13096618652344 552.78173828125 214.09056091308594 4.188628 1.4992445 1.6446873 -3.4301445 1.6499037 30.975744 1.544095754623413 0.6460174918174744
Car 0.0 0 1.515631914138794 653.2590942382812 180.32955932617188 695.4519653320312 217.04100036621094 3.8535209 1.4389542 1.5829366 2.6693568 1.7809641 31.023226 1.6014643907546997 0.4261339604854584
Car 0.0 0 1.820311188697815 530.6048583984375 176.2615203857422 572.6800537109375 203.44679260253906 3.8295732 1.4999307 1.5643024 -3.4068904 1.7097579 42.332977 1.7400058507919312 0.29657888412475586
