Pedestrian 0.0 0 1.721924066543579 730.7190551757812 125.31257629394531 766.42138671875 215.70730590820312 0.7254491 1.9024036 0.6601041 2.9584825 0.90222776 15.634062 1.9089457988739014 0.4398890733718872
Pedestrian 0.0 0 -2.3348257541656494 265.84814453125 180.40760803222656 326.2679138183594 276.3826599121094 0.72802466 1.7026716 0.7221052 -5.851372 1.84772 13.345391 -2.7480385303497314 0.40338408946990967
Car 0.0 0 -1.1564704179763794 87.04443359375 212.06251525878906 374.4052429199219 375.0 3.7483032 1.4112898 1.5747862 -4.1946282 1.9822879 8.594565 -1.610517144203186 0.9067925214767456
Car 0.0 0 -1.775105595588684 712.9886474609375 182.265380859375 846.1626586914062 285.0339050292969 3.298132 1.5129509 1.5779537 2.7522833 1.6990668 12.580991 -1.5597333908081055 0.8826216459274292
Car 0.0 0 -1.696577787399292 656.6005249023438 179.20350646972656 708.9539794921875 220.27386474609375 3.5002367 1.4727437 1.5947318 2.738521 1.7368073 28.191427 -1.5997414588928223 0.8611811399459839
Car 0.0 0 -1.2926205396652222 367.2470397949219 186.3500213623047 480.80584716796875 263.85540771484375 3.901646 1.6092701 1.6664215 -4.4457836 1.9766412 17.642902 -1.53946852684021 0.8605974316596985
Car 0.0 0 1.7516179084777832 473.1090393066406 186.85791015625 526.5609130859375 226.8349609375 3.951974 1.5734371 1.6437273 -4.8234096 2.2297943 31.797024 1.6010719537734985 0.8555474877357483
Car 0.0 0 1.5486608743667603 518.9071655273438 184.39854431152344 544.1475219726562 209.82144165039062 3.5054357 1.542685 1.5612059 -5.203223 2.3291955 47.292023 1.4390783309936523 0.47514864802360535
Car 0.0 0 -2.6657795906066895 965.7132568359375 195.31185913085938 1242.0 375.0 3.9895303 1.4533883 1.6124277 3.0739486 1.5893008 2.2559812 -1.728102684020996 0.3783424198627472
Car 0.0 0 1.7012042999267578 545.3092651367188 184.75140380859375 567.9287109375 203.32472229003906 3.734316 1.5879424 1.5944475 -4.877077 2.708776 66.041145 1.6274890899658203 0.28299680352211
