Pedestrian 0.0 0 -3.568711757659912 1015.9790649414062 152.81658935546875 1083.46435546875 264.3149719238281 0.7177898 1.7382365 0.6391486 7.0987825 1.3083152 11.381349 -3.011033058166504 0.4085972309112549
Pedestrian 0.0 0 3.2183995246887207 120.87125396728516 114.16033172607422 204.4215087890625 254.29457092285156 0.9413436 1.8501223 0.6319627 -6.1703696 0.97594583 9.828487 2.6577858924865723 0.3561190366744995
Pedestrian 0.0 0 0.012252449989318848 994.68505859375 114.25318908691406 1065.433837890625 250.6624755859375 0.816527 1.7967852 0.54235923 5.8099546 0.9258543 9.752767 0.5495216846466064 0.34394028782844543
Pedestrian 0.0 0 -2.3563973903656006 266.64117431640625 179.44229125976562 326.9618225097656 267.0744323730469 0.8848426 1.735658 0.7190387 -6.3545246 1.7163383 14.49471 -2.7695655822753906 0.27778443694114685
Pedestrian 0.0 0 -1.8777467012405396 977.1122436523438 130.9043426513672 1015.058349609375 202.4503631591797 0.87113637 1.848708 0.6456634 10.32731 0.56877404 18.754955 -1.3744089603424072 0.26646262407302856
Pedestrian 0.0 0 1.5142912864685059 493.8661193847656 157.88272094726562 507.80224609375 193.02420043945312 1.1135348 1.875497 0.6843492 -5.6651626 0.66982293 38.344536 1.3676087856292725 0.1976146101951599
Pedestrian 0.0 0 -3.428586959838867 980.8007202148438 159.97499084472656 1048.46435546875 264.8146057128906 0.8539321 1.7280084 0.62578917 6.921375 1.3913583 12.052355 -2.907297134399414 0.18938128650188446
Pedestrian 0.0 0 -1.706700086593628 790.8475341796875 162.2779541015625 805.6239013671875 196.20542907714844 0.6959801 1.7915869 0.67122525 10.294802 0.83075744 37.72044 -1.4402652978897095 0.178975448012352
Pedestrian 0.0 0 -1.8348766565322876 879.1002807617188 155.9038543701172 902.3892211914062 194.55502319335938 1.8625224 1.784582 0.55570537 13.547726 0.65039647 33.598236 -1.4515912532806396 0.11599897593259811
Cyclist 0.0 0 1.2894558906555176 878.7418823242188 155.2156982421875 902.3103637695312 193.39093017578125 1.827905 1.762451 0.5484436 13.527957 0.5965962 33.574703 1.6724779605865479 0.42896896600723267
Cyclist 0.0 0 -1.634961485862732 494.2244567871094 156.39041137695312 507.7886657714844 191.50634765625 1.2881285 1.8715647 0.64522386 -5.6610603 0.58801043 38.375725 -1.7814218997955322 0.2254437804222107
Cyclist 0.0 0 -1.604996919631958 585.3809814453125 167.53692626953125 592.9721069335938 192.23114013671875 1.7968744 1.70484 0.47022817 -1.1133965 0.81119955 49.71857 -1.6273871660232544 0.2084989994764328
Cyclist 0.0 0 -2.3847382068634033 262.1154479980469 179.55368041992188 327.8066101074219 267.009765625 1.0406202 1.7354002 0.69912875 -6.407349 1.7182516 14.528702 -2.800093650817871 0.20611916482448578
Cyclist 0.0 0 -2.8238279819488525 768.8165283203125 153.7382354736328 795.7810668945312 186.55381774902344 1.3809315 1.8606644 0.6219504 10.201767 0.34464025 40.716785 -2.5783276557922363 0.17187340557575226
Cyclist 0.0 0 -1.9488885402679443 974.34130859375 133.46554565429688 1016.1779174804688 204.8399200439453 1.0633965 1.8445568 0.6246578 10.345464 0.63061565 18.833876 -1.446582317352295 0.1272459328174591
Car 0.0 0 1.2285559177398682 450.14886474609375 172.4521026611328 520.2482299804688 210.16688537597656 4.0863686 1.4783905 1.6324158 -5.1556363 1.1644201 29.891563 1.0577583312988281 0.8641749620437622
Car 0.0 0 -0.7850035429000854 0.0 211.71604919433594 292.3907775878906 370.0 3.9862764 1.4241399 1.5970612 -3.2269032 1.6611285 3.3195705 -1.556247353553772 0.6767601370811462
