Pedestrian 0.0 0 -2.6935088634490967 349.2327575683594 152.53726196289062 382.8153381347656 210.7751922607422 0.8333797 1.8467833 0.6334279 -7.899469 1.2028769 23.24243 -3.0211334228515625 0.35660555958747864
Pedestrian 0.0 0 2.6856603622436523 0.0 198.32093811035156 45.746826171875 249.83071899414062 1.6273323 1.7122948 0.6400071 -21.262346 2.6513503 25.719471 1.9948482513427734 0.11818861216306686
Cyclist 0.0 0 2.6856603622436523 0.0 198.32093811035156 45.746826171875 249.83071899414062 1.6273323 1.7122948 0.6400071 -21.262346 2.6513503 25.719471 1.9948482513427734 0.21357081830501556
Cyclist 0.0 0 0.38029566407203674 346.54779052734375 151.8719940185547 383.5780029296875 210.7145233154297 0.96878195 1.8700376 0.6245867 -7.9368105 1.2035795 23.264822 0.05152606964111328 0.12958815693855286
Car 0.0 0 1.8046903610229492 193.7356414794922 183.74188232421875 281.7276611328125 241.22854614257812 3.564995 1.512153 1.5535735 -11.08512 1.8676872 21.618685 1.3308897018432617 0.3154684901237488
Car 0.0 0 1.6660714149475098 397.70404052734375 176.3017120361328 440.22149658203125 210.03948974609375 3.7450068 1.4503064 1.5535635 -8.822918 1.6196629 33.391586 1.4077492952346802 0.23071862757205963
Car 0.0 0 1.6724003553390503 468.1060485839844 178.01995849609375 491.7332458496094 199.5384521484375 4.168462 1.8473349 1.6859928 -11.723967 2.3292284 65.11168 1.494249939918518 0.21619753539562225
Car 0.0 0 1.8935136795043945 357.17596435546875 185.05812072753906 402.0751953125 209.58621215820312 4.14671 1.5085597 1.6474282 -15.462954 2.3651304 48.533833 1.5850797891616821 0.21455837786197662
Car 0.0 0 1.8385218381881714 829.426025390625 191.38853454589844 882.55908203125 223.3224334716797 3.7575288 1.5392147 1.8057692 13.37823 2.600322 39.230015 2.1671745777130127 0.21381798386573792
Car 0.0 0 1.7941255569458008 415.94415283203125 181.5520477294922 441.46429443359375 198.4163818359375 3.7439857 1.5018368 1.5465763 -17.094217 2.3458235 68.09068 1.5481581687927246 0.2080359309911728
Car 0.0 0 1.1628226041793823 771.37744140625 183.95970153808594 823.1190185546875 212.09996032714844 3.8432927 1.5878338 1.6834471 11.411708 2.301954 44.34129 1.4147169589996338 0.179543137550354
