Pedestrian 0.0 0 -0.3562922477722168 797.4819946289062 180.46971130371094 852.3432006835938 283.9458923339844 0.7688087 1.7753897 0.59357536 3.7355845 1.9137431 12.748017 -0.07123977690935135 0.32307159900665283
Pedestrian 0.0 0 -2.6661832332611084 314.35455322265625 183.69728088378906 354.3148193359375 259.7607727050781 0.6092074 1.7221861 0.7226392 -6.474514 1.9815178 16.837831 -3.033275604248047 0.32213136553764343
Pedestrian 0.0 0 0.5427717566490173 148.73959350585938 176.08694458007812 230.58383178710938 296.85400390625 0.91426843 1.7956262 0.5798907 -6.4682894 1.8467739 11.036989 0.012668609619140625 0.32076647877693176
Pedestrian 0.0 0 1.5645407438278198 771.5206298828125 176.3139190673828 802.458251953125 263.63787841796875 0.787789 1.7739221 0.614751 3.6592548 1.8490901 15.14449 1.8016196489334106 0.2685271203517914
Pedestrian 0.0 0 -2.589130163192749 245.97972106933594 175.056884765625 297.1369934082031 272.18231201171875 0.6512436 1.7861246 0.6115926 -6.4326806 1.8291168 13.621732 -3.0303213596343994 0.2063148021697998
Pedestrian 0.0 0 -1.1775121688842773 332.6205139160156 191.53704833984375 370.85113525390625 255.98980712890625 1.1148595 1.7839534 0.6668075 -7.505029 2.3396928 20.87322 -1.5226720571517944 0.19438448548316956
Pedestrian 0.0 0 2.634404420852661 656.0870361328125 162.91026306152344 678.6006469726562 209.14071655273438 0.72908103 1.8780524 0.59110975 2.3194213 1.474459 29.729273 2.7122647762298584 0.14823070168495178
Cyclist 0.0 0 -1.556621789932251 140.64797973632812 172.82589721679688 159.85281372070312 228.4413299560547 1.746413 1.7180002 0.49803475 -14.792677 1.7174904 23.159615 -2.1250314712524414 0.18656592071056366
Cyclist 0.0 0 1.915278673171997 332.560302734375 190.36476135253906 369.9296875 254.7414093017578 1.1622541 1.7772964 0.6632565 -7.497728 2.2969916 20.815208 1.5695422887802124 0.13005203008651733
Car 0.0 0 1.6379976272583008 476.1799011230469 182.3321990966797 520.9993896484375 223.34031677246094 3.9657662 1.5905156 1.638771 -4.760328 2.024649 30.973385 1.4854999780654907 0.8120383024215698
Car 0.0 0 -1.4604827165603638 445.2314147949219 185.86888122558594 505.010009765625 236.36048889160156 3.4700537 1.5208952 1.6171023 -4.540586 1.994487 24.44344 -1.6441481113433838 0.8108531832695007
Car 0.0 0 3.4260921478271484 132.31312561035156 178.39149475097656 349.1235046386719 253.3567352294922 4.5477166 1.7375169 1.8006023 -9.175004 1.887607 18.20992 2.959372043609619 0.7492381930351257
