Pedestrian 0.0 0 2.336162567138672 778.10107421875 166.95745849609375 823.6718139648438 247.1564178466797 0.77318496 1.75331 0.62904936 4.3700595 1.4588586 15.920646 2.6040546894073486 0.15767188370227814
Pedestrian 0.0 0 -0.8690317273139954 0.0 158.4927215576172 18.411651611328125 202.04238891601562 0.54735595 1.9024208 0.6836151 -26.440586 0.9425274 31.156055 -1.5727415084838867 0.1250307410955429
Pedestrian 0.0 0 2.0170176029205322 419.08734130859375 173.01168823242188 438.8120422363281 200.6717529296875 1.752323 1.7156237 0.5070224 -11.137012 1.2525096 44.759205 1.7731492519378662 0.12229213118553162
Pedestrian 0.0 0 -1.515528678894043 209.73492431640625 169.26058959960938 223.93423461914062 204.02774047851562 0.75408185 1.8040147 0.61468935 -20.408339 1.2222358 37.15558 -2.0178091526031494 0.10686621814966202
Cyclist 0.0 0 2.0170176029205322 419.08734130859375 173.01168823242188 438.8120422363281 200.6717529296875 1.752323 1.7156237 0.5070224 -11.137012 1.2525096 44.759205 1.7731492519378662 0.6607142686843872
Cyclist 0.0 0 -1.9218244552612305 1173.8282470703125 104.69233703613281 1224.0 211.45733642578125 1.6503805 1.7584821 0.4741867 10.639569 0.5115368 12.496732 -1.2165250778198242 0.11133739352226257
Car 0.0 0 -1.477225661277771 545.720458984375 165.82887268066406 571.5270385742188 187.04251098632812 3.8770356 1.5610038 1.6130675 -3.4965954 0.4827053 53.98415 -1.5419061183929443 0.5201897025108337
Car 0.0 0 0.5940881967544556 80.36624908447266 183.5089874267578 174.58535766601562 212.70021057128906 3.949429 1.5246602 1.6382884 -25.566183 1.6909224 37.91383 0.0008034706115722656 0.1904982626438141
Car 0.0 0 1.7527391910552979 93.85408782958984 184.63624572753906 127.76129150390625 205.0169219970703 3.5611863 1.5051621 1.5427463 -38.345497 1.839164 54.938755 1.1433782577514648 0.18128781020641327
Car 0.0 0 -1.675466537475586 582.4957885742188 164.4925537109375 605.3953857421875 183.23756408691406 3.524917 1.5572411 1.5976169 -0.95573246 0.22863477 60.578785 -1.6912418603897095 0.16923680901527405
