Pedestrian 0.0 0 2.0845694541931152 568.2070922851562 162.30580139160156 639.8565063476562 285.4190979003906 1.0278292 1.7977846 0.69479257 0.010341247 1.518809 11.1053505 2.085500717163086 0.7549653053283691
Pedestrian 0.0 0 1.519658088684082 792.2083129882812 135.5760040283203 856.7607421875 285.5263671875 0.8765197 1.7814366 0.725301 2.739416 1.237196 9.043967 1.8137731552124023 0.6434658169746399
Pedestrian 0.0 0 1.9224636554718018 390.9311218261719 162.49142456054688 465.03326416015625 296.49755859375 1.0038314 1.7883091 0.7160824 -2.4662495 1.5359665 10.12254 1.6834803819656372 0.6306003928184509
Pedestrian 0.0 0 -1.7074729204177856 549.7882690429688 172.73715209960938 573.0452880859375 228.28807067871094 0.80862707 1.7311743 0.6321871 -1.304554 1.459201 22.840994 -1.7645255327224731 0.614595890045166
Pedestrian 0.0 0 -1.4559897184371948 522.935791015625 169.26995849609375 544.5709228515625 220.54075622558594 0.73248047 1.7232354 0.6570971 -2.3285906 1.3132577 24.513735 -1.550696849822998 0.588955819606781
Pedestrian 0.0 0 -1.9631237983703613 568.4871826171875 172.88949584960938 596.2538452148438 225.38674926757812 0.91419834 1.7003913 0.61563057 -0.66264826 1.4225906 23.80723 -1.9909504652023315 0.5456607937812805
Pedestrian 0.0 0 -2.911409378051758 445.7264709472656 181.25633239746094 482.44647216796875 254.4624786376953 0.7485413 1.7426058 0.65031123 -3.3608754 1.7380047 17.436476 -3.1018238067626953 0.5094482898712158
Pedestrian 0.0 0 0.9671679139137268 123.81259155273438 156.4325408935547 210.2417449951172 308.9663391113281 0.7026463 1.7515793 0.5985911 -5.279601 1.4650733 8.662686 0.4198181629180908 0.4544652998447418
Pedestrian 0.0 0 -0.9207321405410767 145.01441955566406 191.89930725097656 295.003662109375 374.0 0.7625711 1.6022679 0.74249893 -3.0454595 1.6924886 5.6983795 -1.4115530252456665 0.4350382685661316
Pedestrian 0.0 0 -2.3753256797790527 900.7124633789062 128.1182861328125 1010.5752563476562 307.7110290527344 0.81550866 1.7501456 0.6325716 3.6247077 1.2313071 7.4896955 -1.9245927333831787 0.4026394784450531
Pedestrian 0.0 0 1.582988977432251 448.139892578125 165.88026428222656 474.20904541015625 237.05978393554688 0.7347087 1.7982067 0.6486757 -3.6535985 1.404787 18.56469 1.3886687755584717 0.3536994457244873
Pedestrian 0.0 0 1.6882942914962769 580.0975341796875 168.0489501953125 603.3478393554688 225.25848388671875 0.84374857 1.7728 0.6423929 -0.32752627 1.3570926 22.709719 1.673872947692871 0.35245421528816223
Pedestrian 0.0 0 -1.8808435201644897 824.2767944335938 152.2427520751953 874.4037475585938 238.82859802246094 1.3924809 1.7860757 0.62267464 5.2943316 1.1838008 15.517015 -1.5520340204238892 0.35002779960632324
Pedestrian 0.0 0 -3.22208833694458 688.2650756835938 161.8521728515625 709.3466186523438 207.45008850097656 0.7795201 1.7823141 0.5895721 3.8256671 1.01534 28.390583 -3.088143825531006 0.3467558026313782
Pedestrian 0.0 0 2.715740442276001 704.9860229492188 144.71116638183594 740.1544189453125 205.57359313964844 0.926201 1.8846192 0.60392404 3.7892628 0.7465563 22.651707 2.8814895153045654 0.3341292142868042
Pedestrian 0.0 0 -1.6633728742599487 441.05194091796875 154.39801025390625 455.3340148925781 190.640380859375 0.56144446 1.9352343 0.7036694 -8.267211 0.48890677 38.727222 -1.8736889362335205 0.2773250639438629
Cyclist 0.0 0 1.6394294500350952 478.150390625 165.70529174804688 518.0362548828125 274.516845703125 1.7457637 1.7390977 0.56652194 -1.7969643 1.4879507 12.370075 1.4951715469360352 0.8194577693939209
Cyclist 0.0 0 -2.0359747409820557 806.9929809570312 152.04412841796875 870.9563598632812 238.84170532226562 1.7635348 1.8032974 0.60471964 5.1648383 1.1925613 15.838479 -1.7207534313201904 0.4345541298389435
Cyclist 0.0 0 1.30330228805542 0.0 156.20040893554688 96.87504577636719 297.5333251953125 1.8332932 1.7144095 0.6773116 -7.4873304 1.4088594 9.528604 0.6372959613800049 0.3320141136646271
Cyclist 0.0 0 -1.4621167182922363 461.8809814453125 182.9550018310547 486.55841064453125 241.57012939453125 1.7577317 1.701997 0.55352134 -3.8729672 1.7490664 21.795095 -1.6379799842834473 0.32728853821754456
Cyclist 0.0 0 1.2169032096862793 568.00390625 170.84678649902344 596.0694580078125 224.8102264404297 1.0559345 1.741548 0.59784794 -0.6748041 1.3988355 23.781382 1.188535451889038 0.16524934768676758
