Pedestrian 0.0 0 -3.5732297897338867 972.3147583007812 175.9163818359375 1011.1328735351562 241.7451629638672 0.72196454 1.7290515 0.62570643 10.161006 1.81279 19.31136 -3.0888681411743164 0.15070901811122894
Pedestrian 0.0 0 -2.7615582942962646 410.8841247558594 173.7211456298828 435.99627685546875 223.69918823242188 0.6559414 1.7200192 0.65004694 -6.5573583 1.7511092 25.205471 -3.0160725116729736 0.1419355422258377
Pedestrian 0.0 0 3.0667295455932617 281.05999755859375 175.0721893310547 314.359375 259.5067443847656 0.59391797 1.72536 0.65994024 -6.6316476 1.7737614 15.194496 2.655200242996216 0.14157600700855255
Car 0.0 0 -1.5577471256256104 576.7919311523438 179.53411865234375 623.1062622070312 221.80491638183594 3.658357 1.4263642 1.5999964 -0.39494294 1.6913842 26.753567 -1.5725083351135254 0.8681740760803223
Car 0.0 0 -1.4552537202835083 513.1891479492188 178.2554931640625 555.5112915039062 211.7657012939453 3.406323 1.4694358 1.5968517 -3.544114 1.7364174 33.90106 -1.5594182014465332 0.8338984251022339
Car 0.0 0 1.9039225578308105 302.2351379394531 180.46324157714844 369.2760009765625 216.8217010498047 3.859887 1.4547659 1.5699836 -11.9751625 1.8093629 31.635864 1.5420596599578857 0.7496757507324219
Car 0.0 0 2.0090019702911377 534.6539916992188 169.62548828125 570.4659423828125 188.01722717285156 3.8310668 1.534227 1.608223 -4.9411964 1.2652639 62.26337 1.9298083782196045 0.2026292383670807
Car 0.0 0 1.441348910331726 670.8016357421875 174.1336669921875 695.2051391601562 191.5633544921875 4.011852 1.4512148 1.5895491 6.2584662 1.5658418 62.39959 1.541311264038086 0.16850119829177856
Car 0.0 0 2.159862995147705 77.82260131835938 187.5752716064453 149.57713317871094 214.80520629882812 3.9902384 1.5030788 1.6694034 -30.19957 2.4421108 43.999424 1.5583481788635254 0.1493036299943924
Car 0.0 0 1.2179267406463623 819.3817749023438 186.35797119140625 859.7874755859375 207.95761108398438 3.782675 1.4903216 1.678298 17.142702 2.539705 54.12033 1.524680256843567 0.13494591414928436
