Pedestrian 0.0 0 0.3289376497268677 308.90338134765625 158.7400360107422 408.69171142578125 300.7569274902344 1.0782565 1.7517029 0.5610281 -3.1647866 1.484984 9.001532 -0.009146854281425476 0.582517683506012
Pedestrian 0.0 0 -1.5719128847122192 840.807373046875 173.32752990722656 868.9801025390625 244.3472137451172 0.7963556 1.7435344 0.65591663 6.2647815 1.5690478 17.837255 -1.2341525554656982 0.2517169713973999
Pedestrian 0.0 0 1.632887840270996 258.47015380859375 173.4730224609375 301.7437438964844 267.2198181152344 0.8988126 1.7434644 0.7100603 -6.319691 1.6144171 13.691866 1.2004579305648804 0.21059434115886688
Pedestrian 0.0 0 2.1729204654693604 752.1317138671875 132.17503356933594 807.4942016601562 239.1525115966797 0.79087484 1.7994268 0.5996365 3.0180738 0.98822033 12.3750925 2.4121336936950684 0.13998699188232422
Pedestrian 0.0 0 -1.792668342590332 840.1082153320312 151.5154571533203 889.381591796875 255.38265991210938 0.96262056 1.7731495 0.6221364 4.5618486 1.2799928 12.581854 -1.4448362588882446 0.1350068747997284
Pedestrian 0.0 0 2.4588375091552734 48.122764587402344 191.4689483642578 107.93482208251953 252.27398681640625 1.2906997 1.6755601 0.6119613 -15.242406 2.0050423 20.43187 1.8178941011428833 0.12623730301856995
Cyclist 0.0 0 0.670971155166626 0.0 175.20623779296875 86.31536102294922 259.0584411621094 1.9109908 1.6420546 0.69971675 -11.685604 1.5400192 14.207348 -0.017342112958431244 0.2807261645793915
Cyclist 0.0 0 3.6744656562805176 33.48568344116211 192.16122436523438 109.2935791015625 253.9751434326172 1.635057 1.7292877 0.6589028 -15.376508 2.0735657 20.354136 3.0274863243103027 0.23659157752990723
Cyclist 0.0 0 -2.2291183471679688 1149.1971435546875 163.5597686767578 1224.0 264.4132080078125 1.6091264 1.6080974 0.45402 10.081099 1.3396422 12.081268 -1.5337269306182861 0.18740873038768768
Cyclist 0.0 0 1.9153043031692505 63.51805877685547 151.62022399902344 133.52084350585938 249.21063232421875 1.6864328 1.6957448 0.52315795 -9.432583 1.1955711 13.163424 1.2935404777526855 0.13299433887004852
Car 0.0 0 2.2515883445739746 0.0 186.0761260986328 125.19133758544922 236.6011505126953 4.208751 1.5153447 1.6402655 -18.454248 1.7212466 23.789621 1.5918242931365967 0.21304425597190857
