Pedestrian 0.0 0 -0.01882946491241455 114.93450164794922 179.0465545654297 154.64877319335938 266.4859313964844 0.66337484 1.7223113 0.6431397 -9.753866 1.8529719 14.726736 -0.6038193702697754 0.25079163908958435
Pedestrian 0.0 0 -1.4401274919509888 834.453369140625 129.34213256835938 881.50927734375 237.1979217529297 1.4539112 1.7843944 0.6042833 4.337455 1.0648804 12.720125 -1.1115005016326904 0.13764183223247528
Pedestrian 0.0 0 2.0675411224365234 315.0967102050781 187.67454528808594 336.4626159667969 217.9363555908203 1.5747589 1.716201 0.48062384 -16.77346 2.6066685 42.521587 1.6918116807937622 0.1113656759262085
Cyclist 0.0 0 2.082597017288208 313.74761962890625 187.26759338378906 336.7633972167969 217.4026336669922 1.6209579 1.7035806 0.5351153 -16.766739 2.568326 42.428894 1.7062591314315796 0.27701103687286377
Cyclist 0.0 0 2.3833279609680176 815.178955078125 130.14329528808594 904.4306640625 235.8290252685547 1.4539219 1.772931 0.6249271 4.3425775 1.0567954 12.687676 2.71309757232666 0.1676996797323227
Cyclist 0.0 0 -1.706292748451233 961.0331420898438 209.72715759277344 1030.688720703125 332.3770446777344 1.9819628 1.7346941 0.73832893 6.2593265 2.3971415 11.89561 -1.2219148874282837 0.14265823364257812
Cyclist 0.0 0 1.8804421424865723 390.935546875 174.54815673828125 414.8187255859375 212.79563903808594 1.8056259 1.7453973 0.5575366 -9.760798 1.8275324 33.915413 1.6002168655395508 0.129449725151062
Cyclist 0.0 0 1.9124664068222046 466.89959716796875 176.21148681640625 480.1565856933594 200.09637451171875 1.4961939 1.7301023 0.48983228 -10.09447 1.9819062 53.257137 1.7251464128494263 0.11926553398370743
Cyclist 0.0 0 0.2224980592727661 51.046234130859375 188.8230743408203 104.16571807861328 230.16067504882812 1.7793561 1.7713846 0.779255 -23.762102 2.4998744 32.182484 -0.4135085940361023 0.10962159931659698
Car 0.0 0 1.813118815422058 423.4567565917969 180.23963928222656 475.6932067871094 212.87716674804688 3.8645375 1.4533515 1.5895591 -7.743134 1.8315735 34.961464 1.5951608419418335 0.8151283264160156
Car 0.0 0 1.9803667068481445 251.4577178955078 189.16090393066406 302.3115539550781 214.3167266845703 3.9502356 1.516444 1.6388782 -22.15402 2.6482859 48.069595 1.5485069751739502 0.18983334302902222
Car 0.0 0 1.3024706840515137 970.6827392578125 191.25393676757812 1022.2310180664062 218.7958221435547 4.0385294 1.4754648 1.7346144 23.296068 2.6453393 43.698376 1.7922545671463013 0.15334005653858185
Car 0.0 0 2.4973154067993164 796.8323364257812 95.12330627441406 1242.0 375.0 3.553639 1.5076189 1.5586053 3.1709096 1.0893232 4.762447 3.084728240966797 0.12299267202615738
Car 0.0 0 1.4525463581085205 924.116455078125 217.66636657714844 1054.829833984375 333.9001770019531 3.2085197 1.4646833 1.5509759 6.2205515 2.334921 12.230145 1.923069715499878 0.11740931123495102
Car 0.0 0 0.5930936932563782 1123.7198486328125 188.5760498046875 1198.9095458984375 212.2136993408203 3.8056374 1.477943 1.7524594 38.071774 2.6124992 49.966114 1.2442002296447754 0.11252942681312561
Car 0.0 0 2.1075022220611572 278.4743957519531 192.99691772460938 326.8752136230469 214.42181396484375 3.8439555 1.4851549 1.7235699 -23.747688 3.1006417 55.832474 1.7053451538085938 0.11064237356185913
