Car 0.0 0 -1.146502137184143 129.1946563720703 185.6506805419922 384.25286865234375 322.3820495605469 3.6328156 1.4469057 1.5976235 -4.339264 1.4548515 9.436545 -1.5775055885314941 0.9382571578025818
Car 0.0 0 -1.3743380308151245 397.51666259765625 185.73834228515625 480.0255126953125 242.23379516601562 3.4769442 1.4087085 1.5487591 -4.578887 1.4254578 19.715597 -1.6025394201278687 0.8986952900886536
Car 0.0 0 -1.9659099578857422 762.11962890625 181.59059143066406 1049.2188720703125 345.5416564941406 3.7867355 1.4601587 1.6142244 3.0288773 1.4290044 8.327058 -1.6170481443405151 0.894188642501831
Car 0.0 0 -1.617262840270996 576.55712890625 180.03921508789062 617.5010375976562 217.32461547851562 3.602636 1.5398368 1.6182482 -0.55555373 1.3271862 31.533438 -1.6348789930343628 0.7823451161384583
Car 0.0 0 -1.44645357131958 459.7951354980469 182.08541870117188 514.1701049804688 224.64468383789062 3.572428 1.4565424 1.5387536 -4.409029 1.3505439 26.414532 -1.61184561252594 0.7296820282936096
Car 0.0 0 -1.046756386756897 69.48424530029297 160.78582763671875 257.19903564453125 252.55555725097656 3.5329442 1.6033264 1.6163485 -8.682467 1.1776385 14.338122 -1.5912476778030396 0.6713940501213074
Car 0.0 0 1.5024908781051636 618.4600219726562 178.125732421875 644.5776977539062 199.6583709716797 4.0909634 1.5141687 1.6281508 1.6842358 1.0167358 52.61961 1.5344877243041992 0.49692022800445557
Car 0.0 0 2.2655181884765625 0.0 207.9722137451172 82.26036071777344 376.0 3.9134488 1.4207582 1.5995733 -8.244195 1.7494158 8.324374 1.484959363937378 0.4899022579193115
Car 0.0 0 -1.2758939266204834 276.9322509765625 167.29403686523438 374.4169006347656 221.57823181152344 4.407449 1.5538968 1.6614056 -8.850174 1.0420166 22.833307 -1.6456645727157593 0.4461876451969147
Car 0.0 0 -1.4222309589385986 386.46380615234375 183.1489715576172 436.1222229003906 218.6082763671875 3.6509972 1.4775777 1.600247 -8.676752 1.3925898 31.857351 -1.6881436109542847 0.40800026059150696
Car 0.0 0 -1.4200172424316406 417.63861083984375 171.08578491210938 456.5498046875 198.8480987548828 4.0492187 1.556327 1.6433111 -10.032398 0.7653497 42.379436 -1.652466058731079 0.397342324256897
