Pedestrian 0.0 0 -3.7480647563934326 1150.06640625 110.82442474365234 1242.0 319.9270935058594 0.69226426 1.8129729 0.5930955 5.4327297 1.2755188 6.5776744 -3.057708740234375 0.36017003655433655
Pedestrian 0.0 0 -1.6966739892959595 1131.4263916015625 127.32621002197266 1205.00537109375 285.45648193359375 1.7035545 1.7783275 0.5023688 6.8468075 1.2666813 8.974424 -1.044952392578125 0.16977936029434204
Cyclist 0.0 0 -0.9425533413887024 16.436450958251953 141.11302185058594 145.3730010986328 276.5276794433594 1.7954861 1.757651 0.5227321 -7.4996943 1.3460182 10.261146 -1.5737067461013794 0.33310192823410034
Cyclist 0.0 0 -1.6856331825256348 1132.6041259765625 125.91482543945312 1203.82373046875 283.25006103515625 1.7127393 1.7607967 0.4928966 6.8170657 1.2358409 8.934166 -1.0338428020477295 0.30877628922462463
Car 0.0 0 1.8336580991744995 273.6553649902344 183.05001831054688 448.9986267089844 300.3677978515625 4.0453176 1.51464 1.6527611 -3.847466 1.710045 11.735798 1.516859531402588 0.9042900800704956
Car 0.0 0 1.7598793506622314 471.10150146484375 183.632080078125 533.8562622070312 225.76890563964844 4.3446174 1.4828482 1.6803696 -4.2302656 1.9452748 28.724083 1.6136579513549805 0.8576791286468506
Car 0.0 0 1.4499696493148804 644.62158203125 180.95994567871094 712.6121826171875 235.83753967285156 3.8549795 1.5008948 1.611316 1.9813691 1.7732946 22.260288 1.5387448072433472 0.8485338091850281
Car 0.0 0 -1.7158302068710327 628.4933471679688 180.49888610839844 681.7363891601562 221.24761962890625 3.7592077 1.4912788 1.5997177 1.7093769 1.8202777 29.073397 -1.6571025848388672 0.5211789011955261
Car 0.0 0 1.666822910308838 513.4639892578125 184.0846405029297 545.2833251953125 211.36334228515625 3.7306151 1.530021 1.5748549 -4.8962984 2.2427726 43.88966 1.5557230710983276 0.33029142022132874
Car 0.0 0 1.2893010377883911 615.8846435546875 181.5989990234375 673.2290649414062 216.87240600585938 4.136615 1.5233868 1.6371139 1.5391711 1.9680524 34.453793 1.3339447975158691 0.28293663263320923
