Pedestrian 0.0 0 2.3423049449920654 898.2457275390625 142.07212829589844 942.1825561523438 213.97984313964844 0.90969336 1.8527048 0.60190445 8.136079 1.0599669 19.040648 2.7461225986480713 0.4721277952194214
Pedestrian 0.0 0 0.3928242623806 52.06482696533203 191.73899841308594 95.69110107421875 255.23654174804688 0.74767023 1.6905749 0.7228141 -14.831877 2.2237463 19.91248 -0.24737480282783508 0.445112407207489
Pedestrian 0.0 0 2.785656452178955 732.7796020507812 170.02316284179688 746.963623046875 195.0684051513672 0.952445 1.9289533 0.54210657 10.038284 1.7112826 55.920414 2.9632749557495117 0.210998073220253
Pedestrian 0.0 0 -2.021571397781372 865.5405883789062 161.36587524414062 893.5059204101562 216.38282775878906 0.7536785 1.7962828 0.6004462 8.8986845 1.4215578 23.958847 -1.6659471988677979 0.1922777146100998
Pedestrian 0.0 0 3.3429365158081055 112.99977111816406 163.8221893310547 150.57516479492188 224.6358642578125 0.85971606 1.8386487 0.62589025 -14.792074 1.565938 22.26382 2.756505012512207 0.16254495084285736
Cyclist 0.0 0 3.360686779022217 122.53478240966797 190.30393981933594 191.93421936035156 249.037841796875 1.8254806 1.8349167 0.60913265 -14.755073 2.417632 23.48421 2.7997195720672607 0.7968261241912842
Cyclist 0.0 0 0.22747820615768433 109.35791015625 163.93051147460938 154.64437866210938 225.6013946533203 1.0547816 1.862607 0.61275667 -14.78083 1.5934545 22.261412 -0.35865265130996704 0.10853862017393112
Car 0.0 0 -1.6583354473114014 589.7307739257812 176.84072875976562 624.9464111328125 205.46075439453125 4.15274 1.5295566 1.6486123 -0.2355468 1.7699734 41.30024 -1.6640386581420898 0.5635012984275818
Car 0.0 0 -1.3242043256759644 269.982666015625 184.49961853027344 379.57476806640625 254.62600708007812 3.8411422 1.452468 1.5839092 -6.8598313 1.7694722 17.611752 -1.6956290006637573 0.17600837349891663
Car 0.0 0 3.675201654434204 76.98689270019531 188.76939392089844 208.85716247558594 238.34091186523438 3.255396 1.518263 1.5811149 -15.181729 2.0558994 23.50026 3.1016266345977783 0.15426011383533478
Car 0.0 0 1.3040063381195068 226.394287109375 192.1902618408203 294.8014221191406 231.7672119140625 3.9910097 1.4838684 1.650713 -15.143796 2.3723187 31.092207 0.8507635593414307 0.13872019946575165
Car 0.0 0 1.7773340940475464 360.8564147949219 192.08279418945312 402.28814697265625 217.9292755126953 4.248491 1.5187038 1.7879456 -15.1242485 2.8536468 47.87348 1.4713354110717773 0.13778962194919586
