Pedestrian 0.0 0 2.3003029823303223 1034.6728515625 136.43446350097656 1148.6661376953125 294.1086120605469 1.0380378 1.8194705 0.6015749 5.8400707 1.3126632 8.570874 2.8984265327453613 0.7112577557563782
Pedestrian 0.0 0 -1.564733624458313 840.251953125 173.75833129882812 868.6774291992188 243.91165161132812 0.7938698 1.7239372 0.66268796 6.263343 1.5598658 17.855274 -1.2273606061935425 0.26595714688301086
Pedestrian 0.0 0 2.5967507362365723 52.705589294433594 192.21302795410156 102.54312133789062 253.1770782470703 0.9478052 1.6939719 0.6640096 -15.258734 2.0432653 20.421707 1.955055594444275 0.2171567678451538
Pedestrian 0.0 0 -1.9052177667617798 837.021728515625 145.78335571289062 891.968017578125 250.07720947265625 0.95224416 1.7846082 0.63625485 4.5537777 1.192207 12.573818 -1.5577481985092163 0.15682311356067657
Pedestrian 0.0 0 1.832077980041504 255.66885375976562 172.7581024169922 305.3277893066406 266.68505859375 0.85213536 1.758019 0.6804298 -6.318756 1.6147513 13.706437 1.4001089334487915 0.14588721096515656
Pedestrian 0.0 0 1.746055245399475 526.4146728515625 165.8550567626953 566.4916381835938 263.4094543457031 0.7599419 1.7362522 0.613253 -1.109265 1.4772474 12.984934 1.6608350276947021 0.1451531946659088
Pedestrian 0.0 0 -1.9893739223480225 1117.3389892578125 186.682861328125 1224.0 370.0 0.6773707 1.6673157 0.65801734 4.323113 1.7190726 5.30551 -1.3056527376174927 0.1334472894668579
Cyclist 0.0 0 3.632391929626465 38.293495178222656 192.37745666503906 105.43722534179688 254.2198028564453 1.3925048 1.7282748 0.67302185 -15.371955 2.079413 20.36413 2.9857912063598633 0.2765946388244629
Cyclist 0.0 0 -2.3031930923461914 0.0 174.46005249023438 73.8861083984375 260.0460205078125 1.813939 1.6667784 0.62526214 -11.792594 1.5507827 14.2056055 -2.996041774749756 0.19761516153812408
Cyclist 0.0 0 -2.322984218597412 1137.8631591796875 163.14761352539062 1224.0 264.69793701171875 1.6416938 1.6310928 0.51113 10.056239 1.3540344 12.18675 -1.6330783367156982 0.1444023847579956
Cyclist 0.0 0 2.331322193145752 1032.5311279296875 140.24887084960938 1150.4093017578125 296.04803466796875 1.06591 1.7941698 0.6090955 5.819518 1.3323255 8.547444 2.929079055786133 0.11826712638139725
Car 0.0 0 2.2426586151123047 0.0 185.0620880126953 125.37736511230469 235.80386352539062 4.2451296 1.5296001 1.6539053 -18.47687 1.6986301 23.824274 1.5830061435699463 0.26114776730537415
Car 0.0 0 -2.461411476135254 224.11451721191406 200.1197509765625 382.9710998535156 258.671875 3.8987486 1.4342513 1.5813398 -8.314451 2.012207 19.473713 -2.8649392127990723 0.15195311605930328
