Pedestrian 0.0 0 0.5971914529800415 63.23188781738281 184.64376831054688 104.70413970947266 244.85516357421875 0.791507 1.7738905 0.63028115 -15.8677635 2.1344204 21.711494 -0.033938124775886536 0.45887649059295654
Pedestrian 0.0 0 -0.3222588896751404 671.8291015625 162.06114196777344 713.1390991210938 231.05557250976562 0.9522439 1.8199475 0.6369173 2.1687548 1.5356096 19.441282 -0.21116408705711365 0.2756969928741455
Pedestrian 0.0 0 -2.0611536502838135 688.7412719726562 162.44961547851562 728.7799682617188 227.0206756591797 1.2242941 1.781808 0.6266777 2.7586036 1.495062 20.59081 -1.9279741048812866 0.25793272256851196
Pedestrian 0.0 0 1.9812555313110352 361.8670959472656 139.52601623535156 394.848876953125 194.9302520751953 1.5237728 1.8130726 0.4971241 -7.8598084 0.7227909 24.391851 1.6695301532745361 0.1134628877043724
Pedestrian 0.0 0 -2.4948177337646484 681.3330078125 161.32508850097656 757.9044799804688 239.59669494628906 1.8738546 1.8402104 0.6211349 2.6389291 1.5695174 17.846727 -2.348015308380127 0.11292819678783417
Cyclist 0.0 0 -1.6403311491012573 661.7889404296875 175.93092346191406 686.7322387695312 237.8953857421875 1.9160378 1.7547015 0.6017128 1.850622 1.8508108 21.488094 -1.554419994354248 0.7516342401504517
Cyclist 0.0 0 -2.497372627258301 681.0242919921875 161.85997009277344 760.1148071289062 238.50643920898438 1.949416 1.8044091 0.6287384 2.6683452 1.545946 17.898352 -2.349379301071167 0.4029800295829773
Cyclist 0.0 0 1.9812555313110352 361.8670959472656 139.52601623535156 394.848876953125 194.9302520751953 1.5237728 1.8130726 0.4971241 -7.8598084 0.7227909 24.391851 1.6695301532745361 0.2805703282356262
Cyclist 0.0 0 -2.0576980113983154 688.4392700195312 162.2430877685547 729.4010620117188 227.82723999023438 1.2896919 1.8052832 0.6230749 2.7592301 1.513563 20.571283 -1.924363613128662 0.2503355145454407
Cyclist 0.0 0 1.6713083982467651 677.11083984375 161.99771118164062 705.0731811523438 232.30776977539062 1.033374 1.8415896 0.6519445 2.148951 1.5575955 19.469446 1.7812390327453613 0.11901785433292389
Car 0.0 0 -1.3485068082809448 349.7961730957031 177.3603057861328 509.76434326171875 295.60992431640625 4.0647883 1.5914013 1.6588029 -2.8001373 1.6788517 11.902728 -1.5795572996139526 0.877077043056488
Car 0.0 0 2.103720188140869 69.08470916748047 193.833740234375 219.80780029296875 262.2572021484375 3.960064 1.5439969 1.6268977 -12.432516 2.170249 19.51633 1.5365158319473267 0.860271155834198
Car 0.0 0 1.5939006805419922 590.1682739257812 175.917236328125 616.4981079101562 200.55677795410156 3.9979897 1.5124819 1.6178273 -0.42743185 1.7200636 46.798256 1.584767460823059 0.4555318355560303
Car 0.0 0 1.939437747001648 463.076904296875 181.2875213623047 498.6949157714844 201.185546875 3.7371104 1.4856566 1.55479 -10.278684 2.1816769 57.532845 1.7626453638076782 0.3647346794605255
