Pedestrian 0.0 0 1.7546073198318481 401.9124450683594 174.58331298828125 453.8116760253906 280.64276123046875 1.8709168 1.7940491 0.59117943 -3.3468027 1.8283002 13.18612 1.506043553352356 0.10311385989189148
Cyclist 0.0 0 1.7424763441085815 400.7802734375 175.7115936279297 451.3744812011719 281.2740783691406 1.8284017 1.7761465 0.59170014 -3.3648355 1.8321894 13.122899 1.4914743900299072 0.9082986116409302
Car 0.0 0 -1.7032115459442139 631.95849609375 181.32110595703125 697.7911376953125 231.27316284179688 4.2590556 1.4824973 1.6400217 1.7106044 1.7938825 24.325542 -1.6330057382583618 0.8547372817993164
Car 0.0 0 -0.6361446976661682 868.123779296875 185.6316375732422 1242.0 319.6637268066406 3.837003 1.415424 1.5823886 5.285433 1.5882399 8.768552 -0.09368983656167984 0.8352060914039612
Car 0.0 0 -2.7428061962127686 248.70513916015625 180.5960693359375 425.0147399902344 241.73155212402344 3.8923798 1.4673538 1.603521 -6.931627 1.6747282 18.41396 -3.102832794189453 0.7550017237663269
Car 0.0 0 -2.277489185333252 0.0 172.36032104492188 190.31678771972656 334.7167053222656 3.992915 1.4589447 1.6078084 -6.8360953 1.4548663 7.53146 -3.014526844024658 0.6602153778076172
Car 0.0 0 2.2142295837402344 1007.9228515625 204.97421264648438 1242.0 375.0 3.9366503 1.44795 1.599938 5.576519 1.7662863 6.002975 2.962815761566162 0.6368938088417053
Car 0.0 0 -0.47991594672203064 837.3590698242188 164.13995361328125 1136.014404296875 269.8963623046875 3.762809 1.5053527 1.5983844 5.5795894 1.3816733 11.092967 -0.013883676379919052 0.5962684750556946
Car 0.0 0 1.669764757156372 618.3792114257812 177.90338134765625 654.4578857421875 206.82327270507812 3.8064134 1.4687355 1.5985893 1.448815 1.7583121 39.33167 1.7065839767456055 0.44550368189811707
Car 0.0 0 -2.738100528717041 302.1612243652344 183.44052124023438 443.9257507324219 237.06927490234375 3.614072 1.4729772 1.5859221 -6.9266276 1.7973682 21.135504 -3.0547947883605957 0.44052159786224365
Car 0.0 0 3.2975616455078125 416.2198181152344 182.41444396972656 495.720947265625 214.3903045654297 3.6143515 1.5072647 1.6148242 -7.5573144 1.989393 35.453148 3.0875415802001953 0.3796893358230591
