Pedestrian 0.0 0 -0.49284058809280396 903.193115234375 144.76296997070312 943.3529052734375 217.12672424316406 0.7723865 1.8576939 0.5946443 8.129524 1.13691 18.84956 -0.08565889298915863 0.1344795674085617
Pedestrian 0.0 0 -1.1703439950942993 901.502197265625 144.37159729003906 930.4108276367188 204.19395446777344 0.7538742 1.8682297 0.60349005 9.713187 0.97909296 23.009691 -0.7709028720855713 0.1262640357017517
Pedestrian 0.0 0 -1.5560612678527832 301.90972900390625 163.2110595703125 319.12139892578125 214.94715881347656 1.3177059 1.7228047 0.52812815 -10.303677 1.4020543 24.734156 -1.9507758617401123 0.10211159288883209
Cyclist 0.0 0 -1.9188812971115112 943.3335571289062 123.9529037475586 1008.7761840820312 230.8513641357422 1.7439692 1.80695 0.48385105 6.548781 0.9807118 13.087817 -1.454935908317566 0.20594698190689087
Cyclist 0.0 0 -1.5560612678527832 301.90972900390625 163.2110595703125 319.12139892578125 214.94715881347656 1.3177059 1.7228047 0.52812815 -10.303677 1.4020543 24.734156 -1.9507758617401123 0.15858110785484314
Cyclist 0.0 0 -2.0534589290618896 1000.4700927734375 111.36927032470703 1098.102783203125 237.002685546875 1.787376 1.7712314 0.49660093 6.6306305 0.9047523 11.076121 -1.5140385627746582 0.14251486957073212
Car 0.0 0 1.835412859916687 199.11959838867188 187.18038940429688 464.315185546875 367.2001647949219 4.4099026 1.4746436 1.6919848 -2.9282506 1.6890811 8.523046 1.5044790506362915 0.8837235569953918
Car 0.0 0 1.7466464042663574 384.9272155761719 164.44424438476562 508.2022399902344 266.0575256347656 4.0729823 1.7168045 1.6603152 -3.1040754 1.5750754 14.2549515 1.5322391986846924 0.7548311948776245
Car 0.0 0 1.78956139087677 448.2403869628906 169.47549438476562 546.7889404296875 236.0966796875 4.4020576 1.6091068 1.7255614 -2.9703884 1.5278636 19.679863 1.639756679534912 0.7292009592056274
Car 0.0 0 -1.214285135269165 644.22509765625 168.91860961914062 695.4095458984375 199.3250274658203 3.229015 1.4924244 1.6063648 3.0880375 1.2996235 37.214977 -1.1314964294433594 0.7021844983100891
