Pedestrian 0.0 0 -0.44292575120925903 949.8316040039062 147.4944305419922 981.9447021484375 199.49961853027344 0.8644949 1.8539568 0.60025835 12.787413 0.9502599 26.025732 0.013767719268798828 0.22988377511501312
Pedestrian 0.0 0 -1.2514387369155884 314.4190368652344 181.17408752441406 332.6025695800781 215.6900634765625 0.6900685 1.8023821 0.7154558 -15.207191 2.247671 38.217007 -1.6301480531692505 0.19168969988822937
Pedestrian 0.0 0 -1.8287980556488037 964.112060546875 151.9612579345703 979.0783081054688 185.63427734375 0.6163753 1.9656855 0.6515002 21.25521 0.746415 42.48579 -1.36491858959198 0.14785076677799225
Pedestrian 0.0 0 -1.7061847448349 1200.98291015625 153.1577911376953 1242.0 259.552978515625 0.9672015 1.7175602 0.6088267 10.419242 1.3999578 12.216601 -1.000023603439331 0.13553784787654877
Pedestrian 0.0 0 -1.9820318222045898 993.6729125976562 130.1864013671875 1040.10009765625 210.06346130371094 0.9724875 1.870461 0.63798803 9.752861 0.8716829 17.408827 -1.4713722467422485 0.12964768707752228
Pedestrian 0.0 0 2.33670973777771 1044.3392333984375 140.17086791992188 1075.78369140625 193.25396728515625 0.7599917 1.8958015 0.61098313 16.268126 0.7289191 26.155697 2.8931291103363037 0.1258593648672104
Cyclist 0.0 0 -0.11308237910270691 330.6396179199219 177.7049102783203 365.57427978515625 210.4584503173828 1.8470272 1.8573916 0.59200794 -15.200552 2.14328 41.791286 -0.4619320034980774 0.5812563300132751
Cyclist 0.0 0 1.255319595336914 955.2245483398438 146.45782470703125 983.176025390625 199.18797302246094 1.0338585 1.8578651 0.6082052 12.877613 0.928195 25.974909 1.715578556060791 0.1200818121433258
Car 0.0 0 -1.6075221300125122 586.7797241210938 171.94488525390625 619.181640625 200.4527130126953 4.056349 1.5079769 1.6484638 -0.4712624 1.4602453 40.230087 -1.6192357540130615 0.3830111622810364
Car 0.0 0 -1.6233927011489868 330.26397705078125 181.4186553955078 361.9145812988281 208.66299438476562 3.4826958 1.5086172 1.5875986 -15.815252 2.042929 43.06754 -1.9753249883651733 0.20295226573944092
Car 0.0 0 3.254364252090454 8.701187133789062 188.696044921875 99.26725769042969 216.28408813476562 4.186601 1.5243403 1.6650343 -33.612526 2.5240393 43.719078 2.5989205837249756 0.1635296642780304
Car 0.0 0 1.725272536277771 325.2535705566406 175.8529815673828 403.8996887207031 233.31031799316406 3.9643552 1.5267781 1.6183451 -7.2396626 1.6251135 21.47927 1.4001775979995728 0.1308748573064804
Car 0.0 0 2.480807065963745 0.0 191.29345703125 124.35557556152344 375.0 3.9115012 1.4642006 1.5913236 -6.9138885 1.6910442 6.8238173 1.6888525485992432 0.12797369062900543
Car 0.0 0 1.827613353729248 376.4999694824219 173.1894989013672 450.38616943359375 219.08433532714844 4.069956 1.5497671 1.6263291 -7.1405406 1.5633657 26.432459 1.5637683868408203 0.12673881649971008
