Cyclist 0.0 0 1.7346346378326416 451.18011474609375 173.2259063720703 488.50604248046875 252.24893188476562 1.8634833 1.7982306 0.5895184 -3.3986208 1.8080251 17.365265 1.5413638353347778 0.8774170279502869
Car 0.0 0 -1.719691276550293 629.2553100585938 179.88124084472656 689.0630493164062 222.4376678466797 4.1650696 1.4331236 1.6250508 1.7234343 1.7187948 27.14813 -1.6562937498092651 0.8259068727493286
Car 0.0 0 2.4825873374938965 891.7874145507812 184.7924041748047 1242.0 319.5546875 3.9014275 1.4335324 1.5879571 5.6416445 1.5956426 8.808432 3.0522425174713135 0.8101438879966736
Car 0.0 0 -0.4883252680301666 807.3981323242188 186.81996154785156 1085.7088623046875 283.18353271484375 3.8108904 1.4095463 1.5722069 5.288461 1.6544026 11.72173 -0.06450105458498001 0.8004129528999329
Car 0.0 0 0.33832812309265137 294.50836181640625 178.17709350585938 451.3693542480469 231.796875 4.0916996 1.5077693 1.6463728 -6.970587 1.6719038 21.32805 0.022444486618041992 0.7642733454704285
Car 0.0 0 3.8307008743286133 0.0 180.4042205810547 193.0298614501953 347.2972106933594 3.862581 1.5356221 1.6350964 -6.8752685 1.6252121 7.621378 3.0967249870300293 0.7203942537307739
Car 0.0 0 -0.43387511372566223 792.395751953125 167.6929931640625 1026.7833251953125 250.12307739257812 3.8912365 1.4994854 1.6174595 5.659375 1.4059596 14.028512 -0.05042435973882675 0.6977864503860474
Car 0.0 0 -0.9155787229537964 1073.9302978515625 182.46878051757812 1242.0 375.0 3.7919602 1.4768035 1.5937951 6.2908087 1.573969 6.2339444 -0.12564046680927277 0.6778875589370728
Car 0.0 0 0.5548537969589233 0.0 155.1490478515625 291.5212097167969 287.191162109375 4.002411 1.6806442 1.7029876 -6.896726 1.4556516 10.118587 -0.043409232050180435 0.6426113843917847
Car 0.0 0 -2.8013265132904053 342.7406311035156 181.52149963378906 472.1201171875 231.0713348388672 3.825392 1.5658603 1.6595668 -6.746406 1.8671223 24.090042 -3.074381113052368 0.6340709924697876
