Pedestrian 0.0 0 -1.8623121976852417 746.6998901367188 160.2179412841797 825.81982421875 319.9066162109375 0.927635 1.7837377 0.6615581 2.1157267 1.5473682 8.5002775 -1.6183682680130005 0.7550874948501587
Pedestrian 0.0 0 -2.142064094543457 788.782958984375 165.87449645996094 829.479248046875 245.10008239746094 0.8166072 1.7752875 0.5447132 4.745294 1.4263676 16.563303 -1.8630433082580566 0.6378508806228638
Pedestrian 0.0 0 2.9573731422424316 318.2979431152344 169.98309326171875 399.9338073730469 312.2551574707031 0.9255379 1.7996243 0.665148 -3.2889056 1.65528 9.600916 2.627340078353882 0.5609978437423706
Pedestrian 0.0 0 -1.4622102975845337 687.5474243164062 181.211181640625 729.2007446289062 284.1352844238281 0.82968485 1.7298807 0.63670313 1.8368801 1.7263108 12.552196 -1.3169023990631104 0.5474829077720642
Pedestrian 0.0 0 1.4661365747451782 241.01539611816406 178.84178161621094 303.400634765625 318.0160827636719 1.0516379 1.8012305 0.6715502 -4.604189 1.7681586 9.917888 1.0315115451812744 0.5272557735443115
Pedestrian 0.0 0 -2.9404096603393555 667.8133544921875 180.67401123046875 690.19140625 226.45309448242188 0.7511295 1.7422711 0.6218606 2.9798481 1.7118607 27.746143 -2.833422899246216 0.5205822587013245
Pedestrian 0.0 0 -2.901613712310791 701.5382690429688 170.8040313720703 760.00244140625 289.73028564453125 0.7659979 1.7622747 0.61022955 1.9560305 1.6050882 11.075415 -2.726806163787842 0.4370337724685669
Pedestrian 0.0 0 1.592463731765747 909.0114135742188 156.83892822265625 972.5037841796875 312.6177673339844 0.8801519 1.7900743 0.67129284 4.110234 1.5080401 8.795081 2.0296380519866943 0.43068206310272217
Pedestrian 0.0 0 -1.3922481536865234 775.779296875 171.0078582763672 822.491943359375 268.0379638671875 0.7968166 1.7582427 0.7203704 3.6906757 1.5693872 13.528668 -1.1259245872497559 0.4102076590061188
Pedestrian 0.0 0 -1.4663007259368896 740.6277465820312 170.6116943359375 774.3049926757812 253.6542205810547 0.7773313 1.7686545 0.64695007 3.394776 1.5379831 15.766667 -1.2542250156402588 0.40415993332862854
Pedestrian 0.0 0 -1.5464431047439575 976.1300048828125 168.18206787109375 1046.24169921875 330.5757141113281 0.7643543 1.7589134 0.6739757 4.676045 1.616022 8.278709 -1.0322871208190918 0.3830825686454773
Pedestrian 0.0 0 -2.590000629425049 148.0532684326172 150.6275634765625 191.27003479003906 218.53350830078125 0.8158674 1.8764634 0.6619209 -12.153123 1.0245095 20.182186 -3.132014751434326 0.3504265546798706
Pedestrian 0.0 0 1.438544511795044 638.15478515625 176.65338134765625 673.5200805664062 252.4560089111328 1.1123505 1.8601174 0.7494777 1.3323233 1.7423767 18.201946 1.511610984802246 0.3411998748779297
Pedestrian 0.0 0 -3.0824859142303467 680.4365234375 186.14476013183594 700.2334594726562 228.29776000976562 0.8102342 1.7857711 0.6291164 3.8124 1.988992 30.895695 -2.9597105979919434 0.33090105652809143
Pedestrian 0.0 0 -3.026909589767456 1157.3624267578125 95.37764739990234 1238.0 295.4251708984375 0.6429532 1.855291 0.6953303 5.9399858 1.057947 7.131985 -2.3324472904205322 0.29051297903060913
Pedestrian 0.0 0 0.07459084689617157 689.9907836914062 178.8169708251953 711.6695556640625 224.47190856933594 0.7873738 1.7419654 0.6275069 3.830397 1.6406189 27.7949 0.21153759956359863 0.27731823921203613
Cyclist 0.0 0 1.2980026006698608 640.965576171875 180.0022735595703 686.1138305664062 256.4892272949219 1.7826618 1.8197491 0.6659032 1.499629 1.7853149 18.025879 1.3810045719146729 0.351711630821228
Cyclist 0.0 0 -1.3467960357666016 156.36929321289062 189.6596221923828 203.48292541503906 267.4625549316406 1.8402591 1.7301805 0.57803833 -10.061143 1.9370214 17.138151 -1.8776472806930542 0.2779117822647095
Cyclist 0.0 0 -0.324328750371933 447.1343994140625 183.98988342285156 535.7782592773438 263.05023193359375 1.9081591 1.7572653 0.75030965 -2.5988815 1.8193183 16.784073 -0.4779508709907532 0.27177873253822327
Cyclist 0.0 0 1.4826894998550415 240.36431884765625 177.67515563964844 302.4583435058594 319.4872131347656 1.0763015 1.8357649 0.6826192 -4.622763 1.7875835 9.93298 1.0471067428588867 0.18536534905433655
Cyclist 0.0 0 -2.5838136672973633 146.02804565429688 154.06021118164062 192.86691284179688 222.13192749023438 0.9214882 1.8782034 0.6521034 -12.139596 1.1222506 20.150536 -3.1260292530059814 0.11284445971250534
Car 0.0 0 1.7254565954208374 545.6083984375 185.88162231445312 597.9713134765625 225.08575439453125 3.978983 1.550008 1.6589812 -1.2227972 1.7522616 30.93149 1.685944676399231 0.900956928730011
