Pedestrian 0.0 0 -1.6940133571624756 686.4487915039062 180.5383758544922 718.8436279296875 249.8753662109375 1.6214379 1.743715 0.6432828 2.4301143 1.627219 18.886538 -1.5660473108291626 0.16411662101745605
Cyclist 0.0 0 -1.6940133571624756 686.4487915039062 180.5383758544922 718.8436279296875 249.8753662109375 1.6214379 1.743715 0.6432828 2.4301143 1.627219 18.886538 -1.5660473108291626 0.32085755467414856
Car 0.0 0 1.7713494300842285 478.1776428222656 182.62989807128906 527.5999755859375 218.57508850097656 3.4348223 1.5212935 1.5364333 -4.6719728 1.4129872 32.178024 1.6271655559539795 0.8020344972610474
Car 0.0 0 -1.3895691633224487 414.861083984375 185.25546264648438 498.53765869140625 243.70458984375 4.2957277 1.5510218 1.6618418 -4.381448 1.5534488 21.240705 -1.5929919481277466 0.8003702759742737
Car 0.0 0 -1.595371127128601 575.655517578125 181.64352416992188 606.2504272460938 208.8362579345703 3.9879956 1.4660951 1.628246 -1.0229341 1.2746328 40.785248 -1.620446801185608 0.7054583430290222
Car 0.0 0 1.8321359157562256 369.8758544921875 184.39453125 430.73455810546875 220.28744506835938 3.6916716 1.4192854 1.5614063 -8.697272 1.3879466 30.281233 1.5524479150772095 0.5497481822967529
Car 0.0 0 2.0763115882873535 404.92572021484375 179.35108947753906 452.28631591796875 200.5673370361328 3.8187377 1.4267424 1.56918 -12.524046 1.0334929 50.38495 1.8326818943023682 0.4522438645362854
Car 0.0 0 1.850911259651184 425.0570068359375 178.6284942626953 469.55535888671875 206.4479217529297 3.503539 1.5060215 1.5524554 -9.062277 1.1505508 40.70778 1.631865382194519 0.29529276490211487
Car 0.0 0 2.1284029483795166 500.0144348144531 182.06777954101562 557.8016357421875 208.87808227539062 3.83552 1.5046332 1.603493 -4.623988 1.3290992 42.41516 2.0198144912719727 0.2592565715312958
Car 0.0 0 1.6226526498794556 456.7022399902344 178.19528198242188 482.9653015136719 200.57757568359375 3.9000964 1.4780072 1.5783573 -9.482892 1.0155475 49.505386 1.4333925247192383 0.2580246925354004
