Pedestrian 0.0 0 1.4956345558166504 540.6146240234375 153.3768310546875 568.6431884765625 222.64752197265625 0.91336155 1.8274277 0.6878061 -1.3067389 1.0866791 19.448582 1.4285459518432617 0.7028965950012207
Pedestrian 0.0 0 3.0501744747161865 469.0644226074219 155.54330444335938 513.8095703125 236.20196533203125 0.96677876 1.8181075 0.6437834 -2.586888 1.2342386 16.619059 2.8957557678222656 0.6224402785301208
Pedestrian 0.0 0 1.732832431793213 713.3466186523438 148.6358642578125 745.4224853515625 221.43980407714844 0.8589248 1.7940856 0.67301893 3.218356 0.9854137 18.215658 1.9077084064483643 0.5830672383308411
Pedestrian 0.0 0 2.8857994079589844 568.311279296875 152.63690185546875 614.6122436523438 236.4077606201172 0.9087496 1.8190323 0.59739035 -0.2640467 1.1935123 16.005474 2.8693037033081055 0.5677289366722107
Pedestrian 0.0 0 -1.5348196029663086 1052.0235595703125 136.35177612304688 1148.6353759765625 327.75140380859375 0.5663387 1.7144401 0.7347725 4.724557 1.3114103 6.8780465 -0.9329371452331543 0.5421318411827087
Pedestrian 0.0 0 -1.1638635396957397 421.0558776855469 175.32037353515625 487.1262512207031 274.9240417480469 0.92273265 1.6691076 0.8381847 -2.603675 1.5668374 12.571168 -1.3680907487869263 0.5271416306495667
Pedestrian 0.0 0 1.4699876308441162 813.03173828125 141.64215087890625 862.7703247070312 255.6875457763672 0.9357705 1.8049718 0.68650424 3.8561122 1.1754466 11.89611 1.783449649810791 0.5216999053955078
Pedestrian 0.0 0 -1.8012274503707886 616.0204467773438 162.7139892578125 636.1861572265625 210.3092498779297 0.8650384 1.7709789 0.579417 0.90909326 1.0730033 27.206875 -1.767825722694397 0.467357337474823
Pedestrian 0.0 0 -1.391618013381958 568.0816040039062 161.153564453125 587.1070556640625 207.61512756347656 0.9309726 1.8317835 0.6084206 -0.96896935 1.0306178 28.823006 -1.4252232313156128 0.44493818283081055
Pedestrian 0.0 0 -1.410150408744812 554.0410766601562 161.43063354492188 575.4402465820312 213.76153564453125 0.8101544 1.7617942 0.61236256 -1.2760535 1.0872092 24.617094 -1.4619401693344116 0.42086759209632874
Pedestrian 0.0 0 1.3618791103363037 498.9767761230469 173.56387329101562 531.7128295898438 242.9336395263672 0.8184991 1.7348928 0.6781808 -2.2518375 1.5375999 18.45958 1.2404913902282715 0.40485435724258423
Pedestrian 0.0 0 1.6699717044830322 355.74334716796875 161.7432098388672 428.1391296386719 324.6135559082031 1.0863866 1.6972786 0.68164223 -2.375171 1.4927547 8.080203 1.3840750455856323 0.3844839036464691
Pedestrian 0.0 0 1.5357081890106201 603.29931640625 159.747802734375 620.4361572265625 206.51194763183594 0.77663726 1.8193728 0.64750206 0.38857865 0.9741123 28.339573 1.5494188070297241 0.36145615577697754
Pedestrian 0.0 0 -1.8137609958648682 345.5201721191406 170.4522705078125 382.4363708496094 247.33871459960938 0.65662754 1.7186799 0.66603124 -5.496842 1.4729416 16.510202 -2.1351540088653564 0.32603392004966736
Pedestrian 0.0 0 1.4751660823822021 456.3044738769531 167.83335876464844 484.03271484375 235.685546875 0.8019479 1.7512875 0.64612305 -3.5125122 1.3997217 19.012156 1.2924752235412598 0.3154193162918091
Pedestrian 0.0 0 0.6257684826850891 3.3924591541290283 156.17132568359375 152.19549560546875 374.0 0.6330535 1.6194916 0.57215023 -3.7120745 1.4526037 5.0587316 -0.0072808414697647095 0.3048267066478729
Pedestrian 0.0 0 -1.1577677726745605 530.9796142578125 159.60020446777344 552.1652221679688 203.11854553222656 0.86846274 1.8079009 0.59450597 -2.5400925 0.8990909 30.34654 -1.2412760257720947 0.2852415442466736
Pedestrian 0.0 0 -1.5937838554382324 133.1547393798828 168.02980041503906 157.8106689453125 243.89083862304688 1.6594194 1.6231396 0.42591327 -10.314361 1.3361568 16.174778 -2.1614506244659424 0.11997975409030914
Cyclist 0.0 0 -1.5774766206741333 133.51199340820312 167.84654235839844 157.37554931640625 244.33758544921875 1.6703389 1.6357431 0.43445775 -10.315144 1.3449959 16.17801 -2.145087242126465 0.359559565782547
Cyclist 0.0 0 1.680626630783081 352.6591796875 158.436279296875 426.60064697265625 325.47247314453125 1.2860266 1.7216532 0.666104 -2.3994713 1.4852978 8.093219 1.39240300655365 0.3135260343551636
Cyclist 0.0 0 -1.1709389686584473 419.5642395019531 175.0948944091797 487.11962890625 275.03936767578125 0.9477831 1.6693316 0.8562306 -2.61 1.5636357 12.543207 -1.3760923147201538 0.13119366765022278
Cyclist 0.0 0 -1.8080147504806519 615.9413452148438 161.61801147460938 637.0701293945312 209.53517150878906 0.94288933 1.7823093 0.5938992 0.9247156 1.0438219 27.237997 -1.774078369140625 0.1295269876718521
Cyclist 0.0 0 1.7092132568359375 553.4425659179688 161.4418487548828 575.0931396484375 214.23318481445312 0.90138763 1.7758718 0.62507665 -1.2924335 1.1022055 24.63766 1.6568036079406738 0.11642968654632568
Cyclist 0.0 0 2.0015108585357666 468.4814758300781 155.9411163330078 512.1988525390625 236.5144805908203 0.9588515 1.8029903 0.6619884 -2.5955198 1.2322758 16.623014 1.8466212749481201 0.1023254469037056
