Pedestrian 0.0 0 -1.5723398923873901 499.408447265625 168.3995361328125 525.5520629882812 232.17225646972656 0.9501152 1.7830768 0.7272189 -2.5822742 1.4179379 20.598991 -1.697048544883728 0.6653767228126526
Pedestrian 0.0 0 0.6832005381584167 0.0 195.7228240966797 34.19438171386719 265.1180419921875 0.7595691 1.6500031 0.65428156 -14.526499 2.0051231 17.542774 -0.008418478071689606 0.5293330550193787
Pedestrian 0.0 0 -1.6338958740234375 681.080810546875 169.4514923095703 706.8441772460938 232.44305419921875 0.899117 1.8345523 0.7028302 2.71834 1.4847888 21.38891 -1.5074825286865234 0.4173133969306946
Pedestrian 0.0 0 -1.4040182828903198 653.080322265625 174.01943969726562 680.8510131835938 237.12890625 0.8514725 1.8239276 0.6883981 1.9168987 1.608869 21.257175 -1.3140850067138672 0.40640145540237427
Pedestrian 0.0 0 1.5569686889648438 823.7234497070312 185.08689880371094 894.5538940429688 372.99810791015625 0.75317395 1.7114835 0.61780274 2.453019 1.7501469 7.012356 1.8934776782989502 0.36481356620788574
Pedestrian 0.0 0 -0.9137657880783081 201.8549041748047 163.86224365234375 235.18673706054688 215.63375854492188 0.8514644 1.7863508 0.65083855 -13.479356 1.1788372 25.257029 -1.403998613357544 0.3620726764202118
Pedestrian 0.0 0 -0.38489654660224915 721.6281127929688 179.13046264648438 788.7146606445312 290.49072265625 0.8490394 1.7170162 0.69348 2.40412 1.6817825 11.4897375 -0.1786317527294159 0.3495020270347595
Pedestrian 0.0 0 1.4257404804229736 799.3146362304688 150.57369995117188 821.7518310546875 204.7601776123047 0.79537505 1.8558072 0.64073086 7.2585845 0.7976987 25.037052 1.7079182863235474 0.3103940486907959
Pedestrian 0.0 0 -1.800938367843628 785.9036865234375 156.03286743164062 808.7146606445312 203.8128662109375 0.7495944 1.7616422 0.6682656 7.300415 0.82371235 26.868605 -1.535635232925415 0.29661914706230164
Pedestrian 0.0 0 -2.7595276832580566 570.4891357421875 172.9161834716797 588.9891357421875 207.69873046875 0.77347916 1.7899697 0.65936315 -1.1329095 1.3490937 37.406902 -2.789804458618164 0.29069021344184875
Pedestrian 0.0 0 -0.1025644838809967 763.4511108398438 146.85272216796875 846.2001953125 310.5141906738281 0.84668875 1.788775 0.6369747 2.2618134 1.4114459 8.23249 0.16556215286254883 0.24882614612579346
Pedestrian 0.0 0 -2.731036901473999 407.817138671875 164.39572143554688 453.4686584472656 245.13841247558594 0.85469514 1.8276604 0.6164873 -3.9841545 1.4417081 16.635458 -2.96610689163208 0.2475099116563797
Pedestrian 0.0 0 1.9916707277297974 395.0721740722656 153.51158142089844 418.239013671875 199.6107177734375 0.90043205 1.8799093 0.6141625 -8.086557 0.7395419 29.783276 1.7265489101409912 0.24659129977226257
Pedestrian 0.0 0 2.185772180557251 189.9879150390625 152.49229431152344 246.30799865722656 219.96554565429688 1.5673631 1.830524 0.6148511 -10.83497 1.0447145 20.30139 1.69552481174469 0.13832223415374756
Cyclist 0.0 0 2.218095302581787 192.4833526611328 152.42930603027344 251.73899841308594 218.8880615234375 1.6550633 1.7966717 0.606252 -10.710372 1.0119232 20.282623 1.732255220413208 0.2805825173854828
Cyclist 0.0 0 -1.8586475849151611 0.4325945973396301 190.77638244628906 43.11051940917969 251.98153686523438 1.5768007 1.7265892 0.5505684 -17.096079 2.0094302 21.139292 -2.538691997528076 0.2274157851934433
Cyclist 0.0 0 -0.3749767541885376 657.8053588867188 173.06167602539062 696.919189453125 235.46343994140625 0.97468996 1.8103113 0.6689831 2.2165735 1.5666467 21.289534 -0.2712348997592926 0.181137353181839
Cyclist 0.0 0 -1.5800297260284424 499.4944152832031 168.21249389648438 525.5488891601562 232.65008544921875 0.9714775 1.7991004 0.72385794 -2.5830004 1.4292619 20.583094 -1.7048685550689697 0.130881205201149
Car 0.0 0 1.6460883617401123 603.7022705078125 176.56036376953125 625.2330932617188 194.58026123046875 3.8931425 1.5227048 1.5929277 1.1972603 1.1057569 62.71057 1.6651779413223267 0.35766178369522095
