Pedestrian 0.0 0 0.22317570447921753 103.1189956665039 136.83726501464844 240.6746826171875 374.0 0.6139824 1.6466287 0.5677614 -2.6456048 1.3976179 4.3910694 -0.3190775513648987 0.46744558215141296
Pedestrian 0.0 0 -0.8924490213394165 1141.2730712890625 86.73564910888672 1238.0 285.84991455078125 0.63127434 1.8013163 0.6582259 5.694084 0.9453958 6.8814573 -0.2011910080909729 0.26430651545524597
Pedestrian 0.0 0 -1.6861931085586548 754.1058349609375 157.62904357910156 770.688720703125 199.29718017578125 0.81765175 1.9021171 0.6572462 7.430124 0.81335944 33.2297 -1.4662126302719116 0.192283034324646
Pedestrian 0.0 0 -1.3747599124908447 179.92860412597656 158.35850524902344 211.7543182373047 219.83172607421875 0.7516651 1.8101215 0.7026932 -12.224596 1.1298347 21.616234 -1.8894469738006592 0.18353743851184845
Pedestrian 0.0 0 -1.8655226230621338 1103.0638427734375 170.30067443847656 1151.5159912109375 245.87371826171875 0.7990634 1.6973753 0.70075405 12.119138 1.4470534 16.62379 -1.2355821132659912 0.1630164086818695
Pedestrian 0.0 0 -1.0458238124847412 58.51557922363281 165.29481506347656 92.73750305175781 219.34169006347656 0.7798807 1.7440577 0.5980732 -17.290154 1.2222229 23.59734 -1.6781712770462036 0.14568212628364563
Pedestrian 0.0 0 -2.007701873779297 641.9444580078125 159.0334930419922 670.927490234375 207.78402709960938 1.2946068 1.735864 0.559502 1.9806435 0.9369524 26.279612 -1.9324760437011719 0.12504592537879944
Cyclist 0.0 0 -2.166482448577881 641.9825439453125 157.27162170410156 683.048095703125 206.9281005859375 1.7754029 1.7442566 0.59192896 2.1840034 0.8942602 26.14876 -2.083153486251831 0.16636903584003448
Cyclist 0.0 0 -2.603120803833008 171.52880859375 158.51327514648438 218.70388793945312 220.361572265625 1.0364723 1.8318386 0.67714036 -12.250212 1.1521403 21.623625 -3.118558645248413 0.1519905924797058
Car 0.0 0 -0.49585503339767456 599.6320190429688 188.7179412841797 871.4417114257812 303.8565673828125 3.489001 1.4052846 1.5269718 1.8251771 1.5218307 10.195612 -0.3187154531478882 0.838747501373291
Car 0.0 0 0.1670960783958435 155.89317321777344 187.54022216796875 416.8062438964844 276.88165283203125 4.2167892 1.4778557 1.6453787 -5.660069 1.6021578 13.343138 -0.23409104347229004 0.22382000088691711
Car 0.0 0 2.0597312450408936 1034.6326904296875 167.5544891357422 1169.124267578125 224.343994140625 3.777425 1.514057 1.5982805 14.422557 1.143422 20.721708 2.6677756309509277 0.1696644276380539
Car 0.0 0 -0.9602457284927368 1047.0611572265625 153.25038146972656 1172.8013916015625 201.75128173828125 3.8805678 1.5828938 1.6221485 17.567472 0.66202 24.860851 -0.3450826108455658 0.1540021002292633
