Pedestrian 0.0 0 -2.362464666366577 0.0 158.03997802734375 109.14300537109375 297.7862243652344 1.0871235 1.7774124 0.5590634 -7.316149 1.4934229 9.327422 -3.027602195739746 0.6140955090522766
Pedestrian 0.0 0 -1.5936849117279053 840.1490478515625 172.84974670410156 869.0872802734375 242.26014709472656 0.8186415 1.7050841 0.6677448 6.258461 1.5187513 17.856339 -1.256574034690857 0.36384838819503784
Pedestrian 0.0 0 2.5646326541900635 749.4574584960938 125.87330627441406 812.5983276367188 233.390380859375 0.8947493 1.8191677 0.59301436 3.0345662 0.8965434 12.385811 2.804903268814087 0.23155324161052704
Pedestrian 0.0 0 -0.7529904246330261 981.7421264648438 194.3120880126953 1121.99609375 370.0 0.667638 1.6196365 0.58446455 3.2676225 1.7315598 5.2845244 -0.19919610023498535 0.13751879334449768
Pedestrian 0.0 0 -2.1940150260925293 1111.7650146484375 189.86663818359375 1224.0 370.0 0.67203146 1.6662903 0.66284776 4.3233514 1.7431451 5.312358 -1.5108983516693115 0.12434191256761551
Pedestrian 0.0 0 -2.0772504806518555 0.0 175.08348083496094 66.78340911865234 260.41986083984375 1.4722716 1.6571461 0.5676807 -11.684115 1.5535947 14.260641 -2.763664960861206 0.11326508969068527
Pedestrian 0.0 0 -2.4715912342071533 1139.4273681640625 161.61734008789062 1224.0 262.6795654296875 1.4336061 1.6292515 0.5752176 10.062035 1.3264928 12.15447 -1.780099868774414 0.1072249636054039
Pedestrian 0.0 0 -3.459882974624634 823.4019165039062 191.2456817626953 867.0121459960938 281.8656005859375 0.63710946 1.7377601 0.66693306 4.6945777 1.9568511 13.968485 -3.1356592178344727 0.10104434937238693
Cyclist 0.0 0 -1.994738221168518 0.0 178.19784545898438 69.57015991210938 263.029541015625 1.8281965 1.6238981 0.6999634 -11.741786 1.581463 14.24758 -2.6840174198150635 0.2497948855161667
Cyclist 0.0 0 -2.373683452606201 0.0 160.32037353515625 110.75103759765625 300.96649169921875 1.1439325 1.7898177 0.5773287 -7.337523 1.5346944 9.338058 -3.039684295654297 0.13740374147891998
Cyclist 0.0 0 1.5704107284545898 968.89501953125 138.9700469970703 1011.14111328125 256.678955078125 1.5774807 1.7898337 0.57096606 6.252457 1.1600059 11.575821 2.065645217895508 0.13637305796146393
Cyclist 0.0 0 -2.4715912342071533 1139.4273681640625 161.61734008789062 1224.0 262.6795654296875 1.4336061 1.6292515 0.5752176 10.062035 1.3264928 12.15447 -1.780099868774414 0.13126374781131744
Car 0.0 0 1.7150051593780518 52.24043273925781 190.3538360595703 123.67720794677734 234.97006225585938 3.8496432 1.4607227 1.5926956 -19.03568 1.8553998 26.133183 1.0854651927947998 0.11267124116420746
