Cyclist 0.0 0 -2.1428303718566895 881.4356079101562 163.64080810546875 962.1823120117188 260.3263854980469 1.8777555 1.7725859 0.51532894 6.0347576 1.6040337 14.19451 -1.7408349514007568 0.3702027201652527
Car 0.0 0 1.43418288230896 677.1253051757812 176.4302520751953 750.3125 230.3730010986328 4.0989957 1.4599155 1.622296 2.9903922 1.5787305 21.846857 1.570217251777649 0.8960301876068115
Car 0.0 0 1.9538863897323608 172.29718017578125 172.2133331298828 443.6588134765625 338.712646484375 3.7401257 1.5250459 1.580186 -3.2599604 1.5195355 8.48895 1.5872278213500977 0.8904895782470703
Car 0.0 0 1.781053066253662 429.1573486328125 172.12867736816406 521.9566040039062 240.8339080810547 3.3827517 1.4858524 1.5091332 -3.1686301 1.470524 17.314297 1.6000494956970215 0.8492439389228821
Car 0.0 0 1.2371822595596313 750.4840698242188 188.02284240722656 1062.489013671875 375.0 4.271511 1.4599301 1.6537476 2.728171 1.6712136 7.893916 1.56993567943573 0.8399927616119385
Car 0.0 0 -0.8314310312271118 0.0 187.51986694335938 319.7930908203125 375.0 3.8055027 1.432181 1.5525472 -2.9542015 1.53895 3.3203816 -1.5585360527038574 0.6623585224151611
Car 0.0 0 -1.6095103025436401 652.6246337890625 172.27401733398438 683.2091674804688 199.7086181640625 3.6250896 1.5283118 1.6287416 3.3011296 1.4963604 42.035698 -1.531139612197876 0.600242555141449
Car 0.0 0 1.6252540349960327 489.87744140625 174.3089141845703 544.3453369140625 221.28591918945312 4.0819087 1.4443755 1.604752 -3.1081254 1.4981716 24.405174 1.498580813407898 0.5039917230606079
Car 0.0 0 1.9420068264007568 563.3153076171875 170.8763427734375 598.6058959960938 190.26388549804688 3.8476336 1.5461707 1.6305656 -2.3852272 1.3888081 59.62482 1.902024269104004 0.4610767960548401
Car 0.0 0 -2.593183994293213 950.751708984375 198.795166015625 1242.0 375.0 4.0780716 1.4350259 1.6143175 3.019856 1.5971465 2.3765137 -1.6891282796859741 0.36733976006507874
