Pedestrian 0.0 0 1.5749061107635498 639.0664672851562 165.21417236328125 653.8240966796875 207.85281372070312 0.9786256 1.8099071 0.6259501 1.532622 1.4859729 31.130077 1.6240992546081543 0.2769674062728882
Pedestrian 0.0 0 -1.918703317642212 1189.13037109375 172.5452117919922 1242.0 288.19036865234375 0.90921396 1.6276973 0.5625025 9.045122 1.6237088 10.676861 -1.2158541679382324 0.2430424690246582
Pedestrian 0.0 0 1.762798547744751 372.0910949707031 177.07290649414062 419.4305419921875 264.21795654296875 1.719498 1.7262286 0.6470529 -4.554172 1.8210359 15.263145 1.47283136844635 0.1874150037765503
Pedestrian 0.0 0 1.174269199371338 1153.18603515625 147.92349243164062 1242.0 335.2991027832031 0.72431445 1.764177 0.6550623 5.9327893 1.5298094 7.231475 1.8613331317901611 0.17614711821079254
Cyclist 0.0 0 1.7559940814971924 372.5765075683594 176.815673828125 418.7912292480469 263.64739990234375 1.7098783 1.7204471 0.6362026 -4.55499 1.8094455 15.257677 1.4658794403076172 0.6506276726722717
Cyclist 0.0 0 -1.5617141723632812 742.2706909179688 174.16754150390625 752.8941040039062 216.75262451171875 1.6875218 1.6945972 0.41616875 5.6146393 1.7504838 29.631258 -1.3744505643844604 0.18223071098327637
Cyclist 0.0 0 -1.9001152515411377 1181.23388671875 167.25787353515625 1242.0 285.1648864746094 1.4058179 1.6455936 0.49154165 9.07394 1.5678478 10.811788 -1.2018873691558838 0.15329110622406006
Cyclist 0.0 0 -1.3123995065689087 91.99420166015625 127.89086151123047 165.912353515625 255.97900390625 1.6476406 1.7592157 0.5162833 -7.191324 1.1420312 10.770161 -1.901122808456421 0.14267362654209137
Cyclist 0.0 0 1.557796597480774 639.0298461914062 165.00938415527344 653.9130249023438 208.1036834716797 1.0876949 1.8250767 0.624567 1.5260656 1.4932096 31.109673 1.6068116426467896 0.14260736107826233
Cyclist 0.0 0 2.0270919799804688 1169.9285888671875 106.93980407714844 1242.0 216.8922119140625 1.4401895 1.832529 0.6264281 10.509149 0.7343237 12.602118 2.7221758365631104 0.14233942329883575
Car 0.0 0 -1.9279720783233643 762.4769897460938 176.54779052734375 1058.2353515625 365.9427490234375 3.3542035 1.4332055 1.5290898 2.6041641 1.4791039 7.208086 -1.5812804698944092 0.9106515645980835
Car 0.0 0 1.9610135555267334 76.8138656616211 186.3511505126953 408.07257080078125 369.1577453613281 4.4665346 1.4599159 1.6969429 -3.7933977 1.6589507 8.355921 1.5348570346832275 0.8638132810592651
Car 0.0 0 -1.6586403846740723 673.4609375 176.4950408935547 755.9656372070312 244.73585510253906 3.7698467 1.4701464 1.6412591 2.4056184 1.5693755 17.668531 -1.5233197212219238 0.8407194018363953
Car 0.0 0 3.3374180793762207 355.5433654785156 171.95999145507812 486.1018371582031 225.0493927001953 4.113291 1.7641885 1.7067074 -6.498174 1.7348384 24.94745 3.0826056003570557 0.7273175120353699
Car 0.0 0 1.5609354972839355 539.8234252929688 177.36724853515625 558.381103515625 196.06179809570312 3.4304347 1.5357555 1.5431914 -5.2658 1.9345267 61.911682 1.4760862588882446 0.15213589370250702
