Pedestrian 0.0 0 1.3294742107391357 738.7545166015625 166.35472106933594 774.4019775390625 243.86204528808594 0.8026781 1.72669 0.61953014 3.4993894 1.3905051 16.411102 1.5395609140396118 0.6999749541282654
Pedestrian 0.0 0 2.0312867164611816 721.8518676757812 167.1186065673828 757.2310180664062 234.95225524902344 0.76793593 1.7261103 0.63383305 3.5803146 1.3613373 18.773743 2.2197325229644775 0.6084926724433899
Pedestrian 0.0 0 1.4467246532440186 648.1638793945312 169.10801696777344 678.8565063476562 235.78016662597656 0.9339954 1.7838551 0.72560674 1.661693 1.4534631 19.697992 1.5308839082717896 0.5732329487800598
Pedestrian 0.0 0 -1.4470319747924805 192.59829711914062 170.51205444335938 262.4302978515625 329.22296142578125 0.9035239 1.6346631 0.57945246 -4.147099 1.5228552 7.920671 -1.929364562034607 0.5542102456092834
Pedestrian 0.0 0 2.4136619567871094 780.558837890625 141.0938262939453 837.09521484375 242.57077026367188 0.81224996 1.818296 0.6023706 3.8013084 1.0955561 13.316559 2.6917240619659424 0.48474448919296265
Pedestrian 0.0 0 1.7805243730545044 803.0236206054688 141.07032775878906 844.3047485351562 231.22410583496094 0.99111074 1.8418131 0.648177 4.693163 1.0170879 15.263368 2.0788283348083496 0.46768972277641296
Pedestrian 0.0 0 -2.9255740642547607 711.186279296875 164.77191162109375 735.4373168945312 208.18185424804688 0.85698014 1.7282933 0.60700065 4.9118366 1.0632963 29.038477 -2.7580108642578125 0.41683900356292725
Pedestrian 0.0 0 -2.194751501083374 587.33984375 165.5314483642578 673.3297729492188 323.6990051269531 0.78333306 1.6939185 0.6414552 0.2731663 1.5242598 8.19442 -2.161428213119507 0.3587040305137634
Pedestrian 0.0 0 -1.3742413520812988 0.0 151.69406127929688 45.137229919433594 258.879638671875 0.8841886 1.7305917 0.6162786 -9.916312 1.2506449 12.130455 -2.0595457553863525 0.3371679186820984
Pedestrian 0.0 0 -0.30428141355514526 712.80224609375 165.34469604492188 750.2288818359375 230.82952880859375 0.86523545 1.761245 0.6073717 3.5255084 1.3279021 19.67336 -0.12696142494678497 0.3100559115409851
Pedestrian 0.0 0 -0.017742931842803955 0.0 176.3577423095703 133.9228973388672 374.0 0.6493105 1.5838287 0.5815875 -2.4941344 1.5662221 3.0900292 -0.6968318223953247 0.27321040630340576
Pedestrian 0.0 0 -2.2080066204071045 183.0695037841797 154.65597534179688 234.7902069091797 239.02098083496094 0.7927493 1.7858891 0.6444825 -8.5917425 1.2188699 15.662092 -2.7097506523132324 0.2707565724849701
Pedestrian 0.0 0 -0.8716752529144287 4.182633399963379 174.61061096191406 157.17494201660156 310.4198303222656 1.6080807 1.5430086 0.6726757 -6.4799595 1.466085 8.985611 -1.4964542388916016 0.1446399837732315
Pedestrian 0.0 0 -0.014973986893892288 589.46435546875 173.40359497070312 622.9581298828125 208.14382934570312 1.7438521 1.8081993 0.51555455 0.24129713 1.3876429 37.651337 -0.008565347641706467 0.13199372589588165
Pedestrian 0.0 0 -1.5885735750198364 333.25494384765625 192.7783203125 362.8658447265625 265.9915771484375 1.7278799 1.658599 0.64262825 -6.2138805 1.9486773 17.47623 -1.930194616317749 0.1262073814868927
Cyclist 0.0 0 1.6734421253204346 413.1016540527344 170.79156494140625 459.0889587402344 273.5802001953125 1.7750926 1.7381642 0.64082634 -3.0190477 1.558367 13.064944 1.4463481903076172 0.8801403641700745
Cyclist 0.0 0 1.941999912261963 327.7398681640625 167.27679443359375 432.0096740722656 329.20147705078125 1.677948 1.6561308 0.5687758 -2.519166 1.5120236 8.201886 1.6440012454986572 0.6828051209449768
Cyclist 0.0 0 -1.5885735750198364 333.25494384765625 192.7783203125 362.8658447265625 265.9915771484375 1.7278799 1.658599 0.64262825 -6.2138805 1.9486773 17.47623 -1.930194616317749 0.4286162853240967
Cyclist 0.0 0 -0.9149975776672363 0.0 166.7202911376953 152.7612762451172 304.4212951660156 1.7012212 1.538419 0.7167079 -6.499271 1.3746506 8.881736 -1.5467205047607422 0.42621228098869324
Cyclist 0.0 0 -3.1132991313934326 589.5403442382812 173.5242919921875 622.535888671875 208.35128784179688 1.7158601 1.8112326 0.5287036 0.24171646 1.3972988 37.649513 -3.1068789958953857 0.4099673330783844
Cyclist 0.0 0 -1.4516050815582275 192.35964965820312 170.4220428466797 261.1590881347656 330.584228515625 0.9367066 1.6416978 0.5670803 -4.143908 1.5295106 7.8990817 -1.9347434043884277 0.25569048523902893
Cyclist 0.0 0 1.7881051301956177 802.3446655273438 147.17172241210938 844.421875 237.49136352539062 1.2138801 1.8293319 0.6074326 4.678241 1.1352903 15.2243185 2.0862340927124023 0.1703149378299713
Cyclist 0.0 0 -2.051917791366577 710.8054809570312 165.09445190429688 735.35595703125 208.44427490234375 0.9520211 1.7204539 0.6058189 4.896752 1.070361 29.052746 -1.8849401473999023 0.13450850546360016
Cyclist 0.0 0 -1.8213491439819336 738.4345092773438 166.1608428955078 774.4705810546875 244.479248046875 0.8482043 1.74006 0.60979486 3.4920523 1.4004766 16.393333 -1.6114695072174072 0.11946137249469757
Car 0.0 0 1.6898540258407593 483.7367248535156 172.93264770507812 523.4857788085938 206.38694763183594 4.3735375 1.8021181 1.7353868 -5.508465 1.3414438 40.892117 1.555952787399292 0.708952009677887
