Cyclist 0.0 0 -1.0733903646469116 377.19366455078125 182.93357849121094 415.0957336425781 234.438720703125 1.6244359 1.7030839 0.5555179 -7.4479938 2.065202 25.041441 -1.3624846935272217 0.3949906826019287
Car 0.0 0 -0.38747942447662354 706.0728149414062 180.23086547851562 884.2489013671875 247.1505889892578 3.7042704 1.4426394 1.5717784 4.204581 1.6256602 16.82258 -0.14256028831005096 0.8436927795410156
Car 0.0 0 -0.7462583184242249 893.9661254882812 177.32054138183594 1242.0 375.0 3.7855332 1.5161929 1.6173067 4.519221 1.5599867 6.0167427 -0.10204877704381943 0.830336332321167
Car 0.0 0 3.4798479080200195 184.65066528320312 178.80870056152344 384.059814453125 244.01071166992188 4.16442 1.5000154 1.6573662 -7.934519 1.6552999 17.774223 3.0599868297576904 0.8063317537307739
Car 0.0 0 0.5657303333282471 5.895989894866943 183.23291015625 300.98046875 274.84259033203125 4.134492 1.4713954 1.6282723 -7.866423 1.6650449 12.604606 0.007784843444824219 0.7701016068458557
Car 0.0 0 3.778292179107666 0.0 186.15707397460938 226.26515197753906 308.8868713378906 3.8519795 1.4951342 1.6142855 -7.6402698 1.6924393 9.825833 3.1173787117004395 0.7693591713905334
Car 0.0 0 0.7867124676704407 0.0 192.05174255371094 101.87286376953125 355.22314453125 3.8814359 1.4107157 1.5625659 -7.6774473 1.626545 7.263429 -0.026389088481664658 0.6193890571594238
Car 0.0 0 -1.767914056777954 459.0648498535156 178.05596923828125 489.6864318847656 198.56707763671875 3.7777658 1.4853448 1.5940921 -10.459095 1.8994659 55.338287 -1.9547134637832642 0.5431151986122131
Car 0.0 0 0.39476442337036133 257.2013854980469 171.05062866210938 393.42431640625 222.9897003173828 3.6760728 1.5861424 1.6294907 -9.002237 1.5314283 22.883215 0.01996135711669922 0.5076727271080017
Car 0.0 0 0.27290108799934387 290.47906494140625 172.7413787841797 413.7711486816406 219.16049194335938 3.7763896 1.5675267 1.6134137 -9.006916 1.5640818 25.298082 -0.06913692504167557 0.45158326625823975
Car 0.0 0 -0.4131830930709839 680.4064331054688 179.451416015625 841.3678588867188 239.23023986816406 3.903346 1.4807658 1.6113904 3.9530494 1.6688606 19.331997 -0.21148143708705902 0.4406574070453644
