Pedestrian 0.0 0 3.6051154136657715 153.11599731445312 142.2020263671875 201.2861785888672 222.2129669189453 0.7619949 1.82858 0.63299304 -10.136457 1.1284142 16.832766 3.0630900859832764 0.26328209042549133
Pedestrian 0.0 0 -0.8799372911453247 821.231689453125 167.41981506347656 852.261962890625 226.5033721923828 0.71351856 1.7664186 0.5821582 6.8694143 1.6043109 22.007652 -0.5773826837539673 0.23135489225387573
Pedestrian 0.0 0 -2.3734400272369385 277.53887939453125 173.97625732421875 308.6710205078125 230.0574493408203 0.69701284 1.7527494 0.58412427 -10.126862 1.7894338 22.958294 -2.7888665199279785 0.17326587438583374
Pedestrian 0.0 0 -1.5274004936218262 344.20489501953125 186.77687072753906 372.35711669921875 257.45367431640625 0.8246738 1.686013 0.62600356 -6.2803288 2.0409274 17.886354 -1.8650763034820557 0.16797874867916107
Pedestrian 0.0 0 2.5066370964050293 937.3905029296875 152.8521728515625 984.7890625 232.30137634277344 0.77022326 1.8196174 0.6378152 8.170446 1.3618758 16.9068 2.9568064212799072 0.14057695865631104
Pedestrian 0.0 0 0.7833889722824097 334.71649169921875 167.57992553710938 362.4612731933594 216.1101837158203 0.7521784 1.7740918 0.61859834 -9.75637 1.581649 26.81294 0.43441343307495117 0.11266539245843887
Pedestrian 0.0 0 1.033529281616211 62.54077911376953 132.07313537597656 133.57606506347656 249.62611389160156 0.7302912 1.7971166 0.6360122 -8.182896 1.174028 11.465881 0.41368532180786133 0.10842671245336533
Pedestrian 0.0 0 1.2947508096694946 840.8833618164062 139.47264099121094 876.8692016601562 211.51080322265625 1.065842 1.8674054 0.6383792 6.579117 1.002437 19.250437 1.624070167541504 0.10734312981367111
Pedestrian 0.0 0 -3.2189736366271973 743.8587646484375 146.97776794433594 777.3931884765625 222.71664428710938 0.76495403 1.838291 0.62355244 3.6732326 1.2105958 17.867167 -3.0162131786346436 0.10445929318666458
Car 0.0 0 1.77615487575531 559.7335205078125 177.2568817138672 597.5836791992188 201.43246459960938 4.1806235 1.4721699 1.6425085 -2.0192018 1.7723156 46.930527 1.7331560850143433 0.2842004895210266
