Pedestrian 0.0 0 0.13313032686710358 439.5403137207031 160.3610382080078 483.712890625 237.62364196777344 0.99077594 1.8681659 0.67095137 -3.5676842 1.3828174 17.459633 -0.06843385100364685 0.3598453998565674
Pedestrian 0.0 0 2.12671160697937 714.8023681640625 128.8503875732422 761.9830932617188 225.95594787597656 0.77940416 1.8533831 0.59663725 2.5988154 0.8692186 13.978901 2.31052303314209 0.30046015977859497
Pedestrian 0.0 0 -1.8273184299468994 790.613525390625 120.6590347290039 857.9158935546875 257.2200012207031 1.1149495 1.8292477 0.6435123 3.0390687 1.0293438 10.0351715 -1.5332565307617188 0.27375903725624084
Pedestrian 0.0 0 -1.0686581134796143 398.12469482421875 179.6293182373047 418.3807678222656 216.5867156982422 0.7480607 1.751197 0.65896577 -9.457205 1.7113875 33.937374 -1.340429663658142 0.27202215790748596
Pedestrian 0.0 0 1.151646614074707 698.4006958007812 127.29041290283203 738.2066040039062 216.45143127441406 0.7671281 1.8747727 0.5877994 2.4051821 0.75756556 15.308857 1.307483196258545 0.20498985052108765
Pedestrian 0.0 0 1.6341629028320312 413.4715576171875 171.9417266845703 429.7976989746094 216.1046142578125 0.7664289 1.787288 0.6034713 -7.5510135 1.4424236 29.04309 1.3798010349273682 0.18446135520935059
Pedestrian 0.0 0 -0.9728093147277832 763.3711547851562 134.15283203125 822.7333984375 252.3983612060547 0.7155487 1.8155556 0.6256486 2.9668286 1.1055946 11.32201 -0.7165306806564331 0.17561572790145874
Pedestrian 0.0 0 3.010460138320923 657.5974731445312 138.77098083496094 684.6036376953125 202.14732360839844 0.7262482 1.8707447 0.6483953 1.9439714 0.6405513 21.204084 3.10188364982605 0.17344188690185547
Pedestrian 0.0 0 2.708284616470337 746.8584594726562 127.20963287353516 804.4313354492188 235.39353942871094 0.78196484 1.8325202 0.6373241 2.930767 0.9314865 12.3618355 2.941068649291992 0.1691148579120636
Pedestrian 0.0 0 -0.6742986440658569 375.5721740722656 158.20755004882812 392.5356140136719 195.541259765625 0.53448474 1.927044 0.68502784 -11.545743 0.7777996 36.903652 -0.9775130748748779 0.16790951788425446
Pedestrian 0.0 0 1.336381196975708 624.5292358398438 148.57302856445312 646.1385498046875 200.1182861328125 0.9600827 1.9225343 0.61319214 1.122312 0.73323566 26.896418 1.3780841827392578 0.15153568983078003
Cyclist 0.0 0 -1.8273184299468994 790.613525390625 120.6590347290039 857.9158935546875 257.2200012207031 1.1149495 1.8292477 0.6435123 3.0390687 1.0293438 10.0351715 -1.5332565307617188 0.1796608865261078
Cyclist 0.0 0 -1.9463465213775635 1074.814453125 78.21660614013672 1224.0 370.0 1.6171635 1.7111756 0.5104298 3.6580322 1.1539819 4.706345 -1.2856289148330688 0.16243086755275726
Cyclist 0.0 0 0.12805676460266113 437.6011962890625 160.65765380859375 482.1049499511719 238.3367156982422 0.99888813 1.8766595 0.68703115 -3.61052 1.3988857 17.457119 -0.07588992267847061 0.11033650487661362
Car 0.0 0 -1.6524301767349243 550.5501098632812 165.24325561523438 592.3582763671875 202.98568725585938 4.1732583 1.719592 1.6829776 -1.7054448 1.0259346 34.387848 -1.70198392868042 0.6222659349441528
Car 0.0 0 1.4494272470474243 537.2991333007812 171.26995849609375 575.9097290039062 201.74180603027344 3.9670396 1.6001 1.6591288 -2.7437282 1.1168364 39.227726 1.3795974254608154 0.3263402581214905
