Pedestrian 0.0 0 0.5582802295684814 340.29193115234375 159.6338653564453 438.3103942871094 304.6535339355469 1.0030788 1.7385976 0.62413126 -2.7539234 1.4901209 8.901424 0.2582402229309082 0.6417563557624817
Pedestrian 0.0 0 -1.6934367418289185 838.8305053710938 173.4728240966797 869.6643676757812 243.9519500732422 0.7778183 1.735029 0.64131165 6.2468214 1.5636339 17.849045 -1.3567790985107422 0.2240636944770813
Pedestrian 0.0 0 -1.609799861907959 832.6471557617188 190.97874450683594 871.393310546875 278.7353820800781 0.6764872 1.6897789 0.7025738 4.8868246 1.9072909 14.136487 -1.2769709825515747 0.15832512080669403
Pedestrian 0.0 0 2.779524087905884 641.365234375 172.7486114501953 702.8365478515625 271.55810546875 0.96577513 1.7589104 0.6272223 1.1843611 1.6225703 13.01277 2.8702893257141113 0.12698979675769806
Pedestrian 0.0 0 1.6236944198608398 760.2595825195312 138.4707794189453 800.572265625 247.7857208251953 0.9225664 1.8492785 0.6467324 3.0659616 1.1399194 12.491281 1.864384412765503 0.1248246505856514
Pedestrian 0.0 0 0.5619838833808899 1128.3780517578125 143.7112579345703 1203.957763671875 255.80572509765625 0.7422469 1.7522075 0.62923205 9.074408 1.1788002 11.502227 1.229935884475708 0.1176532655954361
Pedestrian 0.0 0 -2.0505685806274414 1113.9755859375 186.33985900878906 1224.0 370.0 0.66878086 1.6679116 0.67103314 4.314602 1.7167352 5.304387 -1.367708683013916 0.11243128776550293
Cyclist 0.0 0 -2.4246175289154053 1139.608642578125 161.73855590820312 1224.0 263.405517578125 1.5582299 1.6292665 0.55447996 10.084937 1.3302588 12.139277 -1.7313945293426514 0.12378616631031036
Cyclist 0.0 0 0.9713519811630249 0.0 166.2318878173828 83.9283218383789 252.42510986328125 1.7715353 1.6661884 0.6721822 -11.534169 1.3920063 14.238609 0.29050517082214355 0.1209283322095871
Cyclist 0.0 0 3.64680814743042 38.18840408325195 192.1016845703125 105.92699432373047 254.54750061035156 1.4106153 1.7454078 0.668456 -15.354219 2.0879881 20.347515 3.0003700256347656 0.11309881508350372
Car 0.0 0 1.7989853620529175 49.93017578125 185.3856964111328 130.70790100097656 229.06997680664062 3.957913 1.4652597 1.5730655 -19.06411 1.6633396 26.315567 1.1720428466796875 0.19263790547847748
Car 0.0 0 1.878668189048767 485.7247314453125 145.79537963867188 581.287353515625 206.84286499023438 4.138296 1.6368831 1.6588281 -2.0471716 0.70792127 21.150444 1.7821778059005737 0.13100798428058624
Car 0.0 0 -1.329925775527954 292.37957763671875 193.97268676757812 382.06170654296875 251.33970642089844 3.6216404 1.4142158 1.5716934 -7.567736 1.8368554 20.203247 -1.6883283853530884 0.10989651829004288
