Pedestrian 0.0 0 -1.8685691356658936 1059.5545654296875 101.57483673095703 1167.9210205078125 276.0908203125 1.7790738 1.7791471 0.50344145 5.656486 1.0528318 8.277308 -1.2690898180007935 0.10932622104883194
Cyclist 0.0 0 -1.5804808139801025 519.7649536132812 174.83041381835938 529.5230712890625 207.10638427734375 1.9890507 1.8015821 0.53394836 -4.9409056 1.918193 41.4176 -1.6992145776748657 0.46058645844459534
Cyclist 0.0 0 -1.8685691356658936 1059.5545654296875 101.57483673095703 1167.9210205078125 276.0908203125 1.7790738 1.7791471 0.50344145 5.656486 1.0528318 8.277308 -1.2690898180007935 0.398742139339447
Car 0.0 0 -1.7381761074066162 690.7786865234375 161.8094024658203 796.5894165039062 246.1967315673828 4.0878835 1.677574 1.659041 2.8369257 1.4583714 16.388298 -1.5667680501937866 0.7806660532951355
Car 0.0 0 1.589504361152649 460.93475341796875 178.40167236328125 497.4781494140625 213.00692749023438 3.5453951 1.4570757 1.5505521 -5.960007 1.7244581 32.852825 1.4100408554077148 0.6682342886924744
Car 0.0 0 -1.7391963005065918 637.7032470703125 171.61715698242188 687.5733032226562 209.8441925048828 3.3966355 1.5271019 1.5496581 2.1347396 1.4780505 30.58782 -1.6695188283920288 0.6551335453987122
Car 0.0 0 -1.743477463722229 572.9943237304688 178.29954528808594 605.1043701171875 201.33377075195312 3.639944 1.4842416 1.5872345 -1.498869 1.8717445 49.35164 -1.7738393545150757 0.6138483881950378
Car 0.0 0 1.428472876548767 675.7803344726562 173.92559814453125 746.8135986328125 228.3487548828125 3.6844354 1.4703846 1.5573823 2.869546 1.5052955 21.413551 1.56168532371521 0.5586116313934326
Car 0.0 0 -1.7657415866851807 548.5070190429688 177.7707061767578 576.3678588867188 196.68936157226562 3.7871628 1.4807658 1.5863847 -3.9813445 1.9008837 59.563824 -1.8324840068817139 0.501170814037323
Car 0.0 0 -1.652991533279419 612.3241577148438 172.7339324951172 646.5996704101562 204.22018432617188 3.1249576 1.5502409 1.5038444 0.92824835 1.5446874 37.125427 -1.6279937028884888 0.418226420879364
