Pedestrian 0.0 0 1.3532774448394775 723.7594604492188 177.2015380859375 740.184326171875 213.47332763671875 0.74209476 1.7501088 0.6461582 5.9239273 1.9654591 35.29125 1.5195852518081665 0.48730066418647766
Pedestrian 0.0 0 -2.3438987731933594 1171.3873291015625 192.67074584960938 1240.1309814453125 287.2474365234375 0.71049196 1.7036985 0.6962971 11.114595 2.0865302 13.539565 -1.6565446853637695 0.4835420250892639
Pedestrian 0.0 0 2.120837688446045 869.6117553710938 166.0066680908203 907.43115234375 221.2470245361328 1.184059 1.7801245 0.6443165 9.170553 1.5598271 23.864681 2.48771333694458 0.377877801656723
Cyclist 0.0 0 2.2338359355926514 865.331787109375 165.03131103515625 909.7803344726562 221.56605529785156 1.4337453 1.8211995 0.62396723 9.1441 1.5695589 23.877808 2.5995616912841797 0.3032912015914917
Cyclist 0.0 0 -2.199411392211914 1164.6397705078125 163.25218200683594 1242.0 255.26661682128906 1.7686331 1.7331285 0.47138616 11.956563 1.5526322 14.484827 -1.5093412399291992 0.2499699592590332
Car 0.0 0 2.1174256801605225 36.55248260498047 188.59263610839844 189.11111450195312 253.18260192871094 4.092681 1.5553806 1.6682304 -13.937045 2.0479267 20.475391 1.5197889804840088 0.8329750895500183
Car 0.0 0 1.8964132070541382 348.10198974609375 181.39666748046875 399.4190673828125 209.30575561523438 4.164251 1.5296783 1.6552645 -14.011405 2.0629027 42.914276 1.5808274745941162 0.6270977258682251
Car 0.0 0 2.0878427028656006 15.396838188171387 190.32025146484375 143.73980712890625 244.8164520263672 3.9041412 1.4972022 1.588214 -16.886078 2.1071506 23.150436 1.45765221118927 0.5097686052322388
Car 0.0 0 -1.0216039419174194 939.4691162109375 178.61990356445312 1104.447509765625 248.49977111816406 4.13548 1.5578746 1.687455 10.32007 1.7168231 18.106312 -0.5035574436187744 0.2812550663948059
Car 0.0 0 2.224407434463501 0.0 180.9593963623047 71.6045913696289 227.63043212890625 3.55606 1.5028496 1.5494143 -21.250093 1.8118353 25.664923 1.532835602760315 0.2285143882036209
