Pedestrian 0.0 0 -0.5140951871871948 667.6123046875 177.20944213867188 701.2111206054688 230.3802947998047 0.9150955 1.7803936 0.69839776 2.8087928 1.6378081 24.550255 -0.40018054842948914 0.7219099402427673
Pedestrian 0.0 0 1.5398691892623901 985.6608276367188 155.9689178466797 1067.70166015625 343.3475036621094 0.9303816 1.7652369 0.6811067 4.2643065 1.5260907 7.3357763 2.066427230834961 0.5643969774246216
Pedestrian 0.0 0 1.8575942516326904 378.0476989746094 166.8504638671875 427.8599548339844 271.2850036621094 0.733653 1.6937498 0.62371373 -3.3513596 1.4574507 12.018972 1.5856623649597168 0.5634456276893616
Pedestrian 0.0 0 -0.7317074537277222 511.1993103027344 176.59535217285156 542.8102416992188 234.76182556152344 0.6885401 1.664081 0.6099435 -2.2050736 1.5249048 21.00809 -0.8362876176834106 0.5618751049041748
Pedestrian 0.0 0 1.7976049184799194 624.8128662109375 173.9772186279297 644.2884521484375 218.361572265625 0.8689081 1.7676411 0.60987735 1.3291042 1.4690447 29.106121 1.843237280845642 0.49700963497161865
Pedestrian 0.0 0 -2.5083847045898438 411.52435302734375 168.55845642089844 450.8155517578125 240.2239990234375 0.7498156 1.7716655 0.6151402 -4.3403835 1.4529216 18.184595 -2.742685556411743 0.3638891577720642
Pedestrian 0.0 0 -0.18069025874137878 568.266357421875 176.13766479492188 597.8564453125 224.32052612304688 1.0254694 1.8155253 0.6834699 -0.7279999 1.6145029 27.504055 -0.20715290307998657 0.340729683637619
Pedestrian 0.0 0 1.837842583656311 585.2427368164062 183.77857971191406 604.7869262695312 225.56069946289062 0.8435074 1.744149 0.631522 -0.28370684 1.8434943 30.524786 1.828548550605774 0.3169279098510742
Pedestrian 0.0 0 0.2701522707939148 342.6605529785156 189.150634765625 391.390380859375 275.7799377441406 0.75497925 1.6658033 0.72692204 -4.6797457 1.8229852 14.258261 -0.04698287323117256 0.2979787290096283
Pedestrian 0.0 0 -1.833735466003418 652.226806640625 172.1768035888672 664.3072509765625 201.05081176757812 0.7073655 1.7819914 0.58541 3.5420904 1.207336 44.731495 -1.7547147274017334 0.2370273917913437
Pedestrian 0.0 0 1.5839998722076416 710.1646118164062 167.21192932128906 720.0940551757812 198.23788452148438 0.76350653 1.8308611 0.57536143 6.781277 0.98848236 42.811806 1.7410920858383179 0.2016683965921402
Pedestrian 0.0 0 2.437889337539673 193.99180603027344 110.86302947998047 378.56573486328125 323.21881103515625 1.5704724 1.7826962 0.65107685 -2.995501 1.1910961 6.876046 2.02703857421875 0.15725626051425934
Cyclist 0.0 0 -1.8640011548995972 1035.0296630859375 174.8906707763672 1141.684326171875 336.3542175292969 1.8614113 1.7024627 0.51580435 5.669548 1.6341352 8.536998 -1.2777671813964844 0.4699854552745819
Cyclist 0.0 0 3.162867546081543 196.85955810546875 113.82548522949219 382.4527587890625 314.0079650878906 1.5636274 1.7546151 0.6503271 -2.9966047 1.1628252 6.8909802 2.752676010131836 0.24206151068210602
Cyclist 0.0 0 -0.2512109875679016 656.4465942382812 173.6569061279297 686.1143798828125 206.79208374023438 1.5173275 1.8075941 0.6366664 3.8459847 1.3805608 39.615334 -0.1544310450553894 0.2317051738500595
Cyclist 0.0 0 -1.4909772872924805 413.3923034667969 169.31021118164062 442.4526062011719 242.3025360107422 1.0004712 1.7973245 0.64191073 -4.4262314 1.4983588 18.22988 -1.7291688919067383 0.19677473604679108
Cyclist 0.0 0 -0.2701602876186371 564.829833984375 176.4647979736328 597.3773803710938 224.80638122558594 1.1033868 1.8184088 0.68108755 -0.80199766 1.6300362 27.506235 -0.2993089556694031 0.1442783623933792
Cyclist 0.0 0 -2.8154313564300537 335.2776794433594 190.63931274414062 390.98095703125 277.3895263671875 0.8483549 1.6671783 0.7771571 -4.760538 1.855038 14.274984 -3.1373212337493896 0.13190044462680817
Car 0.0 0 -1.7644654512405396 736.3934326171875 132.83877563476562 896.0125122070312 255.5233917236328 3.6348605 1.5862105 1.6350142 3.0853949 0.95839286 11.15917 -1.4947148561477661 0.26148924231529236
