Pedestrian 0.0 0 1.7354352474212646 546.7362060546875 167.1280517578125 573.3802490234375 228.88385009765625 0.8811982 1.8028663 0.6604934 -1.2562509 1.3844327 21.441177 1.6769115924835205 0.7241038680076599
Pedestrian 0.0 0 -0.7111700773239136 604.6729125976562 168.39881896972656 684.2974243164062 301.4410095214844 0.8423692 1.6585691 0.62657005 0.5214476 1.4965806 9.457675 -0.6560909748077393 0.7120309472084045
Pedestrian 0.0 0 -1.7970688343048096 510.5824890136719 167.71218872070312 536.4536743164062 224.8824005126953 0.8887377 1.7942035 0.6410503 -2.534103 1.3625998 23.066427 -1.9064911603927612 0.604668378829956
Pedestrian 0.0 0 -1.8621163368225098 991.577392578125 134.63226318359375 1109.007568359375 357.3036804199219 0.77520466 1.710872 0.6248257 3.6443734 1.3521646 5.9708514 -1.3141133785247803 0.5755255818367004
Pedestrian 0.0 0 2.737844944000244 581.0015869140625 164.99171447753906 611.4576416015625 225.91697692871094 0.73326415 1.7701567 0.57862705 -0.18550782 1.2916509 21.28032 2.729127883911133 0.5623201131820679
Pedestrian 0.0 0 -1.7135423421859741 913.1896362304688 115.84434509277344 1017.7958984375 353.27374267578125 0.70491284 1.7240968 0.63181436 2.779962 1.2487383 5.646523 -1.2560482025146484 0.5532628893852234
Pedestrian 0.0 0 -2.7169172763824463 459.3486022949219 169.50778198242188 491.2004699707031 226.10385131835938 0.84257996 1.8264867 0.63973045 -4.1650743 1.4405661 23.593859 -2.8916492462158203 0.5523496270179749
Pedestrian 0.0 0 1.7140434980392456 291.0332336425781 158.05169677734375 374.43310546875 347.15374755859375 0.8471532 1.6805772 0.6357091 -2.5901458 1.4735698 6.863541 1.3531900644302368 0.5361254811286926
Pedestrian 0.0 0 1.2100688219070435 597.5274047851562 170.18809509277344 623.2424926757812 226.215087890625 0.7807078 1.7605319 0.58533484 0.25606057 1.4061854 23.03656 1.2211837768554688 0.4596865177154541
Pedestrian 0.0 0 -1.4126567840576172 570.0599975585938 166.27992248535156 587.853271484375 210.75967407226562 0.8453989 1.7819823 0.59959275 -0.9273254 1.1732246 29.233017 -1.4443680047988892 0.3986334502696991
Pedestrian 0.0 0 1.6186109781265259 573.6458129882812 169.5218505859375 594.4534912109375 227.5201873779297 0.9256592 1.772983 0.608092 -0.563337 1.4079329 22.426178 1.5934966802597046 0.3940509855747223
Pedestrian 0.0 0 -0.7207047939300537 879.4880981445312 138.4691925048828 940.07763671875 246.8583984375 0.6849329 1.7587935 0.636387 5.1288033 1.0618391 12.06303 -0.3186926245689392 0.36522001028060913
Pedestrian 0.0 0 -0.45995327830314636 717.8934326171875 148.15512084960938 758.2666015625 214.56443786621094 0.95892376 1.8440435 0.59567845 3.8389933 0.9192787 20.36031 -0.27358847856521606 0.36040160059928894
Pedestrian 0.0 0 3.1621251106262207 353.6398010253906 185.94671630859375 414.1194152832031 320.9981384277344 0.735493 1.6907971 0.7034592 -2.9013913 1.7534021 9.458431 2.864485502243042 0.3456472158432007
Pedestrian 0.0 0 1.7963749170303345 697.7278442382812 160.44894409179688 719.7047119140625 211.2017059326172 0.86602 1.8032452 0.6109084 3.8711581 1.0563574 26.034384 1.9439873695373535 0.2913634479045868
Pedestrian 0.0 0 -1.264654278755188 623.4667358398438 166.84886169433594 641.6397094726562 208.7674102783203 0.7309088 1.7452837 0.5744376 1.3022671 1.1362634 30.346996 -1.2217680215835571 0.2785266935825348
Pedestrian 0.0 0 -1.8569626808166504 1117.6229248046875 99.53907012939453 1238.0 365.4696044921875 0.99755865 1.8009865 0.623856 4.3766565 1.2473217 5.4422603 -1.1796669960021973 0.27592697739601135
Pedestrian 0.0 0 -0.5716062188148499 0.0 196.27574157714844 148.02548217773438 374.0 0.64836866 1.5820261 0.620663 -2.7718046 1.6631206 3.4644535 -1.2463897466659546 0.2682928144931793
Pedestrian 0.0 0 1.763522744178772 400.86090087890625 158.06454467773438 489.04620361328125 328.7659912109375 1.784214 1.7196558 0.64735293 -1.7649333 1.4849323 8.132629 1.5498178005218506 0.14105920493602753
Pedestrian 0.0 0 0.8998644351959229 797.363525390625 183.49644470214844 1042.094482421875 374.0 1.5685667 1.5801835 0.5325206 1.8533285 1.5965635 4.560501 1.2858647108078003 0.11192549020051956
Cyclist 0.0 0 1.7221158742904663 403.54522705078125 157.66375732421875 484.0585021972656 326.8660583496094 1.7399174 1.6986393 0.63403046 -1.7756661 1.4607118 8.09742 1.5062448978424072 0.7803311944007874
Cyclist 0.0 0 -1.691400408744812 669.23046875 189.37628173828125 709.3076782226562 269.87396240234375 1.9929217 1.6826622 0.65231717 1.917858 1.8725082 16.205162 -1.5735998153686523 0.31672242283821106
Cyclist 0.0 0 0.8998644351959229 797.363525390625 183.49644470214844 1042.094482421875 374.0 1.5685667 1.5801835 0.5325206 1.8533285 1.5965635 4.560501 1.2858647108078003 0.28463214635849
Cyclist 0.0 0 -1.8569626808166504 1117.6229248046875 99.53907012939453 1238.0 365.4696044921875 0.99755865 1.8009865 0.623856 4.3766565 1.2473217 5.4422603 -1.1796669960021973 0.11789561808109283
Cyclist 0.0 0 0.40637892484664917 463.3119812011719 169.11131286621094 498.0979919433594 225.54803466796875 0.95299995 1.8204867 0.6378249 -3.9860806 1.421959 23.591463 0.2389969825744629 0.1120571717619896
Cyclist 0.0 0 -1.8305727243423462 508.9266052246094 168.31396484375 536.1725463867188 225.55657958984375 0.98139143 1.7944778 0.63784033 -2.5684917 1.3822207 23.089085 -1.9413598775863647 0.11103128641843796
Cyclist 0.0 0 -0.37053292989730835 722.6431884765625 149.91380310058594 762.620849609375 215.6914520263672 0.96256924 1.8296387 0.58947116 3.965418 0.9522029 20.353588 -0.1781168133020401 0.11026540398597717
