Pedestrian 0.0 0 1.6378133296966553 399.60284423828125 175.83084106445312 431.8280334472656 261.79132080078125 1.7945896 1.7848501 0.5745467 -4.332788 1.8550109 15.980074 1.373042106628418 0.19149203598499298
Cyclist 0.0 0 1.7579116821289062 435.0109558105469 176.58953857421875 472.84674072265625 253.0504608154297 1.849468 1.8198714 0.60246205 -3.9604166 1.9192684 18.194519 1.5435841083526611 0.8391780853271484
Cyclist 0.0 0 1.6378133296966553 399.60284423828125 175.83084106445312 431.8280334472656 261.79132080078125 1.7945896 1.7848501 0.5745467 -4.332788 1.8550109 15.980074 1.373042106628418 0.8119127154350281
Car 0.0 0 -1.8843320608139038 678.2032470703125 182.3159637451172 819.2145385742188 278.2779541015625 3.2482395 1.4788421 1.5632927 2.3341298 1.6744672 13.171399 -1.7089409828186035 0.9274846315383911
Car 0.0 0 -1.4071316719055176 292.7431335449219 192.12448120117188 397.3529052734375 273.1736145019531 3.531577 1.4629592 1.5827166 -5.7152514 1.9354875 15.796003 -1.7542941570281982 0.8694931268692017
Car 0.0 0 -1.7386188507080078 563.3960571289062 182.5933074951172 612.7296752929688 221.64234924316406 3.516839 1.5806302 1.6129732 -1.0675099 2.0387657 32.02764 -1.771937370300293 0.856152355670929
Car 0.0 0 1.6129720211029053 338.98614501953125 187.365966796875 405.51617431640625 248.80389404296875 4.1440516 1.5018895 1.6504498 -6.8328276 1.9672935 20.901466 1.2970166206359863 0.7582825422286987
Car 0.0 0 0.9540730714797974 870.9029541015625 182.40847778320312 1242.0 375.0 3.607139 1.4743116 1.5391018 2.9488602 1.555788 4.307257 1.5544061660766602 0.7339596152305603
Car 0.0 0 1.4771380424499512 524.2607421875 179.13525390625 549.3052368164062 198.97296142578125 4.0543604 1.4941363 1.6196476 -5.926518 2.0167794 57.84702 1.3750426769256592 0.5708383917808533
Car 0.0 0 -1.800827980041504 620.557373046875 175.93785095214844 707.384521484375 236.26585388183594 3.671668 1.5056726 1.5970873 1.3582776 1.6004368 20.144842 -1.733504295349121 0.5383484959602356
Car 0.0 0 -1.6332327127456665 543.0444946289062 181.3209991455078 574.7500610351562 210.90838623046875 3.6556385 1.6116877 1.6221174 -3.0689142 2.1312246 42.32025 -1.7056224346160889 0.42145273089408875
