Pedestrian 0.0 0 -1.097076654434204 826.5603637695312 173.345703125 861.827880859375 242.00909423828125 0.73828137 1.7384254 0.6020433 6.0381384 1.7518828 18.745869 -0.7854653596878052 0.19601348042488098
Pedestrian 0.0 0 0.6769229173660278 43.5272102355957 136.9239501953125 124.43231201171875 252.9612579345703 0.8449473 1.7947716 0.60988355 -8.408747 1.2393922 11.480963 0.044776201248168945 0.18931570649147034
Pedestrian 0.0 0 3.4532461166381836 276.9289855957031 148.71295166015625 320.9645690917969 225.2845916748047 0.87810403 1.8633581 0.54339033 -7.743767 1.276248 17.868809 3.044309139251709 0.17033451795578003
Pedestrian 0.0 0 1.9750487804412842 60.059593200683594 162.1437225341797 91.36290740966797 214.8359375 0.91979975 1.8275034 0.57614684 -18.944351 1.4564009 25.53622 1.3367763757705688 0.1414939910173416
Pedestrian 0.0 0 2.084656238555908 487.04901123046875 175.5023651123047 506.9417419433594 201.75186157226562 1.6133213 1.6887367 0.5749376 -7.453058 1.8663949 47.44576 1.9288437366485596 0.13034974038600922
Pedestrian 0.0 0 -1.8593742847442627 810.6931762695312 147.5421142578125 842.9718627929688 212.80551147460938 1.2327707 1.8360369 0.5652124 6.2245154 1.1243026 20.912663 -1.5700808763504028 0.12004542350769043
Cyclist 0.0 0 2.084656238555908 487.04901123046875 175.5023651123047 506.9417419433594 201.75186157226562 1.6133213 1.6887367 0.5749376 -7.453058 1.8663949 47.44576 1.9288437366485596 0.30767402052879333
Cyclist 0.0 0 2.1967506408691406 125.54013061523438 183.84423828125 156.59619140625 217.9040069580078 1.7004541 1.7721932 0.5072365 -25.338892 2.379115 38.95802 1.6200835704803467 0.18300509452819824
Cyclist 0.0 0 -1.8593742847442627 810.6931762695312 147.5421142578125 842.9718627929688 212.80551147460938 1.2327707 1.8360369 0.5652124 6.2245154 1.1243026 20.912663 -1.5700808763504028 0.11151120811700821
Car 0.0 0 1.8084959983825684 408.7080383300781 181.88833618164062 507.9630432128906 249.80726623535156 3.81568 1.4835995 1.5857323 -3.7471144 1.7361804 18.207083 1.6055246591567993 0.8844238519668579
Car 0.0 0 1.1784236431121826 506.7113037109375 172.1330108642578 548.055419921875 194.02354431152344 4.063507 1.5701023 1.6348034 -6.240897 1.5187469 53.92262 1.0631983280181885 0.1640637367963791
Car 0.0 0 2.013052463531494 55.162044525146484 189.8169708251953 116.68567657470703 216.16778564453125 3.9407315 1.4908868 1.6139984 -33.05903 2.612142 45.59061 1.3856605291366577 0.14117933809757233
Car 0.0 0 1.6048269271850586 119.13607025146484 184.08070373535156 157.18882751464844 213.76231384277344 3.8304515 1.5029478 1.6442479 -26.243467 2.1603012 40.158188 1.0259935855865479 0.12905271351337433
Car 0.0 0 1.3968534469604492 727.595703125 155.50669860839844 770.6261596679688 189.50735473632812 4.2555113 1.9340087 1.8085794 8.228227 0.9476261 43.179928 1.5851526260375977 0.11654041707515717
