Pedestrian 0.0 0 -1.7133216857910156 821.175537109375 165.74472045898438 837.0065307617188 202.23348999023438 0.87703437 1.7708218 0.6255809 10.735121 1.4261626 35.49455 -1.4196239709854126 0.3593480587005615
Car 0.0 0 2.000459671020508 97.6585922241211 186.7437744140625 379.07501220703125 344.8778381347656 4.029957 1.5298883 1.6337289 -4.4822707 1.7495801 9.362642 1.5539642572402954 0.8907561898231506
Car 0.0 0 1.8241641521453857 398.0878601074219 182.46055603027344 497.476806640625 248.1982879638672 3.8531225 1.482416 1.599837 -4.1436577 1.7590523 18.793825 1.6071562767028809 0.8704310655593872
Car 0.0 0 1.894866704940796 310.7364807128906 191.489990234375 452.8208312988281 282.9162292480469 3.674555 1.471002 1.5593948 -4.3710165 1.8866714 14.220228 1.5966529846191406 0.8625523447990417
Car 0.0 0 -1.696341872215271 720.5078735351562 170.95094299316406 792.8577880859375 228.3203887939453 4.387643 1.6361576 1.6763023 4.481419 1.582241 22.821222 -1.5024384260177612 0.8178998827934265
Car 0.0 0 2.401571035385132 0.0 199.81021118164062 166.39938354492188 375.0 3.8457508 1.4429841 1.5665519 -4.653276 1.6749482 4.271722 1.5734477043151855 0.6827714443206787
Car 0.0 0 1.7132104635238647 558.7686157226562 177.51104736328125 592.5865478515625 203.10769653320312 3.911969 1.5194612 1.5966666 -2.1568327 1.8271333 45.588036 1.6659343242645264 0.5895074009895325
Car 0.0 0 0.5181486010551453 12.61449909210205 178.81271362304688 175.2284698486328 230.7875213623047 3.9072974 1.564163 1.6502072 -16.357012 1.762579 22.962498 -0.1008085384964943 0.488801509141922
Car 0.0 0 1.411167025566101 701.2294921875 174.66122436523438 746.1806640625 207.51951599121094 3.6919563 1.4985412 1.573376 5.413523 1.5911001 34.958057 1.5648043155670166 0.3072974979877472
Car 0.0 0 1.4816598892211914 710.1652221679688 173.5205841064453 759.3330688476562 212.5330047607422 3.9739823 1.4804014 1.616708 4.9878674 1.5098957 29.491447 1.6492036581039429 0.30232474207878113
