Pedestrian 0.0 0 -0.7226667404174805 891.5547485351562 164.599365234375 941.1765747070312 239.80755615234375 0.9790384 1.8019204 0.5864099 7.471144 1.6045051 17.718304 -0.3236263394355774 0.42664992809295654
Pedestrian 0.0 0 -0.23847174644470215 1081.92333984375 133.5079803466797 1166.68701171875 273.3634948730469 0.81942505 1.8209335 0.59674084 6.922296 1.3090019 9.819606 0.3755662441253662 0.3057533800601959
Pedestrian 0.0 0 -3.4827592372894287 966.6270751953125 182.68331909179688 1000.8604736328125 243.05287170410156 0.69967806 1.7155191 0.6707058 10.82509 2.007213 21.003971 -3.00688099861145 0.23835623264312744
Pedestrian 0.0 0 -0.9332544803619385 1135.0576171875 132.78416442871094 1211.1923828125 253.21392822265625 0.7046271 1.7761574 0.6210801 8.549119 1.1855456 11.03314 -0.2740330100059509 0.1876303106546402
Cyclist 0.0 0 -1.5806537866592407 722.8187866210938 169.5994110107422 733.8300170898438 206.95993041992188 1.9237896 1.7222497 0.4931456 5.5700984 1.5725772 34.246872 -1.4194201231002808 0.5695022940635681
Cyclist 0.0 0 -1.1779837608337402 370.36810302734375 158.4295196533203 407.8622741699219 218.58779907226562 1.6756886 1.7294642 0.4700834 -6.6378255 1.315139 21.596733 -1.476172924041748 0.20804864168167114
Cyclist 0.0 0 -0.7038724422454834 895.1157836914062 165.12625122070312 945.2066040039062 240.05686950683594 0.974988 1.79783 0.6005333 7.5731196 1.6127741 17.74037 -0.30040523409843445 0.10788469016551971
Car 0.0 0 -1.7623820304870605 782.2557983398438 178.0102081298828 914.9077758789062 270.4763488769531 3.5964463 1.4129887 1.5808133 4.1108646 1.5204388 13.107826 -1.4584779739379883 0.9161407351493835
Car 0.0 0 1.4630857706069946 739.8079833984375 175.3076171875 816.0289916992188 237.8004608154297 3.7194893 1.4905589 1.5665237 4.340855 1.5631276 19.295732 1.6843664646148682 0.8642538785934448
Car 0.0 0 1.868404746055603 596.805419921875 171.57608032226562 643.9957275390625 200.2661895751953 3.9097192 1.5662205 1.6402088 0.6163111 1.4968152 41.49897 1.883254885673523 0.7565260529518127
Car 0.0 0 -2.2860107421875 953.7575073242188 187.3441162109375 1242.0 375.0 3.7397938 1.4324182 1.5658332 3.1094737 1.536778 3.273129 -1.5262477397918701 0.6233330965042114
