Pedestrian 0.0 0 -1.3306273221969604 843.2694091796875 160.41098022460938 883.4390869140625 243.04379272460938 0.7482284 1.7159467 0.6553972 5.3873324 1.4579138 15.472834 -0.9955747127532959 0.45177701115608215
Pedestrian 0.0 0 0.6958588361740112 0.0 179.23699951171875 33.199249267578125 251.59310913085938 0.7254775 1.7458867 0.6287769 -14.876494 1.9063205 17.777552 -0.0009297877550125122 0.40019822120666504
Pedestrian 0.0 0 1.6413605213165283 734.2288818359375 165.56430053710938 747.4025268554688 200.76393127441406 0.8405606 1.8139371 0.62003446 6.795185 1.4386363 37.66388 1.819856882095337 0.273440420627594
Pedestrian 0.0 0 -2.4688615798950195 13.212090492248535 199.40806579589844 60.34603500366211 266.26959228515625 0.66270536 1.70184 0.7303618 -15.14724 2.415643 19.018032 -3.141444683074951 0.2097434550523758
Pedestrian 0.0 0 -2.100226640701294 1177.6385498046875 116.17572784423828 1242.0 244.74803161621094 1.3582512 1.7903751 0.54067117 9.126289 1.0014855 10.760367 -1.3968138694763184 0.18297627568244934
Pedestrian 0.0 0 -0.3317866921424866 746.6234741210938 176.0594940185547 772.7109375 203.86000061035156 1.552575 1.801691 0.62978256 9.769791 2.0138662 47.264824 -0.1279541552066803 0.10392474383115768
Cyclist 0.0 0 -0.33322978019714355 745.36083984375 176.56932067871094 774.0453491210938 203.99114990234375 1.7243078 1.7754716 0.64205015 9.77095 2.0214067 47.26037 -0.12935498356819153 0.3297213613986969
Cyclist 0.0 0 -2.100226640701294 1177.6385498046875 116.17572784423828 1242.0 244.74803161621094 1.3582512 1.7903751 0.54067117 9.126289 1.0014855 10.760367 -1.3968138694763184 0.22043035924434662
Car 0.0 0 2.173807144165039 19.333234786987305 194.83609008789062 213.28158569335938 275.7796630859375 4.121202 1.5192026 1.6456425 -11.226072 2.092549 16.734531 1.5829256772994995 0.8664973974227905
Car 0.0 0 1.5504637956619263 601.364501953125 175.79835510253906 628.3569946289062 200.7786102294922 4.032188 1.5015453 1.6260926 0.23975319 1.6973896 45.87464 1.555690050125122 0.3988499939441681
Car 0.0 0 1.925443172454834 128.3125762939453 174.8137969970703 222.3507537841797 222.11672973632812 3.973519 1.5526351 1.6124791 -15.544952 1.6292073 25.955711 1.3858306407928467 0.23424184322357178
Car 0.0 0 1.8673369884490967 318.8668212890625 182.96221923828125 421.05169677734375 242.34353637695312 4.1505857 1.4738015 1.6286687 -6.789374 1.7936102 20.708681 1.5505280494689941 0.21041668951511383
Car 0.0 0 1.8640356063842773 510.0358581542969 181.44363403320312 537.3726196289062 198.07073974609375 3.7902439 1.4719244 1.5267961 -8.110952 2.3048604 67.935875 1.7452068328857422 0.18195904791355133
