Pedestrian 0.0 0 0.9784101247787476 1010.7371215820312 49.65449905395508 1217.528076171875 375.0 0.7854538 1.7530718 0.66498435 2.8470616 1.0970091 4.2345695 1.570328712463379 0.3352738320827484
Pedestrian 0.0 0 2.9633028507232666 676.1218872070312 134.63189697265625 710.6560668945312 198.03941345214844 0.9459221 1.8833144 0.57437557 2.46082 0.74840915 21.74577 3.075986623764038 0.26495361328125
Pedestrian 0.0 0 1.969486951828003 542.1931762695312 169.31944274902344 564.6080932617188 205.4911346435547 1.7395705 1.8454199 0.53688073 -2.9842906 1.6654506 37.718983 1.890532374382019 0.10881143808364868
Cyclist 0.0 0 2.060255527496338 540.2503051757812 169.25888061523438 565.4993896484375 205.3409881591797 1.8001313 1.8357004 0.5307784 -3.0042775 1.6531547 37.637234 1.980602502822876 0.42341649532318115
Cyclist 0.0 0 -1.660322904586792 794.1541748046875 175.10984802246094 825.7606201171875 245.5917205810547 1.9952846 1.6613528 0.5800499 4.946487 1.721551 18.104147 -1.393608570098877 0.2612246572971344
Car 0.0 0 -1.7389408349990845 676.34130859375 175.79067993164062 772.4518432617188 249.64736938476562 3.4488757 1.5306479 1.6287479 2.505449 1.6065997 16.829895 -1.5911571979522705 0.9090935587882996
Car 0.0 0 1.8077417612075806 378.3058166503906 182.7581024169922 469.4698486328125 245.83270263671875 3.8334367 1.5491891 1.6139644 -5.1498437 1.8539912 20.250385 1.5587122440338135 0.8872511386871338
Car 0.0 0 -0.9554901719093323 0.0 185.8107452392578 296.33929443359375 375.0 4.2826743 1.466209 1.609456 -4.527845 1.6186618 6.3207726 -1.5771009922027588 0.8425284028053284
Car 0.0 0 1.7643508911132812 474.6013488769531 179.77647399902344 522.0679931640625 212.93641662597656 3.9434257 1.5227458 1.6100943 -5.541338 1.8874454 35.97022 1.6114990711212158 0.6001562476158142
Car 0.0 0 -1.5514225959777832 630.4607543945312 175.6227264404297 651.7160034179688 196.07582092285156 3.6008418 1.5539851 1.6151406 2.4639654 1.7808005 57.16565 -1.5083470344543457 0.42506489157676697
