Pedestrian 0.0 0 1.5285379886627197 203.6761016845703 167.284912109375 248.3970489501953 274.2846374511719 0.8338251 1.6673087 0.6079769 -6.1669917 1.4471034 11.703987 1.0435919761657715 0.7882812023162842
Pedestrian 0.0 0 -3.5656931400299072 1068.7137451171875 129.95877075195312 1215.04248046875 342.32891845703125 0.8226458 1.7390412 0.65826464 4.640472 1.3183737 6.2878404 -2.9299116134643555 0.6654096841812134
Pedestrian 0.0 0 -2.295924186706543 679.900390625 153.99374389648438 771.201171875 307.7070617675781 0.8867586 1.6996201 0.63126165 1.4056369 1.3968359 8.483413 -2.131723642349243 0.6650200486183167
Pedestrian 0.0 0 1.108780026435852 594.6715698242188 164.61819458007812 634.6689453125 241.55210876464844 0.8446846 1.7907995 0.6496526 0.27631083 1.3990456 17.239298 1.1248066425323486 0.6623737215995789
Pedestrian 0.0 0 1.1980717182159424 747.73974609375 143.42628479003906 829.3666381835938 295.30755615234375 0.9366318 1.7612007 0.67080617 2.230843 1.3210496 8.833705 1.4454373121261597 0.6577549576759338
Pedestrian 0.0 0 0.9596055746078491 720.3931884765625 153.054931640625 783.3761596679688 268.7089538574219 0.83105963 1.7599418 0.6131488 2.3403473 1.3283885 11.431711 1.1615394353866577 0.5075842142105103
Pedestrian 0.0 0 -2.872101068496704 617.4005126953125 157.5832977294922 653.675537109375 230.5911102294922 0.77530706 1.7939955 0.6201707 0.8286504 1.2074887 18.0638 -2.8262596130371094 0.48101097345352173
Pedestrian 0.0 0 2.2865705490112305 986.5977172851562 143.12118530273438 1077.53173828125 289.031982421875 0.81158495 1.7617909 0.60249317 5.390889 1.2997303 9.084317 2.822143793106079 0.43588903546333313
Pedestrian 0.0 0 0.33459335565567017 316.04217529296875 172.647216796875 341.6625671386719 222.26486206054688 0.66594833 1.7171063 0.64614713 -9.576538 1.4118078 25.18915 -0.028715334832668304 0.37477317452430725
Pedestrian 0.0 0 -0.7591813206672668 1175.6552734375 139.55282592773438 1238.0 278.18072509765625 0.74872327 1.7211123 0.6254047 7.971469 1.2016618 9.245942 -0.047670744359493256 0.3182663023471832
Pedestrian 0.0 0 -1.5043796300888062 970.38525390625 155.35606384277344 1008.845947265625 243.12449645996094 0.65596503 1.7327873 0.6484968 7.8713465 1.2178837 14.629395 -1.010757327079773 0.2975476086139679
Pedestrian 0.0 0 -1.4250386953353882 580.7067260742188 166.63970947265625 597.4368286132812 203.37225341796875 1.0305309 1.7748021 0.68011427 -0.6098788 1.0576992 35.25968 -1.442333698272705 0.2762220799922943
Pedestrian 0.0 0 1.8672716617584229 1131.5731201171875 137.68360900878906 1238.0 302.15936279296875 1.4952677 1.5822119 0.5348742 6.148505 1.1620823 7.546042 2.550971269607544 0.17284484207630157
Cyclist 0.0 0 1.887483835220337 1127.47607421875 137.8793487548828 1238.0 304.2272033691406 1.6439487 1.5909109 0.53595513 6.148995 1.1751063 7.5364013 2.5718486309051514 0.5799123048782349
Cyclist 0.0 0 -1.3162257671356201 468.93975830078125 174.21084594726562 492.4091796875 221.5155487060547 1.7034068 1.6733942 0.43458334 -4.425666 1.4165999 26.275797 -1.483090877532959 0.5413148999214172
Cyclist 0.0 0 -1.4250386953353882 580.7067260742188 166.63970947265625 597.4368286132812 203.37225341796875 1.0305309 1.7748021 0.68011427 -0.6098788 1.0576992 35.25968 -1.442333698272705 0.12438476085662842
Car 0.0 0 1.5924347639083862 515.05419921875 165.33944702148438 561.4816284179688 211.11776733398438 3.8642676 1.5732385 1.5933083 -2.3235111 1.018928 26.663994 1.5055139064788818 0.6759034395217896
Car 0.0 0 1.7757855653762817 384.8077697753906 155.36610412597656 473.92431640625 223.7259979248047 4.293057 1.8000516 1.6931237 -4.9447103 1.1130627 21.079918 1.5453814268112183 0.32913118600845337
Car 0.0 0 1.2760450839996338 8.726799964904785 179.76394653320312 84.04813385009766 215.15829467773438 3.9610288 1.5212011 1.6276875 -25.291395 1.4475533 32.680634 0.6174254417419434 0.2694527804851532
