Pedestrian 0.0 0 -1.834023118019104 709.7667236328125 163.6133575439453 732.8989868164062 214.1464080810547 0.7819426 1.8001121 0.6451011 3.981919 1.4712957 26.124771 -1.6827679872512817 0.6811683773994446
Pedestrian 0.0 0 1.0756086111068726 970.0137329101562 95.45669555664062 1127.3602294921875 375.0 0.7359733 1.7322872 0.56479603 2.6845942 1.2821941 4.574376 1.6063226461410522 0.4277474284172058
Pedestrian 0.0 0 -1.1274868249893188 284.7300109863281 182.2567138671875 389.2127990722656 329.5631103515625 1.8446596 1.7705308 0.58353424 -3.673202 1.9100556 9.733325 -1.488345980644226 0.1722978949546814
Pedestrian 0.0 0 1.6971287727355957 490.57354736328125 175.38870239257812 515.680419921875 232.16604614257812 1.8400683 1.8233396 0.6085187 -3.6105456 1.9118962 24.177803 1.5488911867141724 0.1101560965180397
Pedestrian 0.0 0 1.7227134704589844 371.00469970703125 170.7503662109375 436.1790466308594 311.1313171386719 1.8811152 1.8401494 0.6312295 -2.993547 1.8129321 10.428433 1.4431736469268799 0.10367707908153534
Cyclist 0.0 0 1.6728825569152832 491.224609375 175.67184448242188 515.328369140625 232.51025390625 1.8449371 1.8205786 0.6162108 -3.6000307 1.9188653 24.1371 1.5248247385025024 0.8793359994888306
Cyclist 0.0 0 1.676301121711731 372.8607177734375 170.63363647460938 432.7379455566406 312.0801086425781 1.9084024 1.8362042 0.6322891 -2.9876955 1.8077381 10.358695 1.3954981565475464 0.8368167281150818
Cyclist 0.0 0 1.9371782541275024 290.9886474609375 179.20709228515625 385.7536926269531 324.8832092285156 1.8489002 1.7804848 0.5845053 -3.6923602 1.875517 9.823275 1.5776374340057373 0.5679395794868469
Car 0.0 0 1.8084509372711182 345.3202819824219 187.37477111816406 450.5206604003906 257.38653564453125 4.3120275 1.5556089 1.6908187 -5.5115685 1.9850495 19.128101 1.5279101133346558 0.8372320532798767
Car 0.0 0 1.7678892612457275 484.4530334472656 181.85043334960938 531.7601928710938 214.5869598388672 4.1830688 1.5642184 1.6657889 -5.3059945 2.0623474 37.783806 1.628371238708496 0.6343755125999451
Car 0.0 0 -1.550803780555725 641.2001342773438 179.59524536132812 672.140380859375 208.4790496826172 3.8954082 1.4836886 1.6293354 2.5889926 1.8766419 40.008465 -1.4861828088760376 0.5420830845832825
