Car 0.0 0 -1.721224069595337 684.55029296875 182.50546264648438 785.6846313476562 257.38201904296875 4.306977 1.458972 1.6410259 2.70824 1.712662 16.77491 -1.561159372329712 0.8494729399681091
Car 0.0 0 -2.6405601501464844 119.7108383178711 180.3233184814453 381.9025573730469 263.8300476074219 4.1287174 1.442493 1.6321882 -6.656115 1.592305 13.528824 -3.097783327102661 0.8264535665512085
Car 0.0 0 3.7038514614105225 0.0 178.75363159179688 330.5611572265625 314.52020263671875 4.2675285 1.4745349 1.6595665 -5.918531 1.554198 8.803896 3.1119847297668457 0.815612256526947
Car 0.0 0 -0.22811618447303772 758.3652954101562 178.7869110107422 905.9246826171875 232.06268310546875 3.9742932 1.5193166 1.6448538 6.5487266 1.7062112 21.734253 0.06454110145568848 0.757773756980896
Car 0.0 0 3.6559102535247803 0.0 173.57667541503906 297.18359375 274.3616027832031 3.8838494 1.4257822 1.5699158 -7.153378 1.4381702 11.113003 3.0839805603027344 0.7240049242973328
Car 0.0 0 3.3781137466430664 303.4471740722656 183.0714569091797 474.658203125 244.84194946289062 3.854408 1.4517218 1.5920471 -5.5031114 1.7221076 18.16027 3.083879232406616 0.6043037176132202
Car 0.0 0 3.448289155960083 148.19708251953125 162.86456298828125 372.9507751464844 238.75048828125 4.076257 1.5290748 1.6419429 -7.4504566 1.3281491 15.629763 3.0034677982330322 0.5609475374221802
Car 0.0 0 -0.180495485663414 669.12939453125 177.80023193359375 736.0089721679688 202.54254150390625 3.9663665 1.5218699 1.6486397 5.7958603 1.841775 45.68102 -0.05429302155971527 0.5539613962173462
Car 0.0 0 0.2683740556240082 337.07611083984375 164.48623657226562 492.2412109375 224.86669921875 3.9739687 1.6534879 1.686014 -5.5385623 1.4246992 20.61082 0.005854606628417969 0.5422245860099792
Car 0.0 0 0.20742644369602203 416.8062438964844 177.2458953857422 521.4102172851562 214.21478271484375 4.115452 1.5175383 1.6378338 -5.9728565 1.7097536 30.667446 0.015072345733642578 0.4646773338317871
Car 0.0 0 -1.3727402687072754 631.8294067382812 177.28880310058594 660.1549682617188 195.32611083984375 3.9930656 1.4231406 1.6039456 3.0094385 1.8060586 60.10731 -1.3227143287658691 0.44034460186958313
