Pedestrian 0.0 0 1.115250587463379 1071.98193359375 43.780948638916016 1242.0 375.0 0.732425 1.7564152 0.56721574 3.0467532 1.096171 4.1018934 1.754106879234314 0.3310375213623047
Car 0.0 0 -1.93681800365448 754.9393920898438 181.0436248779297 1031.046142578125 348.0187072753906 3.8743536 1.4671024 1.6161793 2.9130957 1.5862052 8.494416 -1.6064443588256836 0.8895445466041565
Car 0.0 0 2.1836647987365723 0.0 186.1857147216797 277.6876220703125 375.0 3.6715195 1.534699 1.5610192 -4.4338636 1.680919 6.040338 1.5504549741744995 0.8883228898048401
Car 0.0 0 1.9511278867721558 224.26480102539062 180.7070770263672 428.4459533691406 307.23748779296875 3.9409275 1.6213001 1.6280012 -4.289893 1.7682526 11.477912 1.593451738357544 0.8712185621261597
Car 0.0 0 -1.7996009588241577 710.1873779296875 176.5811309814453 839.5885620117188 265.14862060546875 3.966373 1.5258543 1.6414915 3.1084878 1.6119385 14.594598 -1.5897477865219116 0.7894451022148132
Car 0.0 0 1.4527360200881958 654.9030151367188 175.0528106689453 707.0961303710938 214.77239990234375 4.1137066 1.502096 1.6397104 2.796463 1.5989591 29.589643 1.5469642877578735 0.5936645269393921
Car 0.0 0 1.5259627103805542 504.0313415527344 181.8831024169922 531.6610717773438 206.35426330566406 3.8370667 1.4576565 1.5886314 -6.0041375 2.0652823 46.498913 1.397549033164978 0.3910233676433563
Car 0.0 0 -1.7638477087020874 578.3574829101562 181.63917541503906 604.4546508789062 199.70480346679688 3.7680702 1.4743667 1.5739967 -1.6712826 2.2644534 62.84853 -1.790433645248413 0.33844301104545593
Car 0.0 0 1.6065559387207031 631.8062744140625 175.8140411376953 660.2548217773438 202.72073364257812 3.81756 1.5539395 1.6020911 2.2041166 1.7431931 44.07204 1.65652596950531 0.2795713245868683
Car 0.0 0 1.5447853803634644 614.1629638671875 177.0164337158203 638.0989379882812 199.25112915039062 3.9272954 1.4852726 1.5795369 1.0767306 1.7906293 50.899906 1.5659360885620117 0.2585388123989105
