Pedestrian 0.0 0 -1.634024739265442 393.8465881347656 178.1949462890625 409.5342102050781 214.51406860351562 0.7870574 1.764468 0.695995 -10.343327 2.0325902 35.682896 -1.9161603450775146 0.15411974489688873
Pedestrian 0.0 0 -1.9414054155349731 0.0 198.57400512695312 30.5909481048584 260.9814453125 1.4139621 1.6994009 0.599333 -17.409857 2.4608269 20.745056 -2.639613151550293 0.14369548857212067
Cyclist 0.0 0 1.035204529762268 950.3499755859375 201.71971130371094 1090.2393798828125 361.5501403808594 1.8302518 1.7482827 0.6897908 5.0621114 2.1517735 9.148982 1.5405761003494263 0.27723193168640137
Cyclist 0.0 0 -1.9653902053833008 0.0 199.1927490234375 33.26731872558594 262.1982727050781 1.6321459 1.7067045 0.6234907 -17.416227 2.4880328 20.739548 -2.6639089584350586 0.27026063203811646
Cyclist 0.0 0 -1.2537769079208374 198.51559448242188 165.79893493652344 224.2260284423828 206.0984344482422 1.7861322 1.7428813 0.47057864 -17.77282 1.4381206 32.123795 -1.7591197490692139 0.18654264509677887
Cyclist 0.0 0 1.4497219324111938 1160.47900390625 154.79066467285156 1242.0 359.2586669921875 1.6486938 1.7141361 0.5372306 5.628093 1.5630621 6.886436 2.13490629196167 0.15012431144714355
Car 0.0 0 1.866675615310669 469.2942810058594 179.1154022216797 511.6935119628906 204.43145751953125 4.0938387 1.5553523 1.6328429 -7.8454676 1.986649 47.520287 1.7030543088912964 0.5142514109611511
Car 0.0 0 1.7518810033798218 123.96772766113281 191.8310089111328 186.35565185546875 232.0006103515625 3.646449 1.4920281 1.6120808 -19.291496 2.3515499 30.671934 1.1904373168945312 0.21372924745082855
Car 0.0 0 1.393726110458374 666.9564819335938 188.41481018066406 698.4249267578125 212.6563720703125 3.8708646 1.6477216 1.663328 5.3319287 2.8469975 53.595463 1.4928845167160034 0.20722784101963043
Car 0.0 0 1.1782572269439697 691.5755615234375 182.2130584716797 752.3737182617188 214.61090087890625 4.0398326 1.5195909 1.6726185 5.669964 2.0311923 37.25034 1.3293101787567139 0.15328216552734375
