Pedestrian 0.0 0 1.7844334840774536 544.3868408203125 171.9887237548828 557.1945190429688 201.99900817871094 0.94288313 1.8170735 0.5965452 -3.6556392 1.7650405 44.191574 1.7018988132476807 0.2733185291290283
Pedestrian 0.0 0 1.7071120738983154 534.2395629882812 164.56289672851562 553.453125 209.7970733642578 1.4964375 1.8436542 0.6046237 -2.7976873 1.5060837 30.166431 1.6146348714828491 0.2431679666042328
Pedestrian 0.0 0 1.791273832321167 688.158203125 163.76536560058594 705.6378173828125 201.29930114746094 1.5256256 1.8270378 0.5456872 4.297208 1.3849887 35.929653 1.9103089570999146 0.21100769937038422
Pedestrian 0.0 0 0.2111971527338028 704.9671020507812 128.82386779785156 741.931396484375 207.3248748779297 0.7547848 1.8139961 0.61248976 2.6421955 0.79690886 17.091179 0.364577054977417 0.20340344309806824
Pedestrian 0.0 0 1.7346289157867432 512.96875 172.46536254882812 533.3129272460938 217.13800048828125 1.7719324 1.7806311 0.55128634 -3.5995736 1.7654979 29.654419 1.6138358116149902 0.12644284963607788
Cyclist 0.0 0 1.7270632982254028 512.7941284179688 173.55035400390625 533.1708984375 218.6160430908203 1.8277565 1.78393 0.5525559 -3.5884218 1.8136629 29.51098 1.6060612201690674 0.5198323130607605
Cyclist 0.0 0 1.7169394493103027 534.541748046875 166.08065795898438 553.6292724609375 210.80661010742188 1.6275803 1.8173785 0.5657406 -2.7848663 1.542511 30.14384 1.6248149871826172 0.4396708309650421
Cyclist 0.0 0 1.7607752084732056 688.5989379882812 163.99575805664062 705.74755859375 201.503173828125 1.6693414 1.8224466 0.54458535 4.312291 1.3923923 35.933987 1.8802099227905273 0.37819045782089233
Cyclist 0.0 0 1.7664583921432495 543.9654541015625 171.8726043701172 556.8568725585938 201.74537658691406 1.053368 1.8066249 0.5946514 -3.6782389 1.7476308 44.19072 1.6834142208099365 0.1214727982878685
Car 0.0 0 -1.7979497909545898 701.9454345703125 176.41021728515625 848.170166015625 283.8720703125 3.418003 1.5162121 1.5911881 2.5254395 1.584308 12.016365 -1.590798020362854 0.9470436573028564
Car 0.0 0 1.8706952333450317 301.7428894042969 182.19708251953125 437.59381103515625 265.2635192871094 4.0503654 1.5058738 1.6332954 -5.0462465 1.7342671 15.571709 1.5573091506958008 0.8807795643806458
Car 0.0 0 1.767359972000122 457.88031005859375 180.5582733154297 515.137939453125 219.01023864746094 4.272902 1.5139495 1.6533934 -5.336585 1.8729885 31.43021 1.5991723537445068 0.7132342457771301
Car 0.0 0 -1.5157526731491089 635.3240356445312 175.41525268554688 660.3529663085938 197.71580505371094 3.76152 1.546138 1.6137133 2.7526832 1.7395558 52.42861 -1.4632973670959473 0.4904906153678894
Car 0.0 0 -0.6785761713981628 1102.1494140625 159.25819396972656 1242.0 343.9873962402344 3.878823 1.4868611 1.597689 7.1468863 1.3777882 6.845364 0.12836790084838867 0.2237328290939331
