Pedestrian 0.0 0 2.345966339111328 714.7501220703125 156.4774627685547 757.6658935546875 241.0619354248047 0.7099129 1.8010362 0.6019948 2.7150855 1.4526925 15.812628 2.5160117149353027 0.19349628686904907
Pedestrian 0.0 0 -0.6832661032676697 1188.5540771484375 115.72252655029297 1242.0 240.70057678222656 0.7243801 1.8127209 0.6155771 9.200365 0.9844259 10.778804 0.023291587829589844 0.13671404123306274
Pedestrian 0.0 0 3.40761137008667 255.4798126220703 159.30274963378906 282.7942810058594 210.08395385742188 0.79894817 1.8641328 0.5647101 -12.714093 1.3670365 26.832361 2.9651145935058594 0.12136265635490417
Cyclist 0.0 0 2.358973503112793 0.0 117.99171447753906 140.85214233398438 288.5244140625 1.9179347 1.7190976 0.64565724 -6.4604735 1.1664026 8.262543 1.695367693901062 0.30457642674446106
Cyclist 0.0 0 -0.9501307606697083 109.86148071289062 124.46430969238281 216.26304626464844 247.11512756347656 1.6671327 1.7364867 0.5137992 -6.8465104 1.0517447 11.061544 -1.5043655633926392 0.20533668994903564
Cyclist 0.0 0 -1.1907949447631836 170.6478271484375 157.55307006835938 242.0070343017578 262.2137451171875 1.6479695 1.7243841 0.52773446 -7.13716 1.4726446 12.73663 -1.7015609741210938 0.13579049706459045
Car 0.0 0 2.0693633556365967 0.0 199.07484436035156 295.23077392578125 375.0 4.2397594 1.4613029 1.6361182 -4.565314 1.7865553 6.7489743 1.4746211767196655 0.8639782667160034
Car 0.0 0 -1.641971468925476 389.6439514160156 171.93788146972656 429.6551208496094 204.39173889160156 3.8837261 1.5295178 1.6477574 -10.107858 1.4866999 36.108578 -1.914914846420288 0.7113624215126038
Car 0.0 0 -0.6873419284820557 733.8021240234375 169.21136474609375 930.004638671875 248.48585510253906 3.9800093 1.5764413 1.6605014 4.831318 1.504362 15.872992 -0.39187756180763245 0.17576099932193756
Car 0.0 0 1.8454504013061523 152.51898193359375 197.60491943359375 289.4017333984375 285.16387939453125 3.6787112 1.4729629 1.582929 -8.067342 2.0626204 15.2114 1.3578197956085205 0.17435280978679657
Car 0.0 0 -1.9908169507980347 533.3751220703125 145.84852600097656 606.1713256835938 188.31349182128906 4.413897 1.8827003 1.8056835 -2.0325208 0.6857607 34.361557 -2.049899101257324 0.14767801761627197
