Pedestrian 0.0 0 -0.4754827916622162 932.4688110351562 150.26580810546875 979.4356079101562 222.48423767089844 0.8963502 1.8345417 0.6510843 8.892179 1.2610992 18.66548 -0.030895236879587173 0.3480251133441925
Pedestrian 0.0 0 -1.4964629411697388 760.7554321289062 171.95455932617188 775.9412231445312 210.87353515625 0.85583496 1.7386945 0.6122409 7.146881 1.6988707 32.729225 -1.2814737558364868 0.19912640750408173
Pedestrian 0.0 0 1.7979063987731934 708.8202514648438 175.84506225585938 723.6205444335938 205.93429565429688 1.4114175 1.7248014 0.5557527 6.1943808 1.9035286 42.2671 1.9434237480163574 0.19248734414577484
Pedestrian 0.0 0 -1.2819178104400635 828.6393432617188 169.51393127441406 852.3595581054688 212.1524200439453 1.5389855 1.7723055 0.5501529 9.800467 1.6338307 30.77959 -0.9736597537994385 0.14498205482959747
Pedestrian 0.0 0 -1.57082200050354 778.7449340820312 172.19125366210938 791.67529296875 211.1585235595703 1.1391076 1.725775 0.5575482 7.8684134 1.6967816 32.571667 -1.333790898323059 0.1124880313873291
Cyclist 0.0 0 -1.5844054222106934 740.6851806640625 165.6312713623047 758.318359375 217.00120544433594 1.9673867 1.8121926 0.6033336 5.0625334 1.5577525 26.472397 -1.3954486846923828 0.7713184952735901
Cyclist 0.0 0 -1.8065273761749268 841.8179931640625 144.09605407714844 909.1412353515625 262.6224365234375 1.8511684 1.8031545 0.6165776 4.292638 1.3660146 11.927859 -1.4610750675201416 0.7322381138801575
Cyclist 0.0 0 1.7979063987731934 708.8202514648438 175.84506225585938 723.6205444335938 205.93429565429688 1.4114175 1.7248014 0.5557527 6.1943808 1.9035286 42.2671 1.9434237480163574 0.22194959223270416
Cyclist 0.0 0 -1.2819178104400635 828.6393432617188 169.51393127441406 852.3595581054688 212.1524200439453 1.5389855 1.7723055 0.5501529 9.800467 1.6338307 30.77959 -0.9736597537994385 0.2017584592103958
Cyclist 0.0 0 -1.5739303827285767 777.5189819335938 173.2108612060547 789.5643920898438 212.0075225830078 1.4112613 1.7178794 0.51969564 7.8231196 1.7347839 32.706425 -1.3391493558883667 0.16453160345554352
Cyclist 0.0 0 -1.9777469635009766 934.443359375 150.01214599609375 977.9491577148438 223.51551818847656 0.9915591 1.8457807 0.6727667 8.873507 1.2725453 18.624254 -1.5331170558929443 0.1052037701010704
Car 0.0 0 2.3442885875701904 1123.6793212890625 193.04722595214844 1193.6678466796875 217.55300903320312 3.7775927 1.5603945 1.5718488 37.00781 2.9543164 48.736065 2.9937479496002197 0.2933197319507599
Car 0.0 0 2.2793517112731934 186.21670532226562 183.7509765625 244.64576721191406 206.15843200683594 4.107275 1.597215 1.6966676 -30.433468 2.4723995 55.738693 1.7795827388763428 0.18506468832492828
Car 0.0 0 2.4846489429473877 1006.0336303710938 184.58999633789062 1059.5379638671875 203.34164428710938 3.9395013 1.6048013 1.6081257 37.524258 2.6649652 64.10712 3.014216899871826 0.16451624035835266
