Pedestrian 0.0 0 1.6266889572143555 395.1348571777344 157.2882080078125 411.80694580078125 199.4241943359375 1.0618235 1.928884 0.69033766 -9.656955 1.2166771 33.62179 1.3469948768615723 0.3109837472438812
Pedestrian 0.0 0 -1.363200306892395 695.0386962890625 160.2845001220703 707.7747802734375 192.23646545410156 0.6491831 1.9411633 0.6557234 5.5745673 1.177892 44.246426 -1.237871527671814 0.3010026514530182
Pedestrian 0.0 0 0.49188265204429626 245.94749450683594 150.77073669433594 310.1698913574219 243.60630798339844 0.96486706 1.8296458 0.7000934 -6.752442 1.3947768 14.595333 0.058563947677612305 0.28398096561431885
Pedestrian 0.0 0 -1.5719218254089355 357.9157409667969 165.09933471679688 371.0461120605469 203.84706115722656 0.7972685 1.8464803 0.59412926 -11.899848 1.4772984 34.85475 -1.900925874710083 0.22220973670482635
Pedestrian 0.0 0 0.06037724018096924 517.3011474609375 172.95578002929688 546.4400024414062 208.8717041015625 1.3730861 1.7305076 0.68583775 -3.8361595 1.7358756 35.140354 -0.04835896193981171 0.12078960239887238
Cyclist 0.0 0 0.06037724018096924 517.3011474609375 172.95578002929688 546.4400024414062 208.8717041015625 1.3730861 1.7305076 0.68583775 -3.8361595 1.7358756 35.140354 -0.04835896193981171 0.197431743144989
Cyclist 0.0 0 -1.5341227054595947 395.3470153808594 156.9713897705078 411.6405944824219 199.05252075195312 1.0388647 1.9281961 0.6945257 -9.663173 1.2007982 33.646496 -1.8137927055358887 0.13221649825572968
Cyclist 0.0 0 0.45498985052108765 245.34295654296875 149.68246459960938 310.1976013183594 242.65977478027344 0.9754846 1.8331864 0.71980387 -6.756126 1.3766829 14.593713 0.021420955657958984 0.1259729564189911
Car 0.0 0 3.1516342163085938 263.85296630859375 168.61032104492188 369.01678466796875 207.5238494873047 3.979385 1.5498881 1.6519988 -12.281325 1.3812249 30.234024 2.76578688621521 0.6376452445983887
Car 0.0 0 1.1691628694534302 672.0177001953125 163.8973388671875 717.3329467773438 188.0032958984375 4.008711 1.5926709 1.6667273 5.7653365 1.0012656 49.827126 1.2843574285507202 0.5260417461395264
Car 0.0 0 -1.9588216543197632 635.3400268554688 163.109130859375 682.475341796875 188.45089721679688 4.1236396 1.6083871 1.6871138 3.1690543 0.99025893 48.014553 -1.8929152488708496 0.31891241669654846
Car 0.0 0 1.3637237548828125 752.3944091796875 167.82342529296875 782.0235595703125 187.08457946777344 3.9135008 1.5455958 1.6260716 12.979009 1.1422788 59.85842 1.577246904373169 0.21850217878818512
Car 0.0 0 0.7892518639564514 915.0923461914062 160.8677520751953 972.9573974609375 187.31443786621094 3.8728619 1.8971028 1.6740942 24.847158 1.0376489 53.86139 1.2214767932891846 0.18106143176555634
