Pedestrian 0.0 0 1.0706443786621094 1019.4837646484375 154.01589965820312 1069.0360107421875 234.08827209472656 0.8982089 1.8079023 0.63033766 10.016879 1.3829271 16.749386 1.6096247434616089 0.7247999310493469
Pedestrian 0.0 0 0.7176017165184021 158.54534912109375 174.87632751464844 202.00555419921875 246.23794555664062 0.7348859 1.7899138 0.6131504 -11.050892 1.843112 18.482897 0.17872905731201172 0.24304109811782837
Pedestrian 0.0 0 1.7066576480865479 935.318115234375 113.67864990234375 993.7125854492188 244.564208984375 0.7622495 1.8769348 0.6941962 5.2860956 1.0287018 10.854034 2.159864664077759 0.19421757757663727
Pedestrian 0.0 0 -1.093915343284607 0.0 159.6176300048828 47.84567642211914 254.2720947265625 0.9506171 1.8302602 0.691273 -11.995421 1.5746768 14.487108 -1.7855017185211182 0.15213683247566223
Pedestrian 0.0 0 -1.3794867992401123 274.00360107421875 153.71983337402344 288.9425354003906 188.63372802734375 0.6470954 1.9292198 0.64818174 -18.362274 0.87229013 40.25742 -1.8074196577072144 0.1096222773194313
Cyclist 0.0 0 -1.149024248123169 0.0 204.32870483398438 51.6263542175293 311.2543029785156 1.6346178 1.6686513 0.3385355 -10.380854 2.254255 12.580697 -1.8389084339141846 0.3126603364944458
Cyclist 0.0 0 -1.3455644845962524 539.249267578125 185.1530303955078 559.9436645507812 229.2098846435547 1.3171868 1.6856749 0.54137945 -2.4346607 2.1867013 28.679537 -1.4302533864974976 0.11373179405927658
Car 0.0 0 2.5298500061035156 0.0 197.0300750732422 409.63348388671875 375.0 4.1558886 1.4873613 1.6254752 -2.4450424 1.6441894 2.4771683 1.7509784698486328 0.4599742293357849
Car 0.0 0 -1.3256125450134277 0.0 172.8638153076172 126.77681732177734 253.37303161621094 3.8214698 1.5715063 1.6202211 -12.255484 1.5721122 16.157242 -1.974539875984192 0.15900512039661407
Car 0.0 0 2.8418169021606445 213.36163330078125 189.0912628173828 285.0442810058594 214.12916564941406 3.9845874 1.5169721 1.6230528 -24.106215 2.6467927 48.22371 2.378262758255005 0.1152220070362091
Car 0.0 0 1.5425472259521484 678.0216064453125 170.4884033203125 704.2750244140625 195.6516571044922 3.8245862 1.5858722 1.6004957 5.2692432 1.4371424 47.442646 1.6531593799591064 0.11361871659755707
