Pedestrian 0.0 0 -2.5266308784484863 345.15704345703125 147.3524627685547 423.5560302734375 289.1805725097656 0.6467216 1.7087717 0.72917676 -2.8985972 1.4018822 9.135882 -2.8338611125946045 0.29067301750183105
Pedestrian 0.0 0 0.247690811753273 418.9895935058594 158.09751892089844 431.82098388671875 192.01904296875 0.5602853 1.9492278 0.7270582 -10.731653 1.1016362 41.823368 -0.00348488986492157 0.2848408818244934
Pedestrian 0.0 0 2.3369178771972656 542.3372802734375 156.34295654296875 573.8391723632812 214.90682983398438 0.7838132 1.862493 0.6639992 -1.7314526 1.3377544 23.457752 2.263239860534668 0.27851274609565735
Pedestrian 0.0 0 0.4996335804462433 433.98388671875 151.01226806640625 472.5768737792969 219.4941864013672 0.81867594 1.8505043 0.676509 -4.3723173 1.2606598 19.93381 0.28371119499206543 0.1942330151796341
Pedestrian 0.0 0 -1.7727701663970947 516.7894287109375 158.81008911132812 531.8400268554688 192.96148681640625 0.95713586 1.8300424 0.63194364 -4.696906 1.077841 39.215523 -1.8919739723205566 0.17334577441215515
Pedestrian 0.0 0 -1.4621163606643677 470.52587890625 157.35382080078125 483.8654479980469 192.03475952148438 0.65911144 1.9439509 0.6751533 -7.540758 1.0754862 40.794838 -1.6448991298675537 0.165066197514534
Pedestrian 0.0 0 -1.5760200023651123 425.25189208984375 163.43629455566406 436.94854736328125 195.46731567382812 0.63981664 1.8818246 0.66838837 -10.642896 1.328891 42.78007 -1.8198516368865967 0.16080671548843384
Car 0.0 0 3.0356175899505615 522.7510986328125 165.8487091064453 602.00537109375 196.9256591796875 3.9299784 1.5558053 1.6545626 -2.523465 1.2054576 37.273815 2.968019962310791 0.5477897524833679
Car 0.0 0 1.187098503112793 730.7102661132812 160.6742401123047 773.8516845703125 184.66993713378906 3.8870635 1.6474178 1.6883271 10.095496 0.81157726 51.602455 1.380298137664795 0.28034597635269165
Car 0.0 0 1.706374168395996 5.901094913482666 177.5043487548828 70.22282409667969 217.83795166015625 3.6232116 1.4620584 1.517459 -22.585815 1.6589583 28.546656 1.0370285511016846 0.21381723880767822
Car 0.0 0 2.794006824493408 773.2177124023438 161.46823120117188 839.5455322265625 182.9932861328125 4.308759 1.52246 1.6549034 14.1052065 0.7175057 52.03431 3.058720588684082 0.18487346172332764
