Pedestrian 0.0 0 2.371401071548462 1155.931884765625 192.0909881591797 1234.657958984375 300.30767822265625 0.7471589 1.7244672 0.6911938 9.673608 2.0551412 12.008221 3.0495364665985107 0.409248411655426
Pedestrian 0.0 0 -1.5625113248825073 881.2619018554688 177.33795166015625 923.6756591796875 263.8363342285156 0.85163176 1.7926276 0.8261348 6.2550297 1.8931164 15.5588255 -1.1802608966827393 0.2828378975391388
Pedestrian 0.0 0 1.7606245279312134 1031.893310546875 144.0183868408203 1066.557861328125 219.33335876464844 0.85022986 1.8970855 0.6193451 11.3360615 1.1711122 18.69487 2.3057167530059814 0.16940203309059143
Pedestrian 0.0 0 -1.909299612045288 811.2412109375 173.8311767578125 842.7527465820312 240.11251831054688 0.7933139 1.8088044 0.61060417 5.993195 1.8369594 20.111094 -1.619674563407898 0.16916567087173462
Pedestrian 0.0 0 -1.4815967082977295 594.0745849609375 154.51414489746094 608.4168701171875 192.54815673828125 0.57423466 1.979445 0.70502377 -0.49355188 1.0253223 37.86213 -1.4946315288543701 0.16667166352272034
Pedestrian 0.0 0 -2.0729706287384033 453.26666259765625 151.4306640625 473.4240417480469 194.91696166992188 0.5947637 1.9563416 0.70115143 -6.729569 0.9929161 32.91105 -2.274667739868164 0.1655942052602768
Pedestrian 0.0 0 -0.866034209728241 982.4093627929688 176.1439971923828 1017.315673828125 234.1366729736328 0.7817633 1.7982594 0.61202896 12.29669 1.9047519 22.846674 -0.37227490544319153 0.1572178304195404
Pedestrian 0.0 0 0.08231490850448608 909.9187622070312 171.85060119628906 957.4934692382812 215.2687530517578 1.7414036 1.7457508 0.6351143 13.282231 1.7057648 29.706558 0.5027666091918945 0.15517160296440125
Pedestrian 0.0 0 1.3987598419189453 973.8545532226562 158.43826293945312 1007.6066284179688 228.03353881835938 0.9621088 1.8665403 0.6663583 10.445853 1.4802693 19.908802 1.8819599151611328 0.14115136861801147
Pedestrian 0.0 0 -1.1099777221679688 1144.446044921875 146.6166229248047 1177.895263671875 204.2753143310547 0.7834802 1.8705633 0.5923495 18.169035 1.0197284 23.84442 -0.4588516354560852 0.14018821716308594
Pedestrian 0.0 0 -1.9910695552825928 1051.079345703125 146.7030792236328 1077.3663330078125 195.0506591796875 0.8111232 1.8630927 0.5902485 17.731773 0.8557148 28.24484 -1.4304678440093994 0.13975168764591217
Pedestrian 0.0 0 -0.5434585809707642 866.19287109375 155.39096069335938 897.456298828125 208.1674041748047 0.84283775 1.8340786 0.5995238 9.537573 1.2275639 25.444118 -0.18482473492622375 0.13652245700359344
Pedestrian 0.0 0 -0.5635438561439514 1016.88671875 175.2555389404297 1051.873291015625 233.1852569580078 0.7169456 1.7822366 0.62883264 13.210671 1.8587412 22.549046 -0.0335833914577961 0.12577268481254578
Pedestrian 0.0 0 -1.598503589630127 534.9237060546875 148.72666931152344 549.284423828125 190.2728729248047 0.64761984 1.9655427 0.6648026 -3.2877862 0.82444143 34.495125 -1.693528175354004 0.12311521917581558
Cyclist 0.0 0 0.08231490850448608 909.9187622070312 171.85060119628906 957.4934692382812 215.2687530517578 1.7414036 1.7457508 0.6351143 13.282231 1.7057648 29.706558 0.5027666091918945 0.35076019167900085
Cyclist 0.0 0 2.3558547496795654 1152.927978515625 190.5236358642578 1242.0 298.38525390625 1.0055974 1.7238808 0.69235647 9.776997 2.0292506 12.055734 3.037256956100464 0.11380326747894287
Car 0.0 0 -1.7283391952514648 678.1984252929688 184.1517791748047 763.1446533203125 246.42770385742188 4.064776 1.46004 1.6417757 2.8550122 1.8008698 19.698248 -1.5844041109085083 0.8743933439254761
