Pedestrian 0.0 0 1.1790809631347656 845.094970703125 144.95333862304688 920.7908935546875 284.2779846191406 0.9063036 1.7696921 0.6378513 3.687006 1.3068134 9.582427 1.5463871955871582 0.6751074194908142
Pedestrian 0.0 0 1.4491612911224365 735.0997314453125 141.0971221923828 774.5443115234375 235.93328857421875 0.80875915 1.7385793 0.6329653 2.8519723 0.99916136 13.596051 1.655928134918213 0.6607688069343567
Pedestrian 0.0 0 1.7296690940856934 487.23907470703125 156.43675231933594 526.6527709960938 247.59674072265625 0.8243775 1.806588 0.6779153 -1.9552999 1.3111378 14.654122 1.597022533416748 0.6486555337905884
Pedestrian 0.0 0 1.943437099456787 561.0419921875 161.0798797607422 610.197265625 260.825439453125 0.86521196 1.8088337 0.659044 -0.3282146 1.4397938 13.54313 1.9192070960998535 0.5999878644943237
Pedestrian 0.0 0 -1.7092952728271484 562.7572631835938 163.44577026367188 584.6364135742188 215.84674072265625 0.83567667 1.7829065 0.647069 -0.99075377 1.1696985 24.90682 -1.7490527629852295 0.4893357753753662
Pedestrian 0.0 0 -1.381641149520874 332.1253662109375 187.5128936767578 410.4253845214844 324.92645263671875 0.84467334 1.6250359 0.7927355 -2.9059856 1.705646 9.001005 -1.6939283609390259 0.47909027338027954
Pedestrian 0.0 0 1.4174851179122925 353.89495849609375 159.22213745117188 398.3241882324219 263.2129211425781 0.7515473 1.7351702 0.6251449 -3.956646 1.3647319 12.458954 1.1099839210510254 0.4476037919521332
Pedestrian 0.0 0 -1.6995643377304077 545.947998046875 163.4718475341797 565.1763305664062 211.47373962402344 0.90065545 1.7422539 0.59718704 -1.7230923 1.0889595 26.56908 -1.7643269300460815 0.4022209346294403
Pedestrian 0.0 0 0.47070014476776123 593.148193359375 161.93150329589844 625.021484375 215.3006134033203 0.8887512 1.8133217 0.69239855 0.24414551 1.1495183 24.916649 0.4804983139038086 0.4010471999645233
Pedestrian 0.0 0 1.285723090171814 582.4068603515625 158.5852508544922 605.2803344726562 209.1954803466797 0.8571518 1.7901616 0.60671115 -0.3009468 0.9806899 25.904535 1.2741060256958008 0.3873242139816284
Pedestrian 0.0 0 0.7151591181755066 628.2220458984375 162.0123748779297 670.209228515625 226.43911743164062 0.98596525 1.7790082 0.68053204 1.3254204 1.2420514 20.421291 0.7799720764160156 0.358600914478302
Pedestrian 0.0 0 -2.790271043777466 398.91253662109375 173.48992919921875 444.8951721191406 255.48471069335938 0.7930575 1.7315922 0.6429882 -3.9099069 1.5636647 15.528576 -3.0369317531585693 0.3461538851261139
Pedestrian 0.0 0 -0.7355899810791016 781.8140258789062 150.68832397460938 824.2568969726562 220.11871337890625 0.8834637 1.7939625 0.63820755 5.3099194 0.99901605 19.040895 -0.46363019943237305 0.32929185032844543
Pedestrian 0.0 0 -1.7033805847167969 743.8724975585938 183.70606994628906 804.552978515625 318.3512878417969 0.82310766 1.6937271 0.6708389 2.2185903 1.7255582 9.489986 -1.4737229347229004 0.30458664894104004
Pedestrian 0.0 0 2.1749329566955566 0.0 129.387939453125 225.2409210205078 374.0 0.8506571 1.6561236 0.6551262 -2.4366086 1.4345556 3.4981086 1.566525936126709 0.2783907353878021
Pedestrian 0.0 0 1.5413016080856323 1082.6451416015625 116.91302490234375 1140.8072509765625 258.6546630859375 1.667983 1.7970607 0.5983851 7.0011873 0.9795344 9.965699 2.1537225246429443 0.14880061149597168
Pedestrian 0.0 0 -0.9099860787391663 853.71826171875 133.49118041992188 960.25146484375 255.74644470214844 1.6253141 1.7557858 0.6400382 4.640818 1.0676147 10.990104 -0.5104279518127441 0.11434536427259445
Pedestrian 0.0 0 1.5257008075714111 523.3809814453125 164.68824768066406 552.7844848632812 237.918212890625 1.780352 1.7832384 0.6642908 -1.6745332 1.3750443 18.41665 1.4350252151489258 0.10349203646183014
Cyclist 0.0 0 1.4973353147506714 520.5736694335938 165.68614196777344 553.5466918945312 238.5906219482422 1.7838967 1.7719651 0.7048404 -1.7005334 1.3887976 18.394583 1.4051498174667358 0.8215402960777283
Cyclist 0.0 0 -0.9099860787391663 853.71826171875 133.49118041992188 960.25146484375 255.74644470214844 1.6253141 1.7557858 0.6400382 4.640818 1.0676147 10.990104 -0.5104279518127441 0.33179622888565063
Cyclist 0.0 0 -1.284588098526001 0.0 140.76150512695312 86.78460693359375 308.82135009765625 1.8095624 1.7063433 0.5241599 -6.518734 1.2940832 8.227865 -1.9546010494232178 0.2457989603281021
Cyclist 0.0 0 1.5413016080856323 1082.6451416015625 116.91302490234375 1140.8072509765625 258.6546630859375 1.667983 1.7970607 0.5983851 7.0011873 0.9795344 9.965699 2.1537225246429443 0.23475658893585205
Cyclist 0.0 0 1.085411548614502 626.6490478515625 163.24624633789062 669.109375 227.9556427001953 1.2770346 1.7774755 0.68716073 1.2794948 1.2772254 20.452303 1.1478900909423828 0.22580930590629578
Cyclist 0.0 0 1.3245431184768677 581.8175048828125 159.01309204101562 605.0377197265625 210.27032470703125 0.9954211 1.8099436 0.6116823 -0.3175173 1.0169675 25.921865 1.3122947216033936 0.11233530938625336
Cyclist 0.0 0 1.7090314626693726 485.3220520019531 157.49871826171875 523.9943237304688 249.04537963867188 0.8759707 1.812452 0.6705535 -2.001774 1.3385195 14.657894 1.5733047723770142 0.10938789695501328
Cyclist 0.0 0 0.4277510941028595 591.4806518554688 162.1985626220703 626.202880859375 215.59719848632812 1.0086124 1.8127801 0.69157773 0.23579367 1.1586093 24.91027 0.43721652030944824 0.1081995815038681
Cyclist 0.0 0 -2.7969558238983154 397.1380920410156 175.13125610351562 450.2801818847656 256.7383728027344 0.95459086 1.7241364 0.6491418 -3.8735573 1.5908139 15.544639 -3.0411713123321533 0.10234693437814713
Cyclist 0.0 0 -0.6476753354072571 780.356201171875 151.09117126464844 822.9315795898438 220.34666442871094 0.88353086 1.7912792 0.63305885 5.269819 1.0059352 19.034073 -0.3775784969329834 0.10171404480934143
