Pedestrian 0.0 0 -2.5774152278900146 502.3558349609375 174.49122619628906 547.966796875 249.72557067871094 0.82471544 1.72795 0.70413345 -2.0542665 1.7682073 17.085949 -2.6970722675323486 0.5081978440284729
Pedestrian 0.0 0 -1.5874115228652954 461.64404296875 146.6790313720703 515.7470092773438 273.53448486328125 0.8046033 1.7531534 0.7427834 -1.8147751 1.3917708 10.433831 -1.7596205472946167 0.2519940137863159
Pedestrian 0.0 0 -1.1706209182739258 256.0212097167969 162.80116271972656 271.58355712890625 196.0511016845703 0.6131679 1.935348 0.63474953 -20.335556 1.35057 42.316544 -1.6185942888259888 0.18271560966968536
Pedestrian 0.0 0 -1.933824062347412 1053.1705322265625 155.67967224121094 1070.737060546875 188.6837158203125 0.72377366 1.8665556 0.6341312 25.781673 0.8956134 41.220768 -1.3748986721038818 0.17618140578269958
Pedestrian 0.0 0 -1.9557353258132935 1137.217041015625 85.62716674804688 1242.0 287.3081970214844 1.5067352 1.8008707 0.5390888 5.859164 1.0223539 7.239291 -1.2753154039382935 0.12209246307611465
Cyclist 0.0 0 -0.2660098671913147 357.9061279296875 186.01913452148438 391.3150939941406 217.58038330078125 1.733132 1.780782 0.6914541 -13.769044 2.5635264 42.112125 -0.5820148587226868 0.33778414130210876
Cyclist 0.0 0 -1.9837210178375244 1144.794921875 85.58341979980469 1242.0 290.6694030761719 1.471224 1.7862455 0.5553427 5.830238 1.0264994 7.065165 -1.2937965393066406 0.17422834038734436
Cyclist 0.0 0 -1.389397144317627 353.0292663574219 182.76121520996094 367.02117919921875 220.1865997314453 1.5149257 1.6289842 0.33148474 -11.3229475 2.0874434 32.586643 -1.723818063735962 0.1716596782207489
Cyclist 0.0 0 -1.6649776697158813 506.9052734375 173.03274536132812 543.8944091796875 248.0612030029297 1.1428514 1.7149781 0.7639937 -2.0707307 1.7197396 17.132627 -1.7852590084075928 0.13949470221996307
Car 0.0 0 -0.05868395417928696 548.3195190429688 171.45838928222656 716.1160888671875 234.36436462402344 4.3849797 1.6350807 1.7367867 0.5112806 1.5991634 19.69145 -0.03272518515586853 0.8273504376411438
Car 0.0 0 2.3844621181488037 390.65814208984375 179.6555938720703 516.3451538085938 230.78759765625 4.0646844 1.5073061 1.6383018 -5.1404514 1.7538521 23.974987 2.173250913619995 0.7474939823150635
Car 0.0 0 -0.5451021194458008 616.923828125 174.592529296875 727.3612060546875 214.53628540039062 4.20414 1.5161101 1.6593109 2.4882126 1.5908885 29.206804 -0.460114449262619 0.48679623007774353
