Pedestrian 0.0 0 -1.8704538345336914 974.7235107421875 122.62960052490234 1010.504638671875 192.49490356445312 0.86238205 1.8721092 0.6337226 10.605184 0.3229981 19.426653 -1.370756983757019 0.43624812364578247
Pedestrian 0.0 0 -3.043379068374634 548.2180786132812 165.09669494628906 566.416259765625 197.6287078857422 1.0206918 1.9031353 0.5578055 -2.8122795 1.0034099 41.652184 -3.110795021057129 0.3733550012111664
Pedestrian 0.0 0 -0.5358754396438599 1121.38525390625 115.12906646728516 1188.6029052734375 209.1121368408203 0.88326055 1.8421725 0.59932834 10.995218 0.5624603 14.2054825 0.1228172779083252 0.2933364510536194
Pedestrian 0.0 0 -1.0627634525299072 151.23545837402344 156.1653594970703 169.61953735351562 190.22764587402344 0.61234355 1.9597147 0.6929032 -25.784552 0.56104314 40.998108 -1.624177098274231 0.2729683518409729
Pedestrian 0.0 0 -2.6464076042175293 442.4036865234375 173.27438354492188 459.91864013671875 205.41189575195312 0.78397435 1.8103921 0.59843093 -8.758323 1.4047415 40.22111 -2.8608150482177734 0.2715855836868286
Pedestrian 0.0 0 0.04579562321305275 545.215087890625 168.13511657714844 557.000244140625 194.44793701171875 0.79253554 1.8246595 0.644683 -3.756168 0.96852005 49.35941 -0.030156303197145462 0.26106327772140503
Pedestrian 0.0 0 -1.5804216861724854 452.0044860839844 170.12832641601562 471.5237731933594 215.02659606933594 0.7735911 1.734481 0.7413796 -5.653719 1.3353136 27.765015 -1.7813026905059814 0.2307557612657547
Pedestrian 0.0 0 -1.368178129196167 777.490478515625 152.40374755859375 790.4417114257812 184.8662109375 0.70029116 1.8837548 0.608549 10.493588 0.25474265 41.47187 -1.1203505992889404 0.1918668895959854
Pedestrian 0.0 0 -2.380566120147705 994.630615234375 142.17494201660156 1021.1172485351562 187.15675354003906 0.7384354 1.8827281 0.6414679 17.090229 0.2801034 30.034807 -1.8632419109344482 0.18806500732898712
Pedestrian 0.0 0 -1.308341383934021 374.8401794433594 177.4442596435547 394.5026550292969 213.9022216796875 1.6459775 1.6834474 0.48064125 -10.438311 1.5438038 33.47494 -1.610610842704773 0.14458037912845612
Pedestrian 0.0 0 -0.157995343208313 603.0344848632812 166.09259033203125 633.4982299804688 195.22293090820312 1.813537 1.7827315 0.5736968 0.8124548 0.9023767 43.675373 -0.1393953561782837 0.11549730598926544
Cyclist 0.0 0 -0.157995343208313 603.0344848632812 166.09259033203125 633.4982299804688 195.22293090820312 1.813537 1.7827315 0.5736968 0.8124548 0.9023767 43.675373 -0.1393953561782837 0.7238864898681641
Cyclist 0.0 0 -1.308341383934021 374.8401794433594 177.4442596435547 394.5026550292969 213.9022216796875 1.6459775 1.6834474 0.48064125 -10.438311 1.5438038 33.47494 -1.610610842704773 0.6066914200782776
Cyclist 0.0 0 0.17485837638378143 658.8538208007812 165.95127868652344 691.8893432617188 195.96900939941406 1.7946774 1.7032307 0.7226113 4.0466022 0.8791098 40.70417 0.27394771575927734 0.4879949688911438
Cyclist 0.0 0 -0.03365904092788696 543.9987182617188 167.98458862304688 560.972900390625 194.2836151123047 1.1631149 1.8240949 0.5773051 -3.6673188 0.95733166 49.385315 -0.1077822893857956 0.17988024652004242
Cyclist 0.0 0 1.2747058868408203 974.8903198242188 122.71795654296875 1011.709228515625 193.4805908203125 0.92285323 1.8949608 0.64415205 10.633692 0.34919187 19.44635 1.7751059532165527 0.10529643297195435
Car 0.0 0 -1.4808820486068726 510.51837158203125 174.93357849121094 548.0228881835938 204.89173889160156 3.5818195 1.4324826 1.5644273 -3.7805786 1.1677618 35.60645 -1.5866625308990479 0.7423340082168579
Car 0.0 0 2.5016231536865234 967.1712646484375 138.6208038330078 1133.8714599609375 192.44900512695312 4.1487403 1.5735588 1.670173 13.5439 0.35087186 21.664888 3.060333490371704 0.5304929614067078
