Car 0.0 0 -1.8197400569915771 714.2597045898438 181.44969177246094 902.6343383789062 305.45648193359375 4.4765325 1.4812602 1.646377 2.729582 1.6415125 11.173224 -1.5801364183425903 0.8916239738464355
Car 0.0 0 -2.4399683475494385 0.0 181.8097686767578 242.21018981933594 331.6496276855469 4.067245 1.441033 1.6075737 -6.503184 1.549221 7.8599024 -3.1311872005462646 0.7590683698654175
Car 0.0 0 -0.32608017325401306 804.9857788085938 179.4441375732422 1018.186279296875 249.52029418945312 4.082864 1.4571046 1.6314367 6.547604 1.6132075 16.112892 0.05989527702331543 0.730044424533844
Car 0.0 0 -2.8812427520751953 375.08673095703125 176.30880737304688 505.163330078125 221.3994598388672 4.1508756 1.5155978 1.6500063 -5.9263806 1.6412235 25.272572 -3.111579418182373 0.7021884918212891
Car 0.0 0 -0.18441098928451538 679.6195068359375 179.63426208496094 753.8693237304688 207.93582153320312 3.8315117 1.5156829 1.6268033 5.837616 1.8998455 39.952633 -0.03932424634695053 0.6850882172584534
Car 0.0 0 3.563267230987549 0.0 172.0640106201172 253.88327026367188 289.88970947265625 3.7722752 1.4520047 1.5694288 -7.2656975 1.4426272 10.040778 2.9368648529052734 0.6773936152458191
Car 0.0 0 3.4947097301483154 180.4412384033203 184.3695068359375 415.59716796875 273.7370300292969 3.45787 1.4307381 1.5366417 -5.3715186 1.6461729 12.621016 3.092329978942871 0.6548954248428345
Car 0.0 0 -0.30971240997314453 727.6256713867188 178.46392822265625 834.1536254882812 218.58160400390625 3.7178464 1.4919977 1.5935973 6.5509615 1.7177085 28.03854 -0.08018839359283447 0.6153708100318909
Car 0.0 0 -0.2780444920063019 717.9622192382812 175.1830596923828 816.0241088867188 212.71932983398438 3.738753 1.5289544 1.6207001 6.5351605 1.6305773 30.436058 -0.06653817743062973 0.5687981843948364
Car 0.0 0 0.3160686492919922 230.92283630371094 154.18264770507812 449.71942138671875 236.06976318359375 3.937188 1.5979793 1.6414461 -5.5115685 1.2339765 14.970051 -0.03670332580804825 0.5126944780349731
Car 0.0 0 0.272906631231308 416.1015930175781 174.3519744873047 524.4209594726562 213.9598388671875 4.1117516 1.5839734 1.6824591 -5.789274 1.6485748 29.935213 0.08187150955200195 0.49329036474227905
Car 0.0 0 3.406111478805542 337.444091796875 174.4839324951172 476.0443420410156 224.9003448486328 3.9053922 1.523064 1.6210238 -6.354997 1.5765214 22.675714 3.1328656673431396 0.4617781341075897
