Pedestrian 0.0 0 1.5369365215301514 470.8220520019531 152.06851196289062 534.4041137695312 324.02099609375 0.99400806 1.7104362 0.6313769 -1.1676013 1.4293185 7.5751247 1.3840038776397705 0.7472249269485474
Pedestrian 0.0 0 -1.5660715103149414 840.140380859375 174.1831817626953 868.8162841796875 244.94818115234375 0.8207756 1.736822 0.66771626 6.260216 1.583383 17.847107 -1.228711485862732 0.27248144149780273
Pedestrian 0.0 0 1.7630894184112549 257.2892150878906 172.13790893554688 304.000244140625 266.27020263671875 0.8459125 1.755208 0.67427564 -6.2996516 1.6009239 13.669656 1.3312499523162842 0.1658000946044922
Pedestrian 0.0 0 -1.2985979318618774 497.7750549316406 167.4606170654297 558.9197998046875 266.89013671875 1.3601267 1.6945817 0.7646457 -1.4033809 1.4739987 12.778333 -1.4079846143722534 0.15500414371490479
Cyclist 0.0 0 0.6565625071525574 0.0 175.13685607910156 90.5671615600586 258.0689392089844 1.9809059 1.6230737 0.7561077 -11.681669 1.5197419 14.240784 -0.03043256141245365 0.2622389495372772
Cyclist 0.0 0 -1.7726824283599854 842.2468872070312 147.1168670654297 897.9840087890625 255.10903930664062 1.8342172 1.740979 0.5426282 4.5475264 1.2044517 12.341112 -1.4196348190307617 0.25302860140800476
Cyclist 0.0 0 -1.3306058645248413 499.4320373535156 166.38111877441406 558.143310546875 265.5111999511719 1.4413425 1.6988412 0.7451841 -1.4044597 1.4585259 12.875387 -1.439257264137268 0.21026743948459625
Cyclist 0.0 0 0.48910802602767944 40.166778564453125 189.65594482421875 109.93162536621094 250.01539611816406 1.4702002 1.6904075 0.6637017 -15.284695 1.961547 20.371225 -0.1545901894569397 0.1763027310371399
Cyclist 0.0 0 1.5396851301193237 471.87261962890625 153.31402587890625 535.4247436523438 325.2486572265625 1.0279031 1.7152182 0.63335216 -1.1612397 1.4457055 7.6114273 1.3882873058319092 0.1375327706336975
Cyclist 0.0 0 1.8695032596588135 65.6405029296875 149.1124725341797 129.5242156982422 248.27615356445312 1.6593076 1.7243246 0.5024325 -9.449356 1.1801826 13.156125 1.2466351985931396 0.1276293694972992
Car 0.0 0 2.3850204944610596 0.0 184.58587646484375 123.97212219238281 234.9563446044922 4.159108 1.5218248 1.6423498 -18.719929 1.6740055 23.888418 1.720334768295288 0.1959589570760727
Car 0.0 0 0.692193865776062 279.4165954589844 198.9143524169922 436.6352844238281 260.7110290527344 3.862814 1.4645122 1.5939937 -6.6708326 1.9983636 19.01457 0.3547821044921875 0.16414788365364075
Car 0.0 0 -1.2703183889389038 483.76220703125 141.0117950439453 582.1923828125 206.84164428710938 4.27707 1.7489761 1.714784 -2.0439153 0.7014327 21.047754 -1.3671233654022217 0.1462068110704422
