Pedestrian 0.0 0 0.9433948993682861 721.8560180664062 149.77886962890625 805.677001953125 303.77032470703125 0.8219771 1.6819153 0.57227784 1.8211013 1.3368092 8.334341 1.1585195064544678 0.5657945275306702
Pedestrian 0.0 0 0.993442177772522 801.7850341796875 136.7706298828125 905.4591674804688 326.1856994628906 0.7827965 1.7108309 0.61405385 2.3659434 1.3082066 6.940468 1.3219791650772095 0.5550002455711365
Pedestrian 0.0 0 -1.5130704641342163 704.7551879882812 152.6433868408203 727.97021484375 208.83924865722656 0.80742276 1.8077933 0.7085854 3.7520993 0.8805874 23.576015 -1.3552451133728027 0.5102558135986328
Pedestrian 0.0 0 -1.8129419088363647 703.822509765625 152.44505310058594 761.2964477539062 280.7979431152344 0.8536464 1.6922373 0.5877108 1.7485619 1.310498 9.913783 -1.638360619544983 0.5018669962882996
Pedestrian 0.0 0 -0.7951514720916748 810.6285400390625 142.6528778076172 886.8637084960938 265.4205017089844 0.867644 1.7538058 0.66085005 3.6524649 1.2001675 10.74971 -0.46761614084243774 0.4999880790710449
Pedestrian 0.0 0 1.292599081993103 777.0155029296875 160.0384979248047 837.1873168945312 291.4326171875 0.782425 1.6731235 0.57067466 2.6691198 1.4011748 9.537115 1.5654840469360352 0.49785253405570984
Pedestrian 0.0 0 2.7203938961029053 750.1505737304688 154.16651916503906 813.9152221679688 269.3086242675781 0.76738477 1.7098135 0.60615075 2.7200959 1.3052306 11.031057 2.962156057357788 0.49000224471092224
Pedestrian 0.0 0 -2.7307372093200684 798.7027587890625 146.3429412841797 842.4956665039062 236.12867736816406 0.63553876 1.6847546 0.5727889 4.202655 1.0263221 13.900359 -2.4371337890625 0.40328505635261536
Pedestrian 0.0 0 -1.1031551361083984 0.0 92.74860382080078 93.19078063964844 291.33966064453125 0.7679318 1.7386498 0.62538266 -5.349074 0.9630208 6.725758 -1.7750307321548462 0.3673059344291687
Pedestrian 0.0 0 -2.0731513500213623 851.290771484375 146.88819885253906 979.0831909179688 374.0 0.7635939 1.6351511 0.60203815 2.330929 1.3900774 5.523499 -1.6738226413726807 0.3664907217025757
Pedestrian 0.0 0 -1.7342983484268188 607.0684814453125 169.64527893066406 647.4083251953125 251.26893615722656 0.90635693 1.6639583 0.70785844 0.49477482 1.423532 15.136653 -1.701622724533081 0.3169933259487152
Pedestrian 0.0 0 -1.2719746828079224 685.6771240234375 156.89634704589844 706.9336547851562 201.80844116210938 0.7507533 1.796567 0.6664083 3.8441582 0.81337684 29.21218 -1.141132116317749 0.2580258548259735
Pedestrian 0.0 0 -1.4601649045944214 749.0589599609375 144.7808074951172 788.962890625 244.62586975097656 0.7578391 1.760519 0.6327677 3.0289984 1.1143419 13.125727 -1.2333672046661377 0.23765510320663452
Pedestrian 0.0 0 -1.5511224269866943 573.1557006835938 150.18333435058594 604.4356689453125 237.05067443847656 1.6309175 1.7365636 0.6253296 -0.29113913 1.111758 15.173222 -1.570307731628418 0.1254500299692154
Cyclist 0.0 0 -0.489680677652359 651.4774780273438 156.3103485107422 704.0016479492188 206.0846710205078 1.8308762 1.7497257 0.5629683 2.7274408 0.8652903 25.853502 -0.38457345962524414 0.32647988200187683
Cyclist 0.0 0 -1.5511224269866943 573.1557006835938 150.18333435058594 604.4356689453125 237.05067443847656 1.6309175 1.7365636 0.6253296 -0.29113913 1.111758 15.173222 -1.570307731628418 0.28082045912742615
Cyclist 0.0 0 -1.7342983484268188 607.0684814453125 169.64527893066406 647.4083251953125 251.26893615722656 0.90635693 1.6639583 0.70785844 0.49477482 1.423532 15.136653 -1.701622724533081 0.14289051294326782
Cyclist 0.0 0 -1.639265775680542 823.499755859375 142.02122497558594 876.0809936523438 267.1992492675781 0.98631364 1.7751333 0.6712153 3.6517236 1.2166064 10.746678 -1.311706304550171 0.1135660707950592
Car 0.0 0 1.6183950901031494 530.4053955078125 162.04998779296875 580.7100830078125 207.31973266601562 4.006679 1.5065657 1.6212902 -1.6069379 0.8603579 25.91814 1.5564738512039185 0.8184731006622314
