Pedestrian 0.0 0 -0.768789529800415 990.4129638671875 141.50332641601562 1033.3321533203125 206.11944580078125 0.90622824 1.8405732 0.63108957 11.629844 0.94791543 20.97238 -0.2624739408493042 0.40239185094833374
Pedestrian 0.0 0 -2.4505462646484375 29.856870651245117 127.75780487060547 130.23782348632812 267.9302673339844 0.88139576 1.8181554 0.64170253 -7.160418 1.2335774 9.700882 -3.0864009857177734 0.32991451025009155
Pedestrian 0.0 0 -1.5011065006256104 979.23828125 165.94358825683594 1016.896484375 248.644775390625 0.6499948 1.7220874 0.66931003 8.276622 1.5785496 15.47505 -1.0099796056747437 0.21695703268051147
Pedestrian 0.0 0 -1.5360952615737915 956.1519165039062 149.77757263183594 1002.20263671875 258.5391540527344 0.7135292 1.7825539 0.67682093 6.246561 1.4046993 12.298849 -1.0661492347717285 0.21588489413261414
Cyclist 0.0 0 -0.7246571779251099 992.7717895507812 141.60418701171875 1036.093505859375 205.4768829345703 0.9116675 1.8226521 0.62908685 11.714344 0.93127465 20.991638 -0.21565596759319305 0.13342250883579254
Car 0.0 0 1.326136827468872 719.54638671875 186.82789611816406 907.7440185546875 314.92694091796875 4.0801926 1.4431757 1.623625 2.6766884 1.6886879 10.613704 1.5731772184371948 0.9049137830734253
Car 0.0 0 -1.7434444427490234 682.4462280273438 182.83551025390625 779.23681640625 254.27371215820312 3.526795 1.423374 1.587182 2.6212552 1.6786191 16.646149 -1.587257742881775 0.8932185173034668
Car 0.0 0 1.843550682067871 303.2134094238281 189.02410888671875 469.22027587890625 302.2581787109375 3.694458 1.4208968 1.5384315 -3.3882535 1.7193676 11.440872 1.555626630783081 0.866642951965332
Car 0.0 0 2.883863925933838 735.994140625 171.324462890625 833.716552734375 203.9178009033203 4.264531 1.5213207 1.6573933 8.282294 1.4502866 34.55201 3.1191301345825195 0.7929286360740662
Car 0.0 0 1.4191548824310303 661.7481689453125 175.22451782226562 737.0324096679688 231.21640014648438 4.002877 1.4929892 1.6059216 2.5064964 1.5704486 21.436869 1.5355509519577026 0.7160754799842834
Car 0.0 0 1.794595718383789 641.5723876953125 181.0864715576172 676.7373046875 205.15347290039062 3.766452 1.5339515 1.6082824 3.3750849 2.1213412 49.412884 1.8627935647964478 0.22389905154705048
