Pedestrian 0.0 0 -0.7062860727310181 903.3753051757812 171.47943115234375 955.9425659179688 265.76470947265625 0.7089139 1.735379 0.57038885 5.9920764 1.7104372 13.652946 -0.29271358251571655 0.12204943597316742
Pedestrian 0.0 0 -2.0572471618652344 860.4713745117188 134.76011657714844 910.1355590820312 222.48728942871094 1.0389116 1.8538327 0.5967731 5.961906 1.0491983 15.797382 -1.6963753700256348 0.1196010634303093
Pedestrian 0.0 0 1.9042651653289795 442.95001220703125 181.5436553955078 461.0672302246094 212.29843139648438 1.6819465 1.7174681 0.50030476 -9.143422 2.2297966 41.643787 1.6881320476531982 0.1152624562382698
Pedestrian 0.0 0 0.7525169253349304 138.16522216796875 152.6940460205078 205.54684448242188 257.8081359863281 0.84252876 1.8073344 0.59270895 -7.804048 1.4610614 12.779038 0.20427322387695312 0.1127508133649826
Pedestrian 0.0 0 2.104048728942871 456.0700378417969 179.55540466308594 480.6732482910156 211.21827697753906 1.7464012 1.7374023 0.5599137 -8.049917 2.126109 40.894028 1.9096856117248535 0.10255245864391327
Cyclist 0.0 0 2.126307964324951 458.1373291015625 178.7980499267578 483.27679443359375 209.6667938232422 1.7640611 1.6944069 0.55296475 -7.914843 2.0391676 40.880962 1.9350669384002686 0.5261205434799194
Cyclist 0.0 0 1.9042651653289795 442.95001220703125 181.5436553955078 461.0672302246094 212.29843139648438 1.6819465 1.7174681 0.50030476 -9.143422 2.2297966 41.643787 1.6881320476531982 0.4312783479690552
Cyclist 0.0 0 -1.1943708658218384 0.0 130.05859375 63.27146530151367 244.9702606201172 1.6630348 1.7625715 0.4978827 -9.738301 1.1065123 11.932406 -1.878865361213684 0.12161316722631454
Cyclist 0.0 0 2.1514089107513428 126.23306274414062 140.39498901367188 180.1239013671875 208.02601623535156 1.5005192 1.8017954 0.5251263 -12.667733 0.937395 19.97436 1.5862213373184204 0.1106676384806633
Car 0.0 0 2.000552177429199 135.94561767578125 187.75253295898438 414.8066711425781 345.33514404296875 3.7910988 1.4303398 1.5811161 -3.7849965 1.6524583 8.822808 1.5952972173690796 0.9042664170265198
Car 0.0 0 1.3405526876449585 672.35791015625 174.5465850830078 709.3085327148438 198.36973571777344 3.8853257 1.5249403 1.6166922 5.3562555 1.643821 48.49698 1.450551986694336 0.16981717944145203
