Pedestrian 0.0 0 -0.6993454694747925 770.2130126953125 167.26083374023438 803.9188842773438 226.28956604003906 0.7579123 1.7640585 0.65085787 5.3551807 1.5972662 22.020214 -0.4607827663421631 0.5266181826591492
Pedestrian 0.0 0 -2.3386518955230713 1033.680419921875 160.55223083496094 1089.312744140625 243.5258331298828 0.79448825 1.8038926 0.6992984 10.042607 1.536803 16.145658 -1.782212495803833 0.32753321528434753
Pedestrian 0.0 0 -0.8634725213050842 157.186767578125 176.30250549316406 193.13265991210938 227.35765075683594 0.92348117 1.7137357 0.6032592 -14.975892 1.8349985 24.789612 -1.4069156646728516 0.2794639766216278
Pedestrian 0.0 0 0.410237193107605 250.29803466796875 183.96694946289062 274.4820861816406 224.25479125976562 0.7614073 1.7153132 0.6145509 -15.076192 2.2014818 31.217625 -0.03966826945543289 0.27639639377593994
Pedestrian 0.0 0 1.478821039199829 1209.04931640625 128.56626892089844 1242.0 212.6411895751953 0.68374205 1.8726782 0.65137064 14.138008 0.8865749 16.535892 2.186204433441162 0.16509325802326202
Pedestrian 0.0 0 -2.31231427192688 1218.7518310546875 166.28323364257812 1242.0 209.6481170654297 0.6914037 1.7762537 0.6349069 25.80412 1.5074687 29.906855 -1.6004266738891602 0.1565810739994049
Pedestrian 0.0 0 -3.1267478466033936 704.3550415039062 167.7778778076172 717.8795166015625 197.5797882080078 0.82645696 1.8427432 0.6520793 6.2764606 1.5292287 44.99751 -2.9881575107574463 0.14018858969211578
Cyclist 0.0 0 -0.9024077653884888 154.6356201171875 175.75244140625 195.17819213867188 227.43960571289062 1.170118 1.7238386 0.59490645 -14.954565 1.8261033 24.748333 -1.4459577798843384 0.1594017744064331
Cyclist 0.0 0 -1.9613926410675049 0.0 196.97496032714844 65.23432159423828 269.5239562988281 1.8341416 1.7187153 0.77424425 -14.849035 2.3599956 18.38939 -2.640676975250244 0.14783227443695068
Car 0.0 0 1.8882107734680176 320.0293884277344 186.15713500976562 391.3625793457031 225.2581024169922 4.2548833 1.5219659 1.7080338 -11.102759 2.1460814 31.684925 1.551169514656067 0.7825022339820862
Car 0.0 0 -1.5848885774612427 600.4888916015625 176.5369873046875 627.5704956054688 202.78060913085938 4.1087036 1.5813429 1.654054 0.1929547 1.8276335 46.11578 -1.5807044506072998 0.46107709407806396
Car 0.0 0 1.858310341835022 515.5545654296875 177.36009216308594 547.7100219726562 197.50643920898438 3.7183743 1.5209616 1.5501717 -6.212903 1.8915833 57.31815 1.7503385543823242 0.17295823991298676
Car 0.0 0 1.655521035194397 189.7269287109375 169.6269073486328 220.1887969970703 191.45448303222656 4.0685525 1.5815651 1.6685848 -30.561846 1.3480961 54.475075 1.1442532539367676 0.14011000096797943
