Pedestrian 0.0 0 0.02652677893638611 519.726318359375 166.19139099121094 537.571533203125 210.18943786621094 0.7329646 1.8343484 0.6139101 -3.3671632 1.0423262 30.303135 -0.0841352716088295 0.22328023612499237
Pedestrian 0.0 0 -1.6835880279541016 358.09893798828125 189.6315460205078 378.4984436035156 240.34619140625 1.3066765 1.6689285 0.51228243 -8.201672 1.8247317 24.474836 -2.0069334506988525 0.11979537457227707
Cyclist 0.0 0 -2.85803484916687 376.4940490722656 140.40846252441406 477.36126708984375 231.3244171142578 1.8746957 1.8002608 0.6720287 -3.7007043 0.91414714 14.599448 -3.106288433074951 0.473882257938385
Cyclist 0.0 0 -1.8095731735229492 349.86859130859375 189.55560302734375 376.8982238769531 241.02117919921875 1.6405365 1.6892627 0.49674344 -8.400013 1.8436451 24.555475 -2.1391777992248535 0.24090571701526642
Car 0.0 0 -1.2095409631729126 251.62869262695312 185.61795043945312 370.8916931152344 249.39988708496094 4.0905275 1.5424099 1.6315224 -7.9057307 1.5555937 19.47062 -1.5952380895614624 0.8327188491821289
Car 0.0 0 -1.5874186754226685 577.07666015625 179.72750854492188 612.7520751953125 213.32456970214844 3.646028 1.5607784 1.6588944 -0.69641685 1.3069513 35.243217 -1.607176423072815 0.6106876134872437
Car 0.0 0 1.556140422821045 542.344970703125 175.79342651367188 565.6547241210938 197.30917358398438 3.9828389 1.4982249 1.6201394 -3.9471066 0.8432473 52.109287 1.4805381298065186 0.2829231023788452
Car 0.0 0 -1.1514304876327515 354.72418212890625 184.23046875 442.4317321777344 228.236083984375 3.8737826 1.4759772 1.6212769 -7.5360384 1.4440631 26.137463 -1.432140588760376 0.2614515423774719
Car 0.0 0 -1.0919357538223267 97.59996032714844 154.8395233154297 308.5439758300781 269.0845031738281 4.1495795 1.8158114 1.6963176 -7.351691 1.3341432 13.512591 -1.5902087688446045 0.20693804323673248
Car 0.0 0 1.5436924695968628 616.3331909179688 174.21044921875 637.48388671875 192.95401000976562 3.9544697 1.4642407 1.5972903 1.5054288 0.60564584 58.13122 1.569583773612976 0.1965654045343399
Car 0.0 0 -1.5472583770751953 478.7532653808594 156.2711639404297 504.40057373046875 181.79623413085938 3.6567647 1.6869537 1.6757659 -8.05928 -0.24563134 49.946655 -1.7072372436523438 0.19578813016414642
