Pedestrian 0.0 0 -0.1965382993221283 510.5236511230469 151.9988555908203 615.9517211914062 326.50433349609375 1.0157923 1.7326132 0.53076136 -0.49766693 1.4513284 7.4036765 -0.26365622878074646 0.5913609266281128
Pedestrian 0.0 0 -1.5896060466766357 840.1196899414062 172.8590545654297 868.2186279296875 243.79635620117188 0.7947177 1.7429947 0.651364 6.244406 1.5568475 17.847101 -1.2530349493026733 0.23456595838069916
Pedestrian 0.0 0 -0.7848381996154785 54.66933822631836 191.3046875 103.24951171875 252.16990661621094 0.95458037 1.6997057 0.6408012 -15.232202 2.0216649 20.442667 -1.4252076148986816 0.17851485311985016
Pedestrian 0.0 0 2.890686273574829 635.1207885742188 170.50460815429688 695.1416625976562 270.2210998535156 0.97874904 1.778194 0.5977433 1.0518054 1.6015936 12.980852 2.9715371131896973 0.16780570149421692
Pedestrian 0.0 0 0.3999152183532715 1128.6038818359375 139.87155151367188 1202.974609375 253.6156463623047 0.7689101 1.7726401 0.6169857 9.069302 1.141125 11.499554 1.06770658493042 0.15347561240196228
Pedestrian 0.0 0 3.44252872467041 256.0118103027344 173.00160217285156 304.5689697265625 265.232666015625 0.6948144 1.7289704 0.6331596 -6.2825246 1.5900413 13.608835 3.010028600692749 0.14325113594532013
Pedestrian 0.0 0 -0.49385857582092285 819.8612670898438 187.494384765625 868.962646484375 278.0868835449219 0.6808586 1.7339758 0.6722669 4.682702 1.8777678 13.977283 -0.1705886721611023 0.13993410766124725
Pedestrian 0.0 0 -2.19907283782959 1112.0081787109375 187.4626922607422 1224.0 370.0 0.68443507 1.6619809 0.6583695 4.319535 1.7194839 5.3010416 -1.515344500541687 0.13251258432865143
Pedestrian 0.0 0 -0.7535982131958008 983.0050048828125 192.7325439453125 1122.5179443359375 370.0 0.6651064 1.6214234 0.5790499 3.2730763 1.720648 5.2820635 -0.19884909689426422 0.131729394197464
Pedestrian 0.0 0 1.6542015075683594 758.1387329101562 138.8444366455078 800.4591064453125 248.01181030273438 0.916093 1.848369 0.6559485 3.0495477 1.1447256 12.504832 1.893402099609375 0.11519959568977356
Pedestrian 0.0 0 -2.446319341659546 1161.9794921875 162.1815185546875 1224.0 264.9649658203125 0.8843567 1.6769545 0.592581 10.098221 1.3797332 12.018201 -1.747516393661499 0.11285251379013062
Cyclist 0.0 0 -2.2971081733703613 0.0 167.00833129882812 85.54658508300781 253.0527801513672 1.8027768 1.6766523 0.6811322 -11.601995 1.4153866 14.253389 -2.980316638946533 0.15514856576919556
Cyclist 0.0 0 -1.3918170928955078 73.96134185791016 155.4229278564453 127.1824951171875 251.05909729003906 1.72909 1.6656865 0.51252985 -9.431122 1.2305665 13.200794 -2.0121660232543945 0.13937553763389587
Cyclist 0.0 0 0.4625082015991211 47.20433807373047 191.5772705078125 102.2234115600586 252.27322387695312 1.0728836 1.6972383 0.6920377 -15.292914 2.0247567 20.362953 -0.18164317309856415 0.13324607908725739
Cyclist 0.0 0 -1.1571818590164185 77.25994110107422 198.44256591796875 114.45178985595703 254.3404083251953 1.5540812 1.6370269 0.346511 -15.862894 2.2174094 22.008677 -1.7817028760910034 0.12956738471984863
Cyclist 0.0 0 -0.2504076361656189 517.0466918945312 151.1873779296875 632.4263916015625 327.7569274902344 1.108588 1.7487086 0.5427872 -0.37640202 1.4600972 7.4210534 -0.3010850250720978 0.10458184033632278
Car 0.0 0 2.076920509338379 63.870567321777344 183.44325256347656 167.88095092773438 225.12744140625 3.8789077 1.4469893 1.5572205 -18.439772 1.5685197 26.82666 1.474723219871521 0.14211133122444153
Car 0.0 0 -1.2840290069580078 485.6875305175781 142.03805541992188 581.0262451171875 205.6787109375 4.2068667 1.6950644 1.6932831 -2.0383654 0.67221725 21.052813 -1.380549669265747 0.12339939922094345
