Pedestrian 0.0 0 -2.195847749710083 1171.4061279296875 204.0524444580078 1242.0 274.0897216796875 1.7938545 1.7627728 0.80234367 16.496511 2.6635911 19.900726 -1.503707766532898 0.1465233713388443
Pedestrian 0.0 0 2.6494078636169434 11.811040878295898 192.46766662597656 54.67201614379883 232.6739959716797 1.4416534 1.7715043 0.5850925 -26.66372 2.6989615 33.32511 1.9746004343032837 0.12456299364566803
Cyclist 0.0 0 -2.248544931411743 1171.5711669921875 205.2088165283203 1242.0 275.8948669433594 1.8399391 1.7669992 0.8039595 16.479906 2.697263 19.808527 -1.5546176433563232 0.31125617027282715
Cyclist 0.0 0 -1.1937596797943115 131.93199157714844 192.15570068359375 160.1773223876953 238.6342010498047 1.6297455 1.6783602 0.33330303 -17.75898 2.438689 27.574833 -1.7659255266189575 0.28356412053108215
Cyclist 0.0 0 1.5029196739196777 337.5125732421875 187.30068969726562 352.69091796875 222.07493591308594 1.8772781 1.68856 0.598459 -13.565999 2.445906 36.825928 1.1499639749526978 0.2694077491760254
Cyclist 0.0 0 -1.7634323835372925 10.149663925170898 192.2671356201172 62.22791290283203 269.75225830078125 1.7927114 1.6792585 0.6165252 -13.470744 2.155192 16.85804 -2.437605619430542 0.2358001172542572
Cyclist 0.0 0 2.6790719032287598 11.941081047058105 192.08303833007812 54.24110794067383 232.6997528076172 1.413894 1.7916061 0.58413273 -26.661419 2.7001777 33.312206 2.004117727279663 0.1441902369260788
Cyclist 0.0 0 2.228762149810791 49.349884033203125 188.52151489257812 87.0449447631836 226.33160400390625 1.7395006 1.7988685 0.55390346 -26.991716 2.5982802 35.922718 1.5843766927719116 0.12458082288503647
Cyclist 0.0 0 -0.9463065266609192 85.0936279296875 203.14906311035156 115.84799194335938 240.04962158203125 1.5643524 1.7119534 0.39962202 -25.123125 3.237694 35.543327 -1.5616023540496826 0.12404832243919373
Car 0.0 0 2.0483741760253906 166.49420166015625 190.3896026611328 245.45437622070312 226.71029663085938 3.7931318 1.4662322 1.5722436 -18.358387 2.3128889 32.899612 1.539400339126587 0.2817014455795288
Car 0.0 0 1.686606526374817 418.22845458984375 172.7626495361328 462.4414367675781 214.08901977539062 3.9979808 1.8768828 1.6275555 -8.16923 1.8730925 34.84555 1.4563242197036743 0.2524975538253784
Car 0.0 0 1.56421959400177 954.296630859375 180.28134155273438 1004.9290161132812 223.3024444580078 3.7421215 1.4774644 1.6137402 14.020356 1.7820079 27.513506 2.0355024337768555 0.12707318365573883
Car 0.0 0 1.7773053646087646 239.62037658691406 191.5642547607422 282.8350524902344 218.84510803222656 3.7730439 1.502632 1.6651798 -21.511164 2.7111704 44.557747 1.3275361061096191 0.11949766427278519
Car 0.0 0 0.7269750833511353 302.4748229980469 188.6830596923828 388.6669921875 221.25064086914062 4.0879626 1.5375443 1.6565615 -13.617683 2.384252 37.05743 0.3748178482055664 0.11471997201442719
