Pedestrian 0.0 0 -1.0969234704971313 244.6545867919922 173.54127502441406 277.93072509765625 230.67877197265625 0.70534205 1.7114923 0.6650111 -10.661774 1.733131 21.978777 -1.5485754013061523 0.1783551424741745
Pedestrian 0.0 0 -3.7542004585266113 1141.36767578125 159.97781372070312 1180.4718017578125 217.87582397460938 0.7636482 1.7928157 0.6103992 17.248549 1.3944618 22.659214 -3.103559732437134 0.15923377871513367
Cyclist 0.0 0 1.9283121824264526 437.8660583496094 176.01683044433594 455.0225524902344 203.36410522460938 1.7487459 1.7035295 0.4885491 -10.461067 1.9097015 46.0508 1.704939365386963 0.3011106848716736
Cyclist 0.0 0 1.749983549118042 388.54571533203125 177.7292938232422 405.1997985839844 212.80421447753906 1.6885297 1.692435 0.5044936 -10.638881 1.9413753 35.920475 1.4620361328125 0.18806575238704681
Cyclist 0.0 0 -0.46767115592956543 864.5836791992188 187.71253967285156 904.0115356445312 227.55735778808594 1.547775 1.8202345 0.760232 12.788439 2.525362 33.76163 -0.1055852621793747 0.16195112466812134
Cyclist 0.0 0 0.9840566515922546 906.1234741210938 146.1648712158203 940.9776611328125 191.10354614257812 1.64772 1.8512212 0.52835095 13.229611 0.7521371 30.578228 1.3923873901367188 0.15826019644737244
Car 0.0 0 -1.5491918325424194 586.8582153320312 180.99900817871094 616.7619018554688 208.52029418945312 3.5893753 1.4383113 1.6065024 -0.45864734 1.9170908 40.576077 -1.5604947805404663 0.6055759787559509
Car 0.0 0 -1.4999574422836304 521.2517700195312 180.39239501953125 551.474853515625 205.65286254882812 3.7248032 1.4676931 1.6146415 -4.5787716 1.9572256 44.93246 -1.6015102863311768 0.5532212853431702
Car 0.0 0 -0.6752845644950867 0.0 207.67625427246094 194.40060424804688 375.0 3.9012485 1.4735849 1.6055378 -3.70692 1.7123047 2.9836826 -1.5683621168136597 0.49403247237205505
Car 0.0 0 1.768639326095581 440.3415222167969 176.35812377929688 476.5299377441406 201.00619506835938 3.8159091 1.5389787 1.6146005 -9.962836 1.7793707 47.50823 1.5619271993637085 0.1328602135181427
