Pedestrian 0.0 0 -2.920513391494751 799.046142578125 157.9525604248047 851.2172241210938 245.74356079101562 0.96532536 1.8324755 0.6307084 4.5937653 1.5217932 15.568342 -2.63358473777771 0.40616223216056824
Pedestrian 0.0 0 -1.5393528938293457 351.573974609375 171.56124877929688 385.5159912109375 250.73785400390625 0.816616 1.7462322 0.7088578 -5.528604 1.7180784 16.404106 -1.8644227981567383 0.3686562478542328
Pedestrian 0.0 0 -2.1945180892944336 342.3747253417969 175.05711364746094 371.1743469238281 230.79856872558594 0.6164548 1.7607855 0.6356869 -8.208407 1.83351 23.260975 -2.533759117126465 0.3667300343513489
Cyclist 0.0 0 1.881373643875122 338.0284423828125 146.87557983398438 478.4052734375 375.0 1.6957517 1.6623124 0.55374295 -1.5427616 1.4917667 5.6027412 1.6126742362976074 0.619018018245697
Cyclist 0.0 0 -2.9341483116149902 796.744384765625 158.36276245117188 851.8200073242188 246.46871948242188 1.034433 1.8379602 0.6228797 4.575077 1.5360194 15.568323 -2.6483240127563477 0.11174862086772919
Car 0.0 0 -1.94070303440094 784.7150268554688 188.91220092773438 1200.604248046875 375.0 3.402077 1.4726381 1.5451531 2.4363856 1.6370022 5.637299 -1.5327579975128174 0.9223528504371643
Car 0.0 0 -1.4484859704971313 468.94586181640625 180.78794860839844 539.2810668945312 236.41958618164062 3.6759045 1.4276251 1.5742602 -3.0237267 1.6781819 20.896729 -1.5921871662139893 0.8485856056213379
Car 0.0 0 1.77739417552948 354.40869140625 175.53826904296875 501.0960388183594 286.5537414550781 4.2379866 1.6646237 1.699495 -3.134154 1.7215589 13.062632 1.5419126749038696 0.8091240525245667
Car 0.0 0 1.4519057273864746 628.1068115234375 178.22994995117188 666.502197265625 208.48501586914062 3.7719061 1.4792873 1.5677058 1.8743019 1.776468 37.899773 1.5013196468353271 0.7364228963851929
Car 0.0 0 -2.296808958053589 0.0 171.22531127929688 129.20884704589844 348.99591064453125 4.0264945 1.4381949 1.5868362 -7.0410404 1.4253764 6.6966553 -3.1072704792022705 0.5924555659294128
Car 0.0 0 1.7700107097625732 552.1354370117188 171.6758575439453 582.265625 193.7371826171875 3.85603 1.6619892 1.620579 -3.3321688 1.5735904 56.376556 1.710973858833313 0.3280496597290039
