Pedestrian 0.0 0 -2.594170570373535 1121.51904296875 131.98231506347656 1213.240234375 244.92709350585938 1.0293869 1.7628621 0.6008422 9.078038 1.1252874 11.847601 -1.9403600692749023 0.17555800080299377
Pedestrian 0.0 0 -1.366114616394043 1159.9317626953125 137.86526489257812 1205.685302734375 225.93455505371094 0.68475944 1.8475263 0.65044713 12.337626 1.1138871 15.6029 -0.6970539093017578 0.17506565153598785
Pedestrian 0.0 0 -3.2290048599243164 898.81005859375 142.5130157470703 929.0048828125 205.35372924804688 0.78343624 1.8512515 0.6137842 9.071038 0.95778143 21.66485 -2.8324837684631348 0.16546715795993805
Pedestrian 0.0 0 -1.8634421825408936 687.5147705078125 165.06385803222656 698.73828125 188.54824829101562 1.0269974 1.8269955 0.60452145 6.5025916 1.2213094 56.689114 -1.7492351531982422 0.14176514744758606
Cyclist 0.0 0 -2.633052110671997 1084.603515625 132.70301818847656 1226.7969970703125 248.24966430664062 1.8501643 1.7632885 0.53617376 8.924064 1.150926 11.962036 -1.9920952320098877 0.22097772359848022
Car 0.0 0 2.0809998512268066 191.07760620117188 185.0948944091797 270.38299560546875 219.23252868652344 4.298194 1.5749652 1.7188982 -19.37906 2.2401986 37.015995 1.5987043380737305 0.7000327706336975
Car 0.0 0 1.9192904233932495 345.1551513671875 181.10824584960938 390.1596984863281 206.06338500976562 3.9388402 1.5464408 1.5901806 -16.097225 2.118854 48.014355 1.5958081483840942 0.6167710423469543
Car 0.0 0 1.0745677947998047 1016.9187622070312 178.8030548095703 1073.0946044921875 204.6730194091797 3.671357 1.6330336 1.6662935 29.003374 2.0468726 48.2758 1.6155643463134766 0.19963198900222778
Car 0.0 0 1.376734733581543 1188.4197998046875 193.6791229248047 1242.0 230.73187255859375 3.6515062 1.510594 1.722875 28.454182 2.5415933 33.692036 2.0780489444732666 0.14399288594722748
Car 0.0 0 1.3563194274902344 1013.5482177734375 188.4682159423828 1075.880615234375 226.77035522460938 3.693449 1.5035589 1.6045151 19.132006 2.239082 31.96326 1.8956811428070068 0.1412968933582306
