Car 0.0 0 -1.9495172500610352 725.384765625 190.58236694335938 917.4243774414062 313.3065490722656 3.455788 1.4588945 1.5567724 2.9258447 1.7716066 10.903263 -1.6873478889465332 0.919837474822998
Car 0.0 0 -1.7488614320755005 658.75439453125 180.37289428710938 742.5796508789062 240.32420349121094 4.2021704 1.4968934 1.6349922 2.4351413 1.7353448 20.698473 -1.6317514181137085 0.8803317546844482
Car 0.0 0 -2.626326322555542 154.40914916992188 188.4441375732422 382.1432800292969 271.064697265625 3.6942008 1.4556682 1.5788198 -6.5747027 1.7783282 13.986822 -3.065739631652832 0.7953835725784302
Car 0.0 0 0.31947091221809387 360.22515869140625 185.1728973388672 496.5955810546875 232.12979125976562 4.186097 1.4985487 1.6585169 -6.1527963 1.9343264 24.519533 0.07361292839050293 0.7297035455703735
Car 0.0 0 0.7241346836090088 0.0 192.90342712402344 288.7144470214844 322.5987854003906 3.8808138 1.4509021 1.5964772 -6.5156403 1.7411156 9.406785 0.11835646629333496 0.7266730070114136
Car 0.0 0 -2.7427988052368164 212.80055236816406 186.25662231445312 409.69476318359375 255.27928161621094 3.8325639 1.4674913 1.6080288 -6.7665143 1.7892488 16.47845 -3.1324336528778076 0.7256654500961304
Car 0.0 0 0.4002329409122467 258.20233154296875 183.85997009277344 438.96710205078125 247.0836181640625 4.1064634 1.5360144 1.6599674 -6.7691145 1.837455 18.795158 0.05454277992248535 0.7037373185157776
Car 0.0 0 0.6690374612808228 0.0 191.4379119873047 204.4237060546875 372.3708190917969 3.8034046 1.4263831 1.5721803 -6.2359657 1.6256846 6.7982774 -0.07324636727571487 0.6794540882110596
Car 0.0 0 0.5112916827201843 58.527381896972656 191.2777557373047 339.6124572753906 287.6011657714844 3.6794906 1.4193567 1.5435506 -6.5654516 1.738167 11.696832 -0.00018703844398260117 0.603096067905426
Car 0.0 0 1.4324743747711182 647.8912353515625 177.50299072265625 699.0119018554688 213.82835388183594 4.157148 1.4540539 1.6527585 2.6615343 1.6713239 31.542376 1.51665461063385 0.5716431140899658
Car 0.0 0 -1.7072398662567139 630.4961547851562 176.89395141601562 660.9899291992188 199.6752166748047 3.9530392 1.5186899 1.6170353 2.4508 1.8152622 50.861504 -1.6590913534164429 0.5616121292114258
Car 0.0 0 3.348334789276123 392.6035461425781 171.82225036621094 489.1495056152344 210.542724609375 3.5893595 1.5365138 1.5923436 -6.8932924 1.4959301 29.466816 3.118533134460449 0.49697640538215637
