Pedestrian 0.0 0 -1.7582342624664307 1217.8614501953125 173.90858459472656 1242.0 234.96400451660156 1.5048505 1.7359322 0.5585666 18.456018 1.7686266 21.330355 -1.0449550151824951 0.1637103408575058
Cyclist 0.0 0 -1.7582342624664307 1217.8614501953125 173.90858459472656 1242.0 234.96400451660156 1.5048505 1.7359322 0.5585666 18.456018 1.7686266 21.330355 -1.0449550151824951 0.22219067811965942
Car 0.0 0 1.9193881750106812 408.3763122558594 175.67835998535156 444.5221862792969 194.05201721191406 4.177821 1.4841634 1.6392794 -15.517627 1.7321746 61.105072 1.670695424079895 0.5016173720359802
Car 0.0 0 2.0359675884246826 96.93858337402344 196.0380096435547 164.37374877929688 227.02975463867188 3.755334 1.522504 1.6286461 -26.745054 2.882183 40.340546 1.4505202770233154 0.478626012802124
Car 0.0 0 -0.42800283432006836 936.4529418945312 178.03936767578125 1005.1751708984375 200.8195343017578 3.7604914 1.4735487 1.5912714 23.893826 1.8245001 47.92197 0.03452301025390625 0.447892427444458
Car 0.0 0 0.517180323600769 187.01527404785156 196.46170043945312 378.2222595214844 263.1588134765625 3.9493506 1.464069 1.6118147 -7.916935 2.0699368 17.51854 0.09273290634155273 0.2786130905151367
Car 0.0 0 2.4564220905303955 0.0 195.7449951171875 69.2696533203125 255.2841796875 3.8755984 1.5206851 1.6552085 -19.0484 2.2859106 22.05488 1.7440383434295654 0.26130905747413635
Car 0.0 0 1.4409701824188232 1175.8287353515625 172.570556640625 1231.7186279296875 206.70751953125 3.9777963 1.5912577 1.6277612 29.301516 1.5784036 35.74956 2.127568244934082 0.22947978973388672
Car 0.0 0 1.9927597045898438 33.17486572265625 195.14559936523438 95.17440032958984 222.36636352539062 4.093179 1.5475962 1.6758007 -35.323483 3.0605297 46.77466 1.3459490537643433 0.19670233130455017
Car 0.0 0 0.8124011158943176 37.27482223510742 204.080078125 136.20980834960938 240.17471313476562 3.6833794 1.5107826 1.5973805 -24.134773 2.9995015 33.265236 0.18474864959716797 0.19407811760902405
