Pedestrian 0.0 0 -1.8990116119384766 961.9825439453125 175.20240783691406 995.8450317382812 232.8804931640625 0.69499916 1.7133985 0.72703683 11.121988 1.786199 21.85922 -1.428348183631897 0.3484739363193512
Pedestrian 0.0 0 -1.3821570873260498 306.1648864746094 174.9001007080078 322.1195373535156 211.50364685058594 0.71208507 1.8110212 0.6180799 -14.858488 1.9150727 36.153088 -1.7720999717712402 0.19738760590553284
Pedestrian 0.0 0 -1.6505002975463867 726.8138427734375 170.75201416015625 741.8260498046875 209.01658630371094 0.8502456 1.6947988 0.59708816 5.5391464 1.6020564 32.405437 -1.4812039136886597 0.1713937222957611
Pedestrian 0.0 0 -2.23732590675354 959.8861083984375 146.0174102783203 995.8712768554688 194.50465393066406 1.2817427 1.831374 0.5689112 14.18658 0.81810796 27.934 -1.7674095630645752 0.1554720401763916
Cyclist 0.0 0 -3.3510680198669434 929.462890625 167.25149536132812 962.8031005859375 195.97979736328125 1.807605 1.7944927 0.6790358 21.200382 1.4448937 45.600773 -2.915882110595703 0.1878003478050232
Cyclist 0.0 0 -2.23732590675354 959.8861083984375 146.0174102783203 995.8712768554688 194.50465393066406 1.2817427 1.831374 0.5689112 14.18658 0.81810796 27.934 -1.7674095630645752 0.17198814451694489
Car 0.0 0 2.1348493099212646 100.14718627929688 192.46658325195312 270.2427062988281 269.3099060058594 3.7949572 1.4597008 1.5749928 -9.613139 1.9641182 16.614256 1.6103079319000244 0.8813639879226685
Car 0.0 0 2.030900239944458 221.9852294921875 187.99798583984375 316.75164794921875 236.37623596191406 3.7606666 1.5347003 1.5742764 -12.183548 2.1200154 25.970852 1.5922571420669556 0.8630169630050659
Car 0.0 0 1.8998769521713257 456.29217529296875 181.2849884033203 492.69171142578125 202.02516174316406 3.9215848 1.4902202 1.5731691 -10.415437 2.163849 55.563694 1.7145769596099854 0.6068090796470642
Car 0.0 0 -1.56313157081604 604.355224609375 175.43113708496094 631.1803588867188 200.7059326171875 4.0903573 1.5343637 1.6445814 0.48002172 1.7073853 46.27954 -1.5527597665786743 0.355435848236084
