Pedestrian 0.0 0 0.5156874656677246 250.26979064941406 152.9322509765625 285.620849609375 209.26783752441406 0.9210928 1.8949442 0.5837532 -11.697751 1.2251997 24.591526 0.07168269157409668 0.2264627069234848
Pedestrian 0.0 0 -3.434880018234253 917.9713745117188 144.79031372070312 956.4008178710938 217.61813354492188 0.7583725 1.8603383 0.6377601 8.46531 1.1438282 18.793774 -3.011667251586914 0.2089676409959793
Pedestrian 0.0 0 -1.1909233331680298 0.0 145.59129333496094 28.983196258544922 196.68020629882812 0.7669173 1.9263645 0.7182687 -22.939896 0.89875174 27.67887 -1.8829727172851562 0.20694448053836823
Cyclist 0.0 0 -2.6706314086914062 249.80245971679688 154.1005096435547 292.2480163574219 209.78201293945312 1.1812278 1.8765558 0.56963784 -11.603163 1.2448914 24.616919 -3.1110968589782715 0.1101967990398407
Cyclist 0.0 0 0.33234676718711853 370.77130126953125 137.09420776367188 418.54681396484375 199.78536987304688 1.2737137 1.8760761 0.57080036 -6.574953 0.8062982 21.900839 0.040693044662475586 0.1092764362692833
Car 0.0 0 3.050802230834961 588.7485961914062 189.59449768066406 659.4786987304688 218.71189880371094 3.7464828 1.5161333 1.6000041 0.7060957 2.4564505 39.576347 3.0686416625976562 0.8032007813453674
Car 0.0 0 1.3235827684402466 560.8047485351562 188.23617553710938 598.3163452148438 211.5751190185547 4.156798 1.5391649 1.7715658 -2.2997584 2.7127662 52.785973 1.2800426483154297 0.19567866623401642
Car 0.0 0 -0.28084373474121094 1025.7545166015625 151.6456756591797 1139.075927734375 186.88339233398438 4.095133 1.5665787 1.6602846 21.76442 0.6240692 33.46589 0.2957749366760254 0.16009359061717987
Car 0.0 0 1.5161546468734741 572.1580200195312 185.2510986328125 593.5762329101562 203.83465576171875 3.7540185 1.4698921 1.6198187 -2.3655987 2.5621874 61.60625 1.4777748584747314 0.11618045717477798
Car 0.0 0 3.015927314758301 443.9426574707031 188.5742950439453 497.1890869140625 209.4927215576172 4.0089564 1.5725363 1.6660877 -11.19777 2.8627698 57.78413 2.8245136737823486 0.10500157624483109
