Pedestrian 0.0 0 1.461517572402954 845.7512817382812 129.31060791015625 899.7391357421875 254.6612091064453 0.8221917 1.827979 0.6831498 3.9350235 1.1933465 10.998553 1.8051033020019531 0.20911525189876556
Pedestrian 0.0 0 -1.3362762928009033 322.6660461425781 180.1326446533203 361.1881103515625 259.32952880859375 0.77870756 1.7650222 0.6692134 -6.2007604 1.9370143 16.583948 -1.6940834522247314 0.20823316276073456
Pedestrian 0.0 0 -1.4925127029418945 713.4735107421875 158.30929565429688 732.7224731445312 209.67568969726562 0.75478673 1.8134483 0.62725675 4.021627 1.3003175 25.91 -1.3385262489318848 0.1817062646150589
Pedestrian 0.0 0 1.709740400314331 801.8267211914062 138.16604614257812 841.62646484375 238.89822387695312 0.7727558 1.8473694 0.6271362 3.9787493 1.2115703 13.710669 1.9921765327453613 0.14362449944019318
Pedestrian 0.0 0 -1.2992579936981201 0.0 140.13624572753906 66.17745971679688 248.4699249267578 1.7823706 1.7652544 0.5182083 -10.187976 1.2324893 12.675553 -1.9762814044952393 0.11175671964883804
Cyclist 0.0 0 -1.2888926267623901 0.0 138.48419189453125 62.21293258666992 247.35693359375 1.8098292 1.7754354 0.5190439 -10.291095 1.2153096 12.698323 -1.9699606895446777 0.38803204894065857
Cyclist 0.0 0 -0.6321895122528076 155.44955444335938 138.89149475097656 248.00477600097656 230.11569213867188 1.6590503 1.7153152 0.46079966 -8.166985 1.0770662 14.415508 -1.147643804550171 0.22539134323596954
Cyclist 0.0 0 -1.716181993484497 697.7633666992188 160.27476501464844 713.9794921875 201.75157165527344 1.7082154 1.7349555 0.44511765 4.0737176 1.2091302 31.036158 -1.5856709480285645 0.15789765119552612
Car 0.0 0 2.0519466400146484 0.0 195.1875762939453 388.54180908203125 375.0 4.2163835 1.5044388 1.6564016 -3.7570302 1.7943022 7.240158 1.5732812881469727 0.8862404823303223
Car 0.0 0 1.831893801689148 444.844482421875 176.5797119140625 532.7433471679688 234.57733154296875 4.154614 1.607075 1.668203 -3.6910899 1.7342876 22.415545 1.668691873550415 0.8530962467193604
Car 0.0 0 -1.613263487815857 645.884521484375 171.7799072265625 710.9266967773438 228.66824340820312 3.6409166 1.4407569 1.6280917 1.7771778 1.4139124 20.126627 -1.5251920223236084 0.8511433005332947
