Pedestrian 0.0 0 -1.5253565311431885 699.729248046875 161.1758270263672 724.51806640625 224.8267364501953 0.8316809 1.7994316 0.6735468 3.1785967 1.2260056 20.778723 -1.373559594154358 0.4650619924068451
Pedestrian 0.0 0 -1.3631771802902222 537.9979858398438 175.29310607910156 560.580322265625 225.38783264160156 0.85521096 1.7384827 0.6351949 -1.860317 1.5241457 25.392752 -1.4363082647323608 0.44447553157806396
Pedestrian 0.0 0 -2.9673995971679688 748.73974609375 155.98541259765625 775.0389404296875 207.2152862548828 0.82584566 1.8054593 0.6221526 5.73441 0.9073258 25.758728 -2.748351573944092 0.4087812304496765
Pedestrian 0.0 0 -1.318497657775879 1068.72314453125 24.91728973388672 1238.0 374.0 0.6144879 1.6898355 0.5972596 2.0279205 1.2400266 2.4902623 -0.6350737810134888 0.3427759110927582
Pedestrian 0.0 0 -1.0454437732696533 684.9029541015625 160.53807067871094 710.98388671875 213.10086059570312 0.68410254 1.7851737 0.6380601 3.3180618 1.0743252 24.85971 -0.9127565622329712 0.33774110674858093
Pedestrian 0.0 0 -2.2790799140930176 212.2431182861328 153.07032775878906 377.3910217285156 374.0 0.8144056 1.6093361 0.54364395 -1.9527497 1.4506161 4.465626 -2.691309690475464 0.2793117165565491
Pedestrian 0.0 0 1.2256443500518799 951.0491333007812 145.45556640625 1038.565185546875 272.0157775878906 1.7894262 1.7649858 0.5860926 5.893862 1.2636359 10.943438 1.7196736335754395 0.12477104365825653
Cyclist 0.0 0 1.2256443500518799 951.0491333007812 145.45556640625 1038.565185546875 272.0157775878906 1.7894262 1.7649858 0.5860926 5.893862 1.2636359 10.943438 1.7196736335754395 0.26196378469467163
Cyclist 0.0 0 -3.1201725006103516 573.4213256835938 163.227783203125 601.1963500976562 193.4276123046875 1.7667141 1.9213693 0.5795066 -0.89169866 0.7595692 45.99078 -3.139558792114258 0.1630641371011734
Cyclist 0.0 0 -2.044579267501831 747.2994995117188 155.4742431640625 776.60400390625 207.4136962890625 0.9997423 1.8212311 0.63755417 5.723999 0.90971303 25.749565 -1.8258410692214966 0.10823890566825867
Cyclist 0.0 0 -1.5421874523162842 236.7292938232422 152.49456787109375 345.2040710449219 374.0 0.9476873 1.6269777 0.57035387 -2.0010662 1.4667135 4.54795 -1.956688404083252 0.10256172716617584
Car 0.0 0 1.7607561349868774 421.5655212402344 150.63829040527344 552.27001953125 256.0620422363281 4.34483 1.7311755 1.6897833 -2.07745 1.225681 13.999704 1.6134387254714966 0.48873451352119446
Car 0.0 0 2.010117530822754 121.36280822753906 103.85474395751953 480.1839294433594 347.5364685058594 4.2695737 1.8157244 1.6676697 -2.7011242 1.2385716 7.554698 1.6667393445968628 0.2645004689693451
Car 0.0 0 -1.497828722000122 332.9476623535156 137.66229248046875 410.67431640625 207.4323272705078 3.8439379 1.6068066 1.6329186 -5.8675666 0.59843117 18.59909 -1.8034225702285767 0.16940703988075256
Car 0.0 0 -1.6054906845092773 662.3984375 157.21327209472656 692.8947143554688 186.95469665527344 3.648616 1.6931483 1.6716651 4.5005713 0.31132507 42.76986 -1.500648856163025 0.1623626947402954
