Pedestrian 0.0 0 -1.0267915725708008 472.392578125 184.60032653808594 498.6716003417969 230.6343231201172 0.90579396 1.7676396 0.6495403 -4.956963 2.241106 28.518776 -1.1988862752914429 0.36643898487091064
Pedestrian 0.0 0 -1.3823692798614502 158.609375 169.04891967773438 192.5873565673828 235.90469360351562 0.7608857 1.7827265 0.6659186 -11.904547 1.6816211 19.709679 -1.9257211685180664 0.3219243288040161
Cyclist 0.0 0 -1.0267915725708008 472.392578125 184.60032653808594 498.6716003417969 230.6343231201172 0.90579396 1.7676396 0.6495403 -4.956963 2.241106 28.518776 -1.1988862752914429 0.1710633784532547
Car 0.0 0 -1.7060357332229614 658.7042236328125 180.98818969726562 724.79541015625 233.9263458251953 4.2509418 1.6088147 1.6685299 2.6615984 1.9122478 24.733252 -1.598836064338684 0.8621034622192383
Car 0.0 0 -2.1229047775268555 811.3368530273438 203.55648803710938 1242.0 375.0 4.234214 1.4377677 1.6356515 2.9321015 1.7566926 5.3291783 -1.6199098825454712 0.8174706697463989
Car 0.0 0 0.31103020906448364 274.2038879394531 184.2125244140625 449.13458251953125 242.64788818359375 4.164594 1.481924 1.6483096 -6.6528797 1.8027222 19.491587 -0.01789155788719654 0.8059808611869812
Car 0.0 0 -1.6795637607574463 643.9303588867188 182.10507202148438 684.4094848632812 216.11700439453125 3.6256237 1.5427586 1.595187 2.5823314 2.022773 35.567528 -1.607087254524231 0.6191908121109009
Car 0.0 0 -2.450063467025757 0.0 180.08746337890625 267.1974182128906 325.4915466308594 3.7042954 1.4542495 1.5789912 -6.159916 1.5453337 8.173881 -3.0958707332611084 0.6019671559333801
Car 0.0 0 0.24633242189884186 406.1069641113281 176.68301391601562 516.1546630859375 215.63929748535156 4.389058 1.6283662 1.7218161 -6.4409456 1.7999114 31.300474 0.043387413024902344 0.5614144802093506
Car 0.0 0 0.6997971534729004 758.05517578125 199.4009246826172 1109.498779296875 362.7558898925781 3.9895675 1.4671025 1.6195275 3.789515 1.8891401 9.316061 1.0861279964447021 0.4500254690647125
Car 0.0 0 -2.58882474899292 366.8997497558594 183.32809448242188 488.57470703125 230.31695556640625 3.7284105 1.4733713 1.5947059 -6.2245936 1.8489896 24.52893 -2.837344169616699 0.42629504203796387
