Pedestrian 0.0 0 1.5243620872497559 585.5860595703125 130.49200439453125 616.8606567382812 218.12294006347656 0.81308174 1.8650284 0.64380753 -0.13158846 0.80233973 15.466584 1.5158543586730957 0.7022598385810852
Pedestrian 0.0 0 0.2565634548664093 763.853515625 121.26789855957031 862.9822998046875 299.54046630859375 0.89433193 1.7775975 0.5914038 2.171622 1.1886747 7.528101 0.5374078750610352 0.6897414922714233
Pedestrian 0.0 0 1.3921208381652832 547.3818969726562 131.67373657226562 583.1533203125 220.0664825439453 0.8004889 1.841514 0.63229394 -0.90248036 0.82592374 15.188701 1.3327727317810059 0.6323757171630859
Pedestrian 0.0 0 0.41216203570365906 671.4156494140625 141.6941680908203 704.275146484375 203.010498046875 0.8326394 1.8602927 0.6236681 2.5390153 0.6845115 21.925388 0.5274510383605957 0.6122802495956421
Pedestrian 0.0 0 0.842822253704071 498.1217346191406 139.04342651367188 544.5206909179688 221.16383361816406 0.8733799 1.8503672 0.65825075 -1.9893206 0.91786367 16.462181 0.7225635051727295 0.5704711079597473
Pedestrian 0.0 0 0.5831265449523926 439.08233642578125 136.59860229492188 478.23773193359375 206.4613800048828 0.8705718 1.8735448 0.59106827 -4.046632 0.697802 19.39145 0.3773977756500244 0.4647272825241089
Pedestrian 0.0 0 -0.07261845469474792 764.9330444335938 132.81051635742188 836.9921875 285.228271484375 0.7985398 1.7713922 0.55922145 2.3073494 1.2188306 8.562502 0.19060063362121582 0.44934090971946716
Pedestrian 0.0 0 0.13967269659042358 567.5164794921875 146.6066436767578 600.7221069335938 214.88455200195312 0.8300584 1.8145438 0.54788 -0.59459233 0.9153831 19.102757 0.10855674743652344 0.4444446861743927
Pedestrian 0.0 0 1.063153624534607 698.9759521484375 121.61304473876953 802.4966430664062 310.4586181640625 0.9995697 1.749155 0.60386217 1.3879311 1.205422 7.112689 1.255866527557373 0.37620189785957336
Pedestrian 0.0 0 1.138028621673584 421.1716003417969 132.9437255859375 461.79425048828125 215.6395721435547 0.7743258 1.8387674 0.64114374 -3.794538 0.7829525 16.218918 0.9082047939300537 0.2741340398788452
Pedestrian 0.0 0 0.27751457691192627 530.05224609375 148.69056701660156 565.4878540039062 217.94493103027344 0.81811374 1.821925 0.59105337 -1.5660158 0.9866774 18.965113 0.1951279640197754 0.26705530285835266
Pedestrian 0.0 0 1.6820175647735596 115.04496765136719 152.78179931640625 166.24530029296875 261.1287841796875 0.8849357 1.7368675 0.6267156 -7.821868 1.2941823 11.865976 1.099212884902954 0.26023516058921814
Pedestrian 0.0 0 0.25667381286621094 466.4762878417969 143.4022674560547 497.0077819824219 200.01785278320312 0.8726307 1.8342483 0.5714657 -4.0742135 0.6338907 23.22314 0.08300352096557617 0.22954437136650085
Pedestrian 0.0 0 -1.3620891571044922 82.67943572998047 158.21681213378906 114.77169036865234 218.23985290527344 0.7110515 1.8134209 0.67403114 -15.647331 1.1417596 21.817429 -1.9842617511749268 0.2226988524198532
Cyclist 0.0 0 0.694318413734436 230.45712280273438 125.52567291259766 346.3861083984375 233.06944274902344 1.7489063 1.6934459 0.6257818 -5.2643256 0.8294447 11.663687 0.27034807205200195 0.5823861956596375
Cyclist 0.0 0 1.0565241575241089 698.4321899414062 120.74002075195312 804.411865234375 313.2216491699219 1.0351547 1.770252 0.6015655 1.3870513 1.2223393 7.0837765 1.2498844861984253 0.15041375160217285
Cyclist 0.0 0 1.515115737915039 585.2619018554688 130.01882934570312 617.0200805664062 219.21356201171875 0.8772782 1.8902256 0.6419845 -0.13404894 0.8220428 15.437272 1.5064325332641602 0.1183556616306305
Cyclist 0.0 0 1.2733421325683594 499.0049743652344 132.18321228027344 538.0445556640625 215.25022888183594 0.9143314 1.8756227 0.66381645 -2.066978 0.78625834 16.512934 1.1488165855407715 0.11075703054666519
Cyclist 0.0 0 1.710228681564331 111.98788452148438 151.80526733398438 166.3566436767578 261.7951354980469 1.0078274 1.7511988 0.6294492 -7.827932 1.295992 11.842562 1.126159429550171 0.10284056514501572
Car 0.0 0 1.9156360626220703 0.0 27.355356216430664 288.076171875 370.0 4.0926995 1.6059297 1.6122011 -3.1205323 1.1643615 4.233203 1.2804057598114014 0.2635653018951416
