Pedestrian 0.0 0 0.12583723664283752 184.87045288085938 158.13487243652344 299.3387756347656 336.035400390625 0.99770135 1.7291342 0.45620733 -3.7449691 1.5134486 7.2529435 -0.35079503059387207 0.7010116577148438
Pedestrian 0.0 0 -1.4566820859909058 259.6360168457031 171.08865356445312 302.52496337890625 263.4735107421875 0.8272996 1.7243794 0.66787004 -6.301379 1.5503519 13.689403 -1.8880772590637207 0.3566199541091919
Pedestrian 0.0 0 -1.505500316619873 838.680908203125 172.34962463378906 867.8853759765625 243.32460021972656 0.81059945 1.7415581 0.64584625 6.2354255 1.543165 17.843609 -1.1693167686462402 0.260320782661438
Pedestrian 0.0 0 2.8660850524902344 629.7680053710938 171.9503936767578 688.5501098632812 271.5233459472656 0.94731313 1.7737169 0.5989011 0.94271237 1.6230631 12.978653 2.9385933876037598 0.19845792651176453
Pedestrian 0.0 0 -2.0600802898406982 1115.5433349609375 185.91061401367188 1224.0 370.0 0.67677826 1.6606103 0.654691 4.311614 1.7058629 5.290171 -1.3762454986572266 0.1504695564508438
Pedestrian 0.0 0 -0.4951309263706207 820.9060668945312 189.5069580078125 870.0607299804688 278.74969482421875 0.6645129 1.7039014 0.70287263 4.703755 1.8887914 13.978593 -0.17053574323654175 0.14510388672351837
Pedestrian 0.0 0 -0.8063461780548096 982.7901000976562 192.19471740722656 1121.0245361328125 370.0 0.6607193 1.6267675 0.57638836 3.2660072 1.7218252 5.2773614 -0.252166211605072 0.13550028204917908
Pedestrian 0.0 0 -1.5898315906524658 845.6382446289062 153.66751098632812 883.193359375 254.69198608398438 0.87469614 1.7559291 0.617324 4.6399302 1.291193 12.797988 -1.2420190572738647 0.12881523370742798
Pedestrian 0.0 0 -0.7258071899414062 55.298274993896484 191.57200622558594 100.31916809082031 252.4257354736328 0.8299621 1.700453 0.634726 -15.232969 2.0288234 20.39398 -1.367343544960022 0.12564247846603394
Cyclist 0.0 0 1.6214712858200073 962.5424194335938 129.92965698242188 1006.7322387695312 246.93283081054688 1.6765378 1.7757856 0.5582082 6.197309 1.0099272 11.588226 2.1125648021698 0.13840913772583008
Cyclist 0.0 0 -1.2964513301849365 0.0 180.3148956298828 41.9556999206543 266.0528564453125 1.6797246 1.6180524 0.5134293 -11.941916 1.6161945 14.209542 -1.9953546524047852 0.13687925040721893
Cyclist 0.0 0 -1.4563477039337158 78.25862884521484 157.3631134033203 124.35891723632812 252.04608154296875 1.7532855 1.6532515 0.5093813 -9.443422 1.250905 13.231098 -2.076228618621826 0.1312602162361145
Cyclist 0.0 0 -2.2899858951568604 1140.7867431640625 155.5032501220703 1224.0 260.5339660644531 1.4970574 1.7011472 0.5238146 10.052567 1.2979366 12.202935 -1.6009105443954468 0.12858623266220093
Car 0.0 0 2.0113744735717773 52.58641815185547 183.74514770507812 151.4002685546875 226.15638732910156 3.7963252 1.4540025 1.5489761 -18.774145 1.5865506 26.54516 1.3957972526550293 0.18804945051670074
Car 0.0 0 -1.1659051179885864 295.3655700683594 194.40794372558594 401.592041015625 251.55856323242188 3.5841415 1.4142131 1.5643352 -7.241498 1.849743 20.221022 -1.5097930431365967 0.15507972240447998
Car 0.0 0 -1.2858688831329346 487.64630126953125 142.77389526367188 580.4645385742188 204.45716857910156 4.1076126 1.6526514 1.6610435 -2.0297227 0.64345634 21.111973 -1.381715178489685 0.14834198355674744
