Pedestrian 0.0 0 -1.4871554374694824 336.413330078125 165.45751953125 350.94488525390625 201.37684631347656 0.7332169 1.8804387 0.66412985 -14.137574 1.493578 38.21304 -1.8415066003799438 0.2764435112476349
Pedestrian 0.0 0 0.7209112048149109 337.7497253417969 159.40570068359375 384.4154052734375 240.58078002929688 0.748761 1.835127 0.7023983 -5.831818 1.531459 16.775452 0.3863403797149658 0.21174506843090057
Pedestrian 0.0 0 0.3613215386867523 469.15216064453125 156.1717071533203 502.9568786621094 222.79100036621094 0.7589655 1.8478743 0.66036713 -3.547404 1.385502 20.406803 0.1892070770263672 0.16287611424922943
Car 0.0 0 3.140183925628662 384.26519775390625 172.8907470703125 474.9462585449219 206.38015747070312 3.9674246 1.4874711 1.628081 -8.342597 1.4895909 33.321854 2.894862651824951 0.7252211570739746
Car 0.0 0 1.2442818880081177 683.3616333007812 168.00955200195312 724.9111938476562 192.2494659423828 3.9162927 1.591666 1.6479973 6.372691 1.2739224 49.457714 1.3724271059036255 0.5474997758865356
Car 0.0 0 1.17227303981781 715.9879150390625 166.87257385253906 755.9506225585938 190.3519287109375 3.3703818 1.5931697 1.5815104 8.795885 1.1876636 50.776455 1.3437985181808472 0.2301952838897705
Car 0.0 0 0.7709712982177734 958.5619506835938 160.18763732910156 1014.547607421875 183.95443725585938 3.5856302 1.7130662 1.6321175 28.080515 0.80045503 53.96285 1.2507798671722412 0.2230885624885559
Car 0.0 0 1.3844914436340332 796.2086791992188 168.6765899658203 824.9961547851562 187.31735229492188 3.9186103 1.5147449 1.6280259 16.799576 1.1756463 60.64989 1.6547093391418457 0.20086750388145447
Car 0.0 0 1.2220332622528076 925.0992431640625 162.3354949951172 969.00537109375 185.07183837890625 4.0307274 1.6174004 1.6602906 24.858002 0.86950064 53.40526 1.657668948173523 0.1821654886007309
Car 0.0 0 2.1163201332092285 50.554203033447266 175.15501403808594 114.28160858154297 200.29086303710938 3.831225 1.558698 1.6013936 -34.36968 1.7155058 47.07916 1.4857161045074463 0.16222885251045227
