Pedestrian 0.0 0 2.2373011112213135 228.00746154785156 154.01377868652344 351.153076171875 342.7716064453125 0.89129126 1.6977147 0.69743717 -3.0503602 1.4518795 6.9772425 1.8251533508300781 0.6311670541763306
Pedestrian 0.0 0 -1.2285317182540894 692.7874145507812 167.69664001464844 747.9727783203125 279.5727233886719 0.7879989 1.6932422 0.6364038 1.8469447 1.4856333 11.367988 -1.0674700736999512 0.6226012706756592
Pedestrian 0.0 0 0.3388657569885254 770.359375 161.66900634765625 851.8987426757812 319.14666748046875 0.7484986 1.7128298 0.5926543 2.368246 1.4984918 8.268799 0.6178061962127686 0.5934283137321472
Pedestrian 0.0 0 0.9858262538909912 711.8609619140625 161.3656768798828 784.2655639648438 294.3067932128906 0.849472 1.7121856 0.5894732 1.9317886 1.4542023 9.753857 1.181349754333496 0.556916356086731
Pedestrian 0.0 0 -1.6570783853530884 721.9044189453125 165.0497589111328 743.614990234375 216.042236328125 0.7436509 1.7282695 0.6722554 4.494548 1.1718036 24.745201 -1.477403998374939 0.5141243934631348
Pedestrian 0.0 0 -2.1555778980255127 784.5032958984375 170.8703155517578 889.86376953125 347.3827819824219 0.91449517 1.6261508 0.5812407 2.2665112 1.5296003 7.1344886 -1.8479775190353394 0.44489341974258423
Pedestrian 0.0 0 -3.1023776531219482 666.93115234375 165.45191955566406 688.305908203125 214.0492706298828 0.77180237 1.7915467 0.6148902 2.8296807 1.2009724 26.838617 -2.9973325729370117 0.41619184613227844
Pedestrian 0.0 0 -2.1408369541168213 980.509765625 140.68658447265625 1043.8021240234375 246.8787384033203 0.6953148 1.7589585 0.6666125 6.955515 1.0842155 12.260974 -1.624817132949829 0.3998645544052124
Pedestrian 0.0 0 -1.4628794193267822 743.8328247070312 168.19635009765625 791.514892578125 281.0172424316406 0.7591434 1.6562735 0.6366114 2.5122685 1.4622787 11.005594 -1.2384529113769531 0.3040884733200073
Pedestrian 0.0 0 -1.6990952491760254 624.1542358398438 160.21395874023438 659.493896484375 238.0148468017578 1.3147624 1.7519939 0.6596924 0.89702857 1.2738696 16.853813 -1.6459213495254517 0.2913409173488617
Pedestrian 0.0 0 3.437436819076538 207.2510223388672 162.43995666503906 258.9317932128906 253.34254455566406 0.7994781 1.7847724 0.55402994 -7.434739 1.4117992 14.445032 2.9621050357818604 0.2744608521461487
Pedestrian 0.0 0 -0.6150563955307007 1001.0320434570312 147.7308349609375 1053.00537109375 234.80377197265625 0.7324782 1.7991791 0.5984629 8.940964 1.1026478 15.168641 -0.08243969082832336 0.26960909366607666
Pedestrian 0.0 0 -0.11949324607849121 1066.916015625 132.95574951171875 1204.8720703125 374.0 0.7761257 1.7423321 0.6535953 4.0350585 1.4004683 5.5513678 0.5090320110321045 0.2466723471879959
Pedestrian 0.0 0 3.692505359649658 62.973411560058594 180.96434020996094 255.61441040039062 349.1173400878906 1.5182098 1.6282417 0.72327656 -4.504887 1.6244262 7.3155203 3.140550136566162 0.15596331655979156
Cyclist 0.0 0 -1.6043189764022827 624.7943115234375 161.93296813964844 657.1625366210938 240.0362091064453 1.7181368 1.7511365 0.69843554 0.8796767 1.3136444 16.968328 -1.5525230169296265 0.42443329095840454
Cyclist 0.0 0 -3.069196939468384 736.637939453125 161.58457946777344 848.10400390625 264.7377014160156 1.8166687 1.6940261 0.63941836 3.2520392 1.3682553 12.390298 -2.8125197887420654 0.34967830777168274
Cyclist 0.0 0 0.6881394386291504 64.40092468261719 171.08514404296875 254.4658660888672 344.95556640625 1.5555872 1.6627942 0.7065839 -4.5233545 1.5645655 7.321685 0.13473272323608398 0.33673688769340515
Cyclist 0.0 0 -3.12313175201416 671.1610107421875 165.54586791992188 697.9835815429688 213.9703826904297 0.98517513 1.7861223 0.6276634 3.093384 1.1986988 26.869356 -3.008509635925293 0.11851903796195984
Car 0.0 0 1.744148850440979 540.3382568359375 172.41796875 598.7704467773438 212.45297241210938 4.1634684 1.4845511 1.6451327 -1.2168022 1.1488142 28.805613 1.7019320726394653 0.8558275103569031
