Pedestrian 0.0 0 -2.474184989929199 25.868139266967773 163.5561065673828 159.5722198486328 336.36260986328125 0.94379485 1.7447056 0.65467894 -5.4436994 1.5753285 7.4787245 -3.1033856868743896 0.6865662336349487
Pedestrian 0.0 0 1.3700947761535645 837.1763916015625 172.6120147705078 871.7200317382812 244.43896484375 0.8523033 1.765635 0.66289914 6.248022 1.5733316 17.84275 1.7069222927093506 0.29775455594062805
Pedestrian 0.0 0 -0.38573166728019714 828.635009765625 191.77511596679688 877.65185546875 280.0596008300781 0.6977226 1.6910212 0.712278 4.863636 1.9220506 14.007019 -0.051528044044971466 0.24161778390407562
Pedestrian 0.0 0 -0.5679469108581543 55.65300369262695 189.64353942871094 100.28074645996094 250.67288208007812 0.80129886 1.7052289 0.6637639 -15.228402 1.9769078 20.390247 -1.2094272375106812 0.18588928878307343
Pedestrian 0.0 0 -1.2271583080291748 657.6983642578125 168.9215087890625 707.1475219726562 266.2333679199219 0.88131076 1.7491165 0.6653391 1.4164857 1.5426422 13.245272 -1.1206204891204834 0.178116574883461
Pedestrian 0.0 0 -2.0530807971954346 1114.07373046875 186.01661682128906 1224.0 370.0 0.68290365 1.6628779 0.6679626 4.3202953 1.7091687 5.307981 -1.3699069023132324 0.15614941716194153
Pedestrian 0.0 0 -0.8382270336151123 983.260009765625 191.3576202392578 1122.445556640625 370.0 0.66475505 1.6219784 0.5822475 3.2677584 1.7103719 5.267662 -0.2829834222793579 0.12844321131706238
Pedestrian 0.0 0 2.793567657470703 747.4043579101562 130.6946258544922 809.6253662109375 237.27206420898438 0.90908635 1.8124033 0.58860993 2.9798553 0.9670855 12.361798 3.0301084518432617 0.11285685747861862
Pedestrian 0.0 0 -2.4300169944763184 1138.407470703125 159.2449951171875 1224.0 261.781494140625 1.4855132 1.656404 0.5488874 10.073201 1.314698 12.195209 -1.7396241426467896 0.11059091240167618
Pedestrian 0.0 0 -1.7674901485443115 839.4888916015625 152.56015014648438 886.2522583007812 255.8377227783203 0.9328553 1.8030559 0.623814 4.6265574 1.3169172 12.846493 -1.421809196472168 0.10501547157764435
Cyclist 0.0 0 -2.3114585876464844 0.0 174.0514678955078 80.72270965576172 258.9253234863281 1.8712997 1.6485556 0.7101026 -11.722545 1.5249339 14.210948 -3.0011963844299316 0.27401065826416016
Cyclist 0.0 0 -2.4507811069488525 19.11248207092285 163.8037872314453 159.5528564453125 338.0315856933594 0.9985972 1.750789 0.6743939 -5.4689207 1.5847051 7.4659095 -3.0830001831054688 0.16966477036476135
Cyclist 0.0 0 -2.4300169944763184 1138.407470703125 159.2449951171875 1224.0 261.781494140625 1.4855132 1.656404 0.5488874 10.073201 1.314698 12.195209 -1.7396241426467896 0.1641518622636795
Cyclist 0.0 0 0.5043118596076965 45.47788619995117 189.98011779785156 101.33490753173828 251.9644775390625 1.0972937 1.7368737 0.67269534 -15.3163185 2.0167632 20.342873 -0.14104801416397095 0.1360180526971817
Car 0.0 0 -1.3284943103790283 492.1912536621094 140.513671875 583.3096923828125 205.981201171875 4.239756 1.7309806 1.7050637 -1.8962462 0.6753157 20.914072 -1.4189155101776123 0.12077850103378296
Car 0.0 0 -1.220729112625122 298.2227783203125 195.0366668701172 398.591552734375 251.98162841796875 3.5548742 1.4120706 1.5679473 -7.24785 1.866064 20.219208 -1.564923882484436 0.1109611988067627
Car 0.0 0 1.8288689851760864 193.38375854492188 195.89854431152344 265.65203857421875 237.79837036132812 3.5349405 1.4051629 1.5869219 -14.271831 2.0362887 27.00468 1.3426862955093384 0.1039147898554802
