Pedestrian 0.0 0 1.6694103479385376 829.3505249023438 136.92201232910156 864.4359741210938 220.88856506347656 0.78116035 1.8382012 0.6809887 5.303896 1.0519336 16.287674 1.9842197895050049 0.3585614264011383
Pedestrian 0.0 0 -3.271897792816162 750.5261840820312 155.86083984375 777.9470825195312 208.1275177001953 0.8672822 1.8204907 0.66291845 5.39888 1.2289633 25.493399 -3.0632054805755615 0.21995435655117035
Pedestrian 0.0 0 1.7845484018325806 504.54974365234375 169.68435668945312 524.0089721679688 212.61007690429688 1.0284964 1.7772379 0.61032903 -4.0690465 1.6463646 30.408005 1.6515237092971802 0.1799967885017395
Pedestrian 0.0 0 -1.6966683864593506 280.2230529785156 124.03861999511719 331.3686828613281 240.5001678466797 0.71338964 1.8104477 0.67689997 -4.9884033 1.0519482 11.692644 -2.099916696548462 0.14135009050369263
Pedestrian 0.0 0 1.4037196636199951 1138.446044921875 91.04209899902344 1242.0 315.25360107421875 0.6731774 1.8061028 0.656579 4.989504 1.147437 6.2629757 2.0764248371124268 0.13170529901981354
Pedestrian 0.0 0 -2.7191765308380127 293.4737854003906 129.8359832763672 343.41717529296875 233.37020874023438 0.6400034 1.8179334 0.61189264 -5.2892137 1.062948 12.983701 -3.106023073196411 0.11880253255367279
Car 0.0 0 -1.1466871500015259 0.0 184.87962341308594 423.5646667480469 375.0 4.273212 1.431351 1.6048688 -3.0135515 1.5734377 6.3495073 -1.5898187160491943 0.8976112604141235
Car 0.0 0 -1.7985453605651855 705.9756469726562 174.50059509277344 882.0858154296875 293.6018371582031 4.194476 1.4830453 1.6318282 2.5335505 1.5136266 11.140497 -1.5749305486679077 0.8885018229484558
Car 0.0 0 -1.68381667137146 644.1361083984375 177.6342010498047 694.6161499023438 217.39791870117188 3.5081336 1.43188 1.5658715 2.2168097 1.6307929 28.187654 -1.6053334474563599 0.782524824142456
Car 0.0 0 -1.3822828531265259 643.6984252929688 173.93923950195312 692.7009887695312 207.70028686523438 3.8268998 1.4866174 1.6107973 2.7557235 1.5411547 33.960278 -1.3013147115707397 0.12532655894756317
