Pedestrian 0.0 0 -1.3181774616241455 627.4835815429688 165.44558715820312 670.69775390625 261.29681396484375 0.8730605 1.7067168 0.6017149 0.8515433 1.4221259 13.296484 -1.25422203540802 0.7073922753334045
Pedestrian 0.0 0 1.8384686708450317 711.2758178710938 169.10540771484375 747.8682250976562 244.08621215820312 0.84502375 1.7648467 0.6765781 3.0816052 1.4743137 17.431755 2.013442039489746 0.698477566242218
Pedestrian 0.0 0 -1.3758522272109985 654.783935546875 180.56881713867188 684.1322021484375 257.7582092285156 0.75270104 1.7044227 0.5290886 1.5131024 1.6850812 16.294895 -1.2832603454589844 0.5883018374443054
Pedestrian 0.0 0 1.853390097618103 424.56317138671875 176.31277465820312 458.81719970703125 248.5050811767578 0.9106345 1.8130074 0.635132 -4.1396856 1.6839209 18.511637 1.6333837509155273 0.5664809346199036
Pedestrian 0.0 0 2.0672767162323 400.081298828125 170.99685668945312 438.3840026855469 241.36285400390625 0.89803237 1.8396672 0.64945316 -4.9163 1.566241 19.292503 1.8177577257156372 0.5653657913208008
Pedestrian 0.0 0 1.3740776777267456 608.1294555664062 170.56381225585938 639.3207397460938 234.2718963623047 1.1287407 1.8748128 0.7346685 0.63628435 1.5541115 21.754385 1.403317928314209 0.5495758652687073
Pedestrian 0.0 0 -0.8389806747436523 285.35650634765625 178.26539611816406 315.4340515136719 227.9639129638672 0.78128016 1.7512481 0.63781834 -10.823057 1.6383286 25.783329 -1.236412763595581 0.45722243189811707
Pedestrian 0.0 0 1.4818992614746094 747.7195434570312 164.72650146484375 771.979736328125 228.10679626464844 0.74677074 1.7762814 0.6112397 4.493113 1.3073391 20.538229 1.6972744464874268 0.38706088066101074
Pedestrian 0.0 0 -2.1448192596435547 138.54931640625 174.59617614746094 201.53921508789062 276.3811340332031 0.58452284 1.6846989 0.7274987 -7.4465523 1.5717176 12.342011 -2.6876983642578125 0.3427485525608063
Pedestrian 0.0 0 -3.2934021949768066 1115.4732666015625 122.13866424560547 1190.185302734375 256.3605651855469 0.7462279 1.8032528 0.61077845 7.682463 1.007067 10.094769 -2.642876625061035 0.3392593562602997
Pedestrian 0.0 0 1.7043577432632446 737.2860107421875 169.34523010253906 767.420654296875 237.2306365966797 1.2107095 1.7565387 0.6378398 4.0252824 1.4432074 19.261354 1.9103749990463257 0.3281671702861786
Pedestrian 0.0 0 -1.6012418270111084 667.211669921875 166.61370849609375 704.260009765625 261.28839111328125 0.8362123 1.6874721 0.64898837 1.5026937 1.4234122 13.244349 -1.4882657527923584 0.32601335644721985
Pedestrian 0.0 0 -2.1577484607696533 720.2520141601562 169.94676208496094 751.431884765625 228.49462890625 0.8032325 1.7597028 0.5955101 4.0975895 1.4135841 22.073784 -1.9742062091827393 0.2887667119503021
Pedestrian 0.0 0 -1.6211692094802856 698.4932250976562 175.18023681640625 725.5678100585938 255.59283447265625 0.78988713 1.7451053 0.5540709 2.4204986 1.6091793 16.007172 -1.4710928201675415 0.2886762320995331
Pedestrian 0.0 0 -1.130385398864746 284.8299560546875 159.98851013183594 311.4448547363281 209.5182647705078 0.89544725 1.8495096 0.6090322 -11.53162 1.047275 27.280684 -1.530308723449707 0.2615477442741394
Pedestrian 0.0 0 -1.686655044555664 956.3862915039062 137.1974639892578 1018.95751953125 279.9878234863281 0.962653 1.7851877 0.6184829 5.0600233 1.2326473 9.538914 -1.1989364624023438 0.26006177067756653
Cyclist 0.0 0 1.5654222965240479 963.2689208984375 126.96448516845703 1014.4898681640625 268.9501953125 1.7320619 1.7929538 0.57740164 5.31738 1.1056308 9.969114 2.055420160293579 0.5437520742416382
Cyclist 0.0 0 0.4427628517150879 192.56973266601562 198.34556579589844 302.4652099609375 280.495361328125 1.8334652 1.6043783 0.8212525 -7.21297 1.9586062 14.625176 -0.015420779585838318 0.34973639249801636
Cyclist 0.0 0 1.6707957983016968 737.4801635742188 169.74131774902344 766.397216796875 237.76063537597656 1.3313695 1.7558372 0.63241106 4.0171723 1.4534756 19.270313 1.8763166666030884 0.2941051423549652
Cyclist 0.0 0 2.904876947402954 510.7822265625 180.83450317382812 552.2951049804688 218.0520782470703 1.8317376 1.7165546 0.6854889 -3.295793 1.686787 33.752632 2.807539939880371 0.2616593837738037
Cyclist 0.0 0 1.3143572807312012 607.6119384765625 170.1091766357422 639.9271240234375 233.11553955078125 1.2767674 1.8435681 0.6709901 0.6347583 1.511405 21.71344 1.3435823917388916 0.20291149616241455
Cyclist 0.0 0 -1.3941676616668701 629.515869140625 165.2870635986328 669.979736328125 263.3427429199219 0.92778075 1.7364023 0.59335196 0.8608057 1.4505715 13.239286 -1.3292399644851685 0.14321954548358917
Cyclist 0.0 0 1.8415887355804443 424.1089172363281 176.20838928222656 458.7372741699219 249.60000610351562 1.0122343 1.8388153 0.62570214 -4.146188 1.7074189 18.516424 1.6213029623031616 0.10265620797872543
Cyclist 0.0 0 2.0989763736724854 399.04803466796875 171.73329162597656 438.1053161621094 242.17950439453125 0.9126787 1.8361005 0.64354485 -4.9223776 1.5827141 19.247059 1.848596215248108 0.10070235282182693
Car 0.0 0 1.719236135482788 534.5797729492188 182.56504821777344 575.0587768554688 212.04209899902344 3.866096 1.4922668 1.6119527 -2.449942 1.5531114 38.499767 1.655686616897583 0.7312074303627014
