Pedestrian 0.0 0 1.5506787300109863 537.497802734375 150.36175537109375 595.736083984375 301.5560302734375 1.0166849 1.7896302 0.6909663 -0.54555273 1.4345771 8.898832 1.4894492626190186 0.7608547806739807
Pedestrian 0.0 0 -1.7200201749801636 838.4462890625 171.13775634765625 871.118896484375 240.98594665527344 0.80338377 1.718364 0.6629951 6.2584844 1.4896369 17.84602 -1.3827276229858398 0.38099390268325806
Pedestrian 0.0 0 -0.5841265320777893 49.32481384277344 190.55751037597656 108.33431243896484 251.07611083984375 1.2337668 1.6724693 0.6188235 -15.234484 1.9747113 20.44769 -1.2244499921798706 0.151267871260643
Pedestrian 0.0 0 -0.8097904920578003 982.3639526367188 191.50247192382812 1121.78857421875 370.0 0.66444546 1.6298397 0.58666664 3.275661 1.719687 5.291365 -0.25547561049461365 0.11971598118543625
Pedestrian 0.0 0 -2.0967800617218018 1114.3173828125 187.5498046875 1224.0 370.0 0.6811418 1.6701223 0.6562555 4.320413 1.7286202 5.3029075 -1.4131245613098145 0.11790239065885544
Cyclist 0.0 0 3.5667009353637695 33.19237518310547 191.56541442871094 109.98067474365234 253.36834716796875 1.6271508 1.7187046 0.68874365 -15.367265 2.0469856 20.356579 2.9200687408447266 0.20345892012119293
Cyclist 0.0 0 -1.9230961799621582 0.0 176.00421142578125 54.1618766784668 260.77874755859375 1.7808919 1.6184233 0.63052595 -11.913587 1.5342289 14.209748 -2.6208226680755615 0.1767563372850418
Cyclist 0.0 0 -1.8112283945083618 840.5114135742188 148.66854858398438 895.5549926757812 255.4448699951172 1.5268102 1.7718465 0.55729383 4.5835514 1.245286 12.517288 -1.4602147340774536 0.12555335462093353
Cyclist 0.0 0 1.5848896503448486 536.7073974609375 150.00784301757812 594.5111694335938 300.4644470214844 1.0325387 1.7887247 0.6875191 -0.5420654 1.427896 8.9325695 1.5242798328399658 0.11452377587556839
Cyclist 0.0 0 -1.3848769664764404 75.1020278930664 157.09780883789062 126.06163024902344 253.33880615234375 1.6685408 1.6853193 0.4796655 -9.457343 1.2771575 13.234181 -2.0053443908691406 0.11418607831001282
Car 0.0 0 2.2409541606903076 0.0 186.22866821289062 125.09700012207031 236.38804626464844 4.155526 1.5088689 1.6311493 -18.445702 1.7203883 23.827173 1.5821781158447266 0.18899352848529816
Car 0.0 0 -2.4890246391296387 222.31399536132812 199.07894897460938 380.5765075683594 257.4323425292969 3.8284914 1.4383237 1.5780059 -8.350312 1.9832453 19.440348 -2.89473032951355 0.13365840911865234
Car 0.0 0 -1.3757555484771729 773.2727661132812 189.9038543701172 882.3699340820312 269.961669921875 3.7274044 1.4789796 1.5880249 4.956753 1.7142069 15.545611 -1.067094087600708 0.12010116130113602
