Pedestrian 0.0 0 -1.6858916282653809 895.1778564453125 160.27142333984375 920.521484375 212.24929809570312 0.94371694 1.8013473 0.7240716 10.496358 1.3656429 25.555239 -1.2961677312850952 0.6075624823570251
Pedestrian 0.0 0 -2.1051669120788574 304.2934265136719 166.59500122070312 331.3230895996094 217.7604522705078 0.76512074 1.8172085 0.59952104 -10.611755 1.5952699 26.093794 -2.4914164543151855 0.1328524798154831
Pedestrian 0.0 0 1.2940983772277832 185.51736450195312 161.54067993164062 223.2895050048828 236.80410766601562 0.63813835 1.809435 0.6625471 -10.058297 1.5378057 17.803904 0.7798504829406738 0.1207454726099968
Pedestrian 0.0 0 -1.2160507440567017 659.16552734375 176.12220764160156 676.9690551757812 212.38433837890625 0.8182641 1.7363212 0.6194749 2.7926242 1.8981217 35.138134 -1.1367418766021729 0.11179059743881226
Pedestrian 0.0 0 -2.6706480979919434 310.44915771484375 162.81614685058594 337.718017578125 211.22811889648438 0.7827057 1.8147924 0.5835942 -10.885757 1.4388674 27.371805 -3.0491697788238525 0.10837237536907196
Cyclist 0.0 0 -1.230642318725586 0.0 156.19900512695312 67.20842742919922 280.633544921875 1.8257453 1.7454227 0.49151075 -9.008047 1.5121636 11.060467 -1.9141242504119873 0.4049815535545349
Cyclist 0.0 0 -1.6380047798156738 652.1983032226562 174.37306213378906 671.395263671875 221.7162628173828 1.481739 1.6900837 0.6025635 1.8522232 1.7478932 26.544308 -1.5683391094207764 0.10720760375261307
Cyclist 0.0 0 -1.6858916282653809 895.1778564453125 160.27142333984375 920.521484375 212.24929809570312 0.94371694 1.8013473 0.7240716 10.496358 1.3656429 25.555239 -1.2961677312850952 0.10084887593984604
Car 0.0 0 1.8135287761688232 512.0367431640625 178.6905059814453 600.5863037109375 238.3210906982422 3.8708467 1.4869274 1.6101106 -1.4594294 1.6691335 20.433851 1.7422276735305786 0.869421124458313
Car 0.0 0 2.1660513877868652 0.0 194.36984252929688 374.3552551269531 375.0 3.752819 1.4244208 1.54643 -2.4109411 1.5775973 3.2100732 1.5218755006790161 0.7540202736854553
