Pedestrian 0.0 0 0.1903703212738037 176.8433380126953 183.822021484375 213.5425567626953 234.1129913330078 1.0363811 1.7563751 0.6601442 -14.91584 2.1575992 25.88735 -0.33235228061676025 0.1941366344690323
Pedestrian 0.0 0 -0.41374415159225464 829.8339233398438 150.02691650390625 857.497314453125 204.27894592285156 0.7368681 1.8653685 0.60126954 8.093752 1.0808542 25.142862 -0.10230909287929535 0.12768466770648956
Pedestrian 0.0 0 -0.3762415051460266 810.7138061523438 163.1017303466797 829.8237915039062 205.47808837890625 0.5975115 1.7591807 0.58037424 8.776495 1.3546906 30.267597 -0.0940178632736206 0.11165918409824371
Cyclist 0.0 0 0.12504419684410095 222.13592529296875 184.23985290527344 273.3178405761719 230.20364379882812 1.8177447 1.82995 0.58911836 -14.880858 2.3065083 29.593266 -0.3408777117729187 0.8057954907417297
Cyclist 0.0 0 0.33683449029922485 169.47036743164062 184.70079040527344 217.20263671875 234.54397583007812 1.3369021 1.7419741 0.67148936 -14.978315 2.1748424 25.885036 -0.18773682415485382 0.2622273564338684
Cyclist 0.0 0 2.3562283515930176 131.7453155517578 187.1356201171875 161.18560791015625 216.72317504882812 1.6494676 1.7570719 0.51426506 -28.631079 2.6560593 44.537422 1.7848927974700928 0.16863536834716797
Car 0.0 0 1.5517046451568604 592.8543090820312 174.18844604492188 622.6848754882812 202.17738342285156 3.918361 1.4969321 1.6009482 -0.20103204 1.5763249 40.753693 1.5467718839645386 0.4822086691856384
Car 0.0 0 1.8546180725097656 52.6678581237793 190.63331604003906 105.66683959960938 216.76698303222656 4.211237 1.5479487 1.7364832 -35.341335 2.789856 48.107384 1.221023678779602 0.18671493232250214
Car 0.0 0 1.8234683275222778 291.1352844238281 182.69703674316406 395.2601013183594 248.15013122558594 3.9954557 1.4711661 1.5969226 -6.8895917 1.7575939 18.901838 1.4739407300949097 0.14704525470733643
Car 0.0 0 -1.7609690427780151 796.71923828125 163.4973602294922 852.9214477539062 202.7031707763672 3.906925 1.6004145 1.6260216 9.251837 1.2188268 31.473272 -1.4750640392303467 0.11513715982437134
