Pedestrian 0.0 0 -1.5417112112045288 658.7353515625 173.22222900390625 677.164794921875 221.21099853515625 0.83603734 1.6845775 0.63413554 2.0316973 1.6983244 25.782393 -1.4630719423294067 0.19076871871948242
Pedestrian 0.0 0 -2.238970994949341 52.21167755126953 176.13623046875 88.88554382324219 233.83203125 0.70651644 1.7276632 0.58432144 -16.505632 1.8298917 22.018652 -2.8822290897369385 0.15225999057292938
Pedestrian 0.0 0 -1.3317770957946777 492.2715759277344 161.39767456054688 503.6703796386719 187.7489471435547 0.6292209 1.9002516 0.6887837 -8.157466 1.0744665 52.37152 -1.4862968921661377 0.1302022486925125
Pedestrian 0.0 0 -1.1626540422439575 0.0 184.9783172607422 25.812301635742188 241.12098693847656 0.7664645 1.6905253 0.63124806 -18.730246 2.0746462 22.378374 -1.8595404624938965 0.12868082523345947
Pedestrian 0.0 0 -1.5239956378936768 511.4007263183594 162.48568725585938 519.4920654296875 184.5309295654297 0.66253984 1.8895719 0.6619984 -8.171252 1.0012268 62.200512 -1.654617190361023 0.11180116981267929
Pedestrian 0.0 0 0.5848715901374817 438.20098876953125 162.0049591064453 470.2547912597656 210.85780334472656 1.03835 1.8452818 0.61279446 -6.026882 1.435847 27.725067 0.370821475982666 0.10146450251340866
Cyclist 0.0 0 -1.5386626720428467 658.6087646484375 172.9047393798828 677.0420532226562 221.35377502441406 0.9793412 1.695114 0.62699705 2.0266972 1.6973206 25.764486 -1.4601619243621826 0.1017531305551529
Car 0.0 0 -1.5472619533538818 574.6072387695312 167.76528930664062 601.5450439453125 193.6460418701172 3.6754405 1.6002792 1.6496509 -1.408688 1.2859881 46.45523 -1.5775762796401978 0.18824273347854614
Car 0.0 0 1.7436679601669312 544.1725463867188 165.0877227783203 572.3062744140625 186.48121643066406 3.5065594 1.6035539 1.5966322 -4.0039167 1.0217882 55.905296 1.6721704006195068 0.14943331480026245
Car 0.0 0 1.2640684843063354 1034.6385498046875 178.3395233154297 1084.0484619140625 203.11912536621094 4.001277 1.5350167 1.6386874 29.654861 1.9149408 47.782772 1.8195106983184814 0.12474428117275238
Car 0.0 0 1.3827141523361206 1007.9661865234375 170.35743713378906 1043.3536376953125 192.6357421875 3.616068 1.5524278 1.5661587 30.0203 1.3788155 52.24117 1.904284119606018 0.11598717421293259
Car 0.0 0 1.3133536577224731 1130.249755859375 178.51922607421875 1180.572509765625 203.8574676513672 4.1068788 1.5961182 1.7116047 36.682602 1.9960856 48.668037 1.9592382907867432 0.11394176632165909
Car 0.0 0 0.9928610920906067 957.2565307617188 207.52073669433594 1242.0 375.0 3.8269198 1.4113538 1.560569 3.467302 1.7080319 4.174254 1.6860077381134033 0.11082910746335983
