Pedestrian 0.0 0 -0.9116047024726868 0.0 170.19619750976562 81.34049224853516 295.51617431640625 0.85699576 1.6939625 0.71381116 -8.185641 1.6583945 10.185128 -1.5885889530181885 0.4835831820964813
Pedestrian 0.0 0 -0.9101077318191528 481.50738525390625 179.33148193359375 505.178466796875 222.52162170410156 0.7414317 1.7859908 0.6740563 -4.9648433 2.0642557 30.46698 -1.071645975112915 0.4475040137767792
Pedestrian 0.0 0 1.6012979745864868 207.18653869628906 161.69439697265625 233.32437133789062 224.00758361816406 0.77221006 1.8544326 0.6785804 -11.904847 1.5226823 21.96753 1.1046721935272217 0.3700293004512787
Cyclist 0.0 0 -2.1423797607421875 1196.248046875 187.5032958984375 1242.0 249.71957397460938 1.6034087 1.6966629 0.43133005 17.701693 2.1378033 20.884531 -1.4392818212509155 0.45772844552993774
Cyclist 0.0 0 -0.9054728150367737 0.0 169.9791717529297 83.66740417480469 296.57061767578125 0.95634085 1.7042775 0.7057744 -8.190098 1.6659319 10.193391 -1.582326889038086 0.11971186846494675
Car 0.0 0 -2.012251853942871 772.7083129882812 197.34805297851562 1161.5794677734375 375.0 4.2209754 1.429562 1.627215 2.9621348 1.7480286 7.2180533 -1.6228306293487549 0.8805226683616638
Car 0.0 0 -1.720903992652893 655.8637084960938 179.54168701171875 718.5328979492188 230.42724609375 4.176173 1.6854798 1.6685847 2.7118604 1.9519441 26.581572 -1.6192353963851929 0.8471068739891052
Car 0.0 0 -2.802609920501709 314.8121337890625 180.6565399169922 464.8069152832031 233.1096954345703 3.9743001 1.4838432 1.6371336 -6.5581083 1.7274152 21.583239 -3.0975968837738037 0.7973335385322571
Car 0.0 0 1.5302191972732544 633.2394409179688 179.2093505859375 658.6238403320312 203.40013122558594 3.9002576 1.5647681 1.5805892 2.408898 2.019735 49.6538 1.5786950588226318 0.5991407632827759
Car 0.0 0 1.4918439388275146 646.2987670898438 180.42385864257812 682.4571533203125 210.9371795654297 3.7047575 1.4660647 1.5738053 2.7387986 1.878762 37.443195 1.5648592710494995 0.43891340494155884
Car 0.0 0 0.7286509871482849 731.745849609375 193.3040313720703 1011.4616088867188 320.63671875 4.0103602 1.4918647 1.6311499 3.78079 1.8729823 11.285893 1.0519020557403564 0.3974703252315521
Car 0.0 0 1.485572338104248 436.95208740234375 175.32872009277344 492.40753173828125 219.45919799804688 4.334503 1.5122309 1.6750816 -5.6123505 1.6141671 27.297989 1.2828021049499512 0.3656894266605377
