Pedestrian 0.0 0 2.0649967193603516 0.0 125.81139373779297 58.61011505126953 244.4612579345703 1.031285 1.847283 0.63965845 -9.7187605 1.1152252 11.7988205 1.375967025756836 0.27450430393218994
Pedestrian 0.0 0 0.8280014991760254 315.41046142578125 149.58551025390625 352.1265869140625 217.57298278808594 0.69423306 1.8502455 0.65844584 -7.7334666 1.2173631 20.082724 0.4604225158691406 0.21581237018108368
Cyclist 0.0 0 2.0624654293060303 0.0 125.52239227294922 60.493099212646484 244.79025268554688 1.1260873 1.8501896 0.6427247 -9.718446 1.1162972 11.805457 1.3737276792526245 0.16481472551822662
Car 0.0 0 1.5143283605575562 380.1871032714844 175.23757934570312 424.1570739746094 212.5768585205078 3.6938555 1.447973 1.5532373 -8.795542 1.5548214 30.233124 1.2312188148498535 0.31232234835624695
Car 0.0 0 1.3860669136047363 1162.9000244140625 195.73854064941406 1233.4781494140625 234.00289916992188 4.010472 1.5188996 1.8201004 27.133726 2.650324 33.462612 2.067399024963379 0.3018124997615814
Car 0.0 0 1.6803592443466187 756.7809448242188 190.08267211914062 785.2327270507812 212.0767822265625 3.8404663 1.5253702 1.7248452 12.371147 2.8990953 55.418034 1.8999913930892944 0.25339198112487793
Car 0.0 0 2.2208938598632812 0.0 197.06553649902344 180.76866149902344 283.6359558105469 3.8600132 1.4414592 1.5669917 -10.962405 2.0120451 15.045241 1.5912107229232788 0.2163047343492508
Car 0.0 0 2.0940303802490234 414.7297668457031 181.2169952392578 453.02044677734375 198.76031494140625 3.940626 1.4765664 1.5882955 -15.8078165 2.2531745 64.85624 1.8549556732177734 0.21345990896224976
Car 0.0 0 1.2434619665145874 1088.6446533203125 188.08447265625 1142.9447021484375 213.6398162841797 3.9338167 1.4861947 1.6906292 32.568165 2.515442 46.61593 1.8532805442810059 0.20839816331863403
Car 0.0 0 1.5985182523727417 791.7007446289062 185.13809204101562 822.4736938476562 213.60057067871094 3.424897 1.5073999 1.623468 11.387354 2.2496982 41.702732 1.8650801181793213 0.20242005586624146
Car 0.0 0 1.7413828372955322 466.79705810546875 178.60714721679688 493.76129150390625 199.59141540527344 4.000939 1.7096239 1.6223081 -11.111575 2.2194624 61.888306 1.5637331008911133 0.19767244160175323
