Pedestrian 0.0 0 -3.256852865219116 882.1344604492188 168.73587036132812 904.7205810546875 216.57485961914062 0.73932433 1.8107471 0.6222068 10.834022 1.6552303 27.703068 -2.8840627670288086 0.2958715260028839
Pedestrian 0.0 0 -1.849702000617981 1214.39111328125 155.0619659423828 1242.0 210.89352416992188 0.835907 1.7578044 0.6577208 19.973774 1.1979967 23.231346 -1.139559268951416 0.2082308679819107
Pedestrian 0.0 0 -1.5434598922729492 871.6452026367188 182.06573486328125 906.70458984375 255.71307373046875 0.9210973 1.7724344 0.7968828 6.9563084 2.0111003 18.085136 -1.176262617111206 0.19410081207752228
Pedestrian 0.0 0 -2.4432196617126465 0.0 69.17871856689453 87.75868225097656 297.8780822753906 0.8270896 1.8776193 0.5922165 -5.1865954 1.0268042 6.218504 -3.138385772705078 0.18788455426692963
Pedestrian 0.0 0 -1.8235214948654175 628.4979858398438 153.42599487304688 643.002685546875 189.04220581054688 0.5122387 1.9844025 0.7081078 1.4095299 0.90230405 40.525272 -1.7887539863586426 0.16787955164909363
Pedestrian 0.0 0 -1.9740910530090332 980.67138671875 179.4362030029297 1011.0390014648438 232.02767944335938 0.8588586 1.7863536 0.64396393 13.356657 2.0196383 25.075006 -1.484651803970337 0.15118218958377838
Pedestrian 0.0 0 0.9295686483383179 1069.3297119140625 119.13938903808594 1134.9166259765625 213.37112426757812 1.0374296 1.8922447 0.63079965 10.1719265 0.8139725 15.018922 1.524878978729248 0.14575669169425964
Pedestrian 0.0 0 -3.5422637462615967 1075.1265869140625 175.28558349609375 1115.5125732421875 228.54568481445312 0.9813649 1.8184307 0.66938525 16.82295 1.9047781 25.09211 -2.951647996902466 0.12858393788337708
Pedestrian 0.0 0 2.421978712081909 1080.4744873046875 161.82177734375 1183.1536865234375 311.05938720703125 0.84335846 1.8179625 0.63850105 6.5424523 1.6839294 9.146023 3.042921304702759 0.1208454817533493
Pedestrian 0.0 0 -0.6798706650733948 956.0588989257812 163.54908752441406 997.286376953125 224.00367736816406 0.9455454 1.8333486 0.6364796 11.276004 1.5515255 22.289045 -0.21151509881019592 0.12006699293851852
Pedestrian 0.0 0 -2.3852555751800537 918.43310546875 181.03839111328125 958.2612915039062 221.12730407714844 1.6938118 1.7102293 0.5470164 14.517233 2.0839815 32.028408 -1.9596930742263794 0.10445365309715271
Cyclist 0.0 0 -2.3643689155578613 915.4019165039062 181.76663208007812 952.5690307617188 221.87948608398438 1.6402191 1.719104 0.48444566 14.37989 2.127152 32.150547 -1.9437897205352783 0.40427884459495544
Cyclist 0.0 0 -0.7213784456253052 1031.46630859375 179.18093872070312 1089.5474853515625 225.5923309326172 1.8678077 1.753311 0.7652068 17.388695 2.0032554 27.930214 -0.16452375054359436 0.24281562864780426
Cyclist 0.0 0 -1.8894984722137451 1215.4710693359375 154.337646484375 1242.0 210.48309326171875 1.0748723 1.7529675 0.6267258 19.976688 1.1752098 23.141542 -1.177368402481079 0.10850851982831955
Cyclist 0.0 0 -1.6178122758865356 871.4517822265625 182.1617889404297 907.1910400390625 254.16497802734375 1.2926826 1.722272 0.77526724 6.9724984 1.9666905 18.181435 -1.2516143321990967 0.10465341061353683
Car 0.0 0 -1.700014352798462 706.4893798828125 185.64988708496094 778.4962768554688 240.83462524414062 3.976353 1.4744426 1.6583012 3.9367805 1.9051269 22.238424 -1.5248035192489624 0.8703030943870544
