Pedestrian 0.0 0 1.2215967178344727 778.2703247070312 134.94847106933594 808.228515625 196.141845703125 0.8778427 1.8561134 0.6357792 5.6228952 0.70672333 22.352108 1.4680429697036743 0.3624878525733948
Pedestrian 0.0 0 1.925781011581421 83.11466979980469 161.97039794921875 124.04405975341797 218.08163452148438 1.6809715 1.7257316 0.52120006 -16.213108 1.3913586 23.067688 1.313145399093628 0.12720540165901184
Cyclist 0.0 0 1.988452434539795 77.04529571533203 162.9376678466797 122.97361755371094 219.3160400390625 1.7448874 1.7225258 0.5327937 -16.240305 1.4199106 22.950172 1.372621774673462 0.4544987976551056
Cyclist 0.0 0 1.2215967178344727 778.2703247070312 134.94847106933594 808.228515625 196.141845703125 0.8778427 1.8561134 0.6357792 5.6228952 0.70672333 22.352108 1.4680429697036743 0.11584972590208054
Car 0.0 0 2.1933372020721436 0.0 203.84527587890625 220.81298828125 375.0 3.6009793 1.4349276 1.5288893 -6.12531 1.8614763 8.100877 1.5459249019622803 0.8877109885215759
Car 0.0 0 -1.218942403793335 321.6657409667969 182.76190185546875 438.0904541015625 250.64111328125 4.045678 1.5490222 1.631283 -5.988552 1.8403109 19.124212 -1.5224100351333618 0.8842979669570923
Car 0.0 0 -1.7384579181671143 712.6752319335938 177.9594268798828 830.4091186523438 262.07061767578125 3.974095 1.4297503 1.6188062 3.0367603 1.5471638 14.523714 -1.5323376655578613 0.8679398894309998
Car 0.0 0 1.8233084678649902 435.88824462890625 178.8583221435547 498.8183288574219 218.07972717285156 4.080076 1.4988511 1.6215384 -5.9440584 1.7686617 30.293156 1.6295522451400757 0.832111120223999
Car 0.0 0 -0.6567490100860596 1016.435302734375 130.71917724609375 1242.0 249.90061950683594 3.609451 1.6084744 1.6048723 8.142343 1.04018 10.539439 0.0010344982147216797 0.6090825796127319
Car 0.0 0 2.675398588180542 866.3157348632812 153.54542541503906 1093.119140625 225.668701171875 4.370653 1.5802219 1.6867352 8.35232 1.1575288 16.652346 3.140301465988159 0.5966505408287048
Car 0.0 0 -1.2361570596694946 253.54348754882812 205.06324768066406 379.2373046875 286.7209777832031 3.1991017 1.4041275 1.4944552 -6.1454897 2.1615977 15.325039 -1.617533564567566 0.5458927154541016
Car 0.0 0 1.802945613861084 483.3321228027344 180.57806396484375 526.3934936523438 209.43405151367188 3.7500708 1.5008146 1.5719742 -5.882974 1.9554706 40.498436 1.6586904525756836 0.47830265760421753
Car 0.0 0 1.791438341140747 465.8921813964844 178.54092407226562 516.903564453125 212.18527221679688 4.129183 1.5442277 1.6425152 -5.8743067 1.8444744 35.93699 1.6294100284576416 0.44577881693840027
