Pedestrian 0.0 0 1.564088225364685 713.7156982421875 164.23081970214844 732.5386352539062 216.46705627441406 0.7813471 1.8045266 0.6435817 3.927418 1.5069927 25.356718 1.7177538871765137 0.549440860748291
Pedestrian 0.0 0 -3.3975470066070557 1055.590087890625 81.00164794921875 1242.0 375.0 0.6983497 1.7396811 0.60515726 2.6559021 1.3291066 3.6347578 -2.7665154933929443 0.341916561126709
Pedestrian 0.0 0 1.8573071956634521 322.2933654785156 180.9100341796875 414.8589172363281 342.81756591796875 1.8273317 1.7676221 0.58999264 -2.9707255 1.8775837 8.890231 1.5348162651062012 0.17178764939308167
Pedestrian 0.0 0 2.077889919281006 223.4012451171875 184.5630645751953 355.42474365234375 360.6847839355469 1.8290482 1.7806823 0.57979614 -3.686918 1.931864 8.354169 1.6622719764709473 0.17049412429332733
Cyclist 0.0 0 1.8022925853729248 326.0267639160156 181.5742950439453 410.1800537109375 342.653076171875 1.8284894 1.752515 0.5800861 -2.979734 1.8716239 8.885975 1.4787461757659912 0.8223119974136353
Cyclist 0.0 0 1.549916386604309 486.4308776855469 179.03958129882812 507.3227233886719 237.55270385742188 1.829114 1.730845 0.5998603 -3.5856667 1.9322488 22.495573 1.391851782798767 0.8219859004020691
Cyclist 0.0 0 2.0282506942749023 229.8960418701172 182.84605407714844 355.45452880859375 358.61871337890625 1.8167303 1.7980304 0.5959865 -3.6740057 1.9275563 8.4037075 1.6161015033721924 0.4128307104110718
Car 0.0 0 1.8229560852050781 330.7170715332031 193.16346740722656 443.5212707519531 267.0685729980469 4.2680926 1.5196036 1.6864153 -5.499449 2.09308 18.191393 1.5293809175491333 0.8633691668510437
Car 0.0 0 1.7506680488586426 478.92193603515625 187.63278198242188 527.0341796875 220.78976440429688 4.272651 1.5111496 1.7011757 -5.45161 2.313195 36.974083 1.6042786836624146 0.7098512649536133
Car 0.0 0 -1.5047169923782349 638.7852783203125 183.0240936279297 672.9286499023438 213.5038299560547 3.541514 1.5129404 1.6092281 2.4763203 2.0880432 38.913742 -1.4411665201187134 0.441202312707901
Car 0.0 0 1.660455584526062 655.6551513671875 177.45394897460938 683.7973022460938 201.0967559814453 3.7536678 1.5167543 1.5784496 4.063313 1.8424367 49.04253 1.7431195974349976 0.26518508791923523
