Pedestrian 0.0 0 -3.1694064140319824 918.6731567382812 179.11219787597656 947.5361328125 237.65020751953125 0.7905596 1.7562189 0.6692591 9.888149 1.953165 22.202784 -2.7504208087921143 0.34735527634620667
Pedestrian 0.0 0 1.2862757444381714 652.5230102539062 184.45848083496094 670.7760009765625 221.62677001953125 0.81944484 1.7293375 0.6618357 2.4147925 2.2894886 34.33306 1.356494426727295 0.25281083583831787
Cyclist 0.0 0 -1.3108694553375244 1186.3072509765625 176.7801055908203 1242.0 284.3955383300781 1.9036894 1.6695366 0.61416423 10.296223 1.7397486 12.042005 -0.6034649014472961 0.22171644866466522
Cyclist 0.0 0 -1.218034029006958 0.0 206.3712158203125 34.693424224853516 291.8848876953125 1.5503211 1.6780542 0.34136972 -12.987364 2.437959 15.5608635 -1.9135295152664185 0.15289686620235443
Cyclist 0.0 0 -2.243121862411499 912.9542236328125 178.9353790283203 951.8892822265625 237.8094024658203 0.916148 1.758987 0.6669325 9.86129 1.950844 22.190842 -1.8249467611312866 0.11603875458240509
Car 0.0 0 1.9281684160232544 374.26641845703125 187.11328125 422.4843444824219 213.35504150390625 4.115236 1.5381675 1.6601902 -13.662157 2.5032036 46.698715 1.6435515880584717 0.5824306607246399
Car 0.0 0 2.026632308959961 171.78439331054688 196.22120666503906 245.4847412109375 231.49652099609375 3.9042528 1.5589204 1.7147858 -20.250582 2.8065336 36.517357 1.5203049182891846 0.30815115571022034
Car 0.0 0 2.18658447265625 0.0 195.48291015625 37.26920700073242 293.3904113769531 4.09083 1.5033282 1.6565329 -13.556386 2.0167189 14.211467 1.4247732162475586 0.26004934310913086
Car 0.0 0 2.1180403232574463 0.0 203.10897827148438 79.90684509277344 253.8250732421875 3.5457294 1.4598886 1.6025774 -20.231497 2.5808706 24.857435 1.434880256652832 0.20096085965633392
Car 0.0 0 2.0278239250183105 97.06893157958984 198.6545867919922 183.79302978515625 238.947021484375 3.8320987 1.4974769 1.6347765 -20.33924 2.6912265 31.372522 1.4526349306106567 0.1815669983625412
