Pedestrian 0.0 0 1.0951640605926514 144.76644897460938 134.31619262695312 214.4193572998047 247.60643005371094 0.854708 1.849961 0.706111 -7.3902335 1.2210197 12.304656 0.55430006980896 0.37540385127067566
Pedestrian 0.0 0 0.4580024480819702 1142.2281494140625 173.8817596435547 1193.2252197265625 247.17544555664062 0.8191034 1.8299817 0.6848042 14.281096 1.8574984 18.545557 1.114215612411499 0.3615187108516693
Pedestrian 0.0 0 -2.6384222507476807 1126.455810546875 193.7648162841797 1160.147705078125 240.17616271972656 0.8354535 1.7980552 0.7381071 21.363811 2.6534216 28.96584 -2.0029356479644775 0.19838528335094452
Cyclist 0.0 0 -2.842697858810425 936.691650390625 194.36672973632812 992.9736328125 247.13577270507812 1.7236565 1.8397452 0.7599641 13.089251 2.6629071 26.727057 -2.387293577194214 0.27285751700401306
Cyclist 0.0 0 1.622101902961731 405.1489562988281 188.68301391601562 414.0972900390625 212.0211639404297 1.6464618 1.735487 0.5834948 -15.488429 2.9767764 55.695934 1.3508660793304443 0.25682228803634644
Car 0.0 0 1.6623146533966064 462.24530029296875 177.71066284179688 489.6195983886719 201.6202392578125 4.110347 1.7003518 1.6582527 -10.075383 2.0804737 54.295006 1.4788342714309692 0.38409560918807983
Car 0.0 0 2.033402919769287 300.4602355957031 188.7779998779297 354.4422302246094 214.41006469726562 4.171417 1.5329866 1.654608 -18.743664 2.6396956 47.975792 1.6609481573104858 0.28739580512046814
Car 0.0 0 1.3499199151992798 789.8699340820312 195.54383850097656 829.935546875 220.66140747070312 3.774247 1.4562349 1.7354615 13.003186 3.002678 47.236454 1.6185451745986938 0.2694108188152313
Car 0.0 0 -1.8376761674880981 292.2297058105469 185.23960876464844 379.3184509277344 239.8626251220703 3.6372304 1.4714736 1.5937942 -8.563548 1.8870673 22.250153 -2.2050769329071045 0.2313590943813324
Car 0.0 0 1.3244637250900269 661.7863159179688 175.93484497070312 721.833251953125 212.87890625 4.1211085 1.490454 1.6437044 3.4646072 1.635029 31.619417 1.4336005449295044 0.21374258399009705
