Pedestrian 0.0 0 0.4484860301017761 336.170166015625 150.3022003173828 366.48236083984375 199.09616088867188 0.96517986 1.8790479 0.5591286 -10.116851 1.0109397 28.111269 0.10303139686584473 0.31316909193992615
Car 0.0 0 -1.7449390888214111 679.7338256835938 183.4929656982422 792.4472045898438 265.5130615234375 4.1488976 1.4628174 1.6377678 2.496437 1.7224154 15.492959 -1.5851787328720093 0.8911385536193848
Car 0.0 0 -2.5344130992889404 0.0 196.52789306640625 313.1338806152344 313.1960754394531 3.7797747 1.4233391 1.5759667 -6.3862557 1.7805382 10.0113945 -3.102234125137329 0.8437678813934326
Car 0.0 0 -2.595864772796631 130.79856872558594 192.8798828125 388.2626037597656 283.614013671875 3.8103518 1.4205416 1.5828345 -6.112174 1.8003066 12.695136 -3.0445690155029297 0.8378488421440125
Car 0.0 0 0.43638312816619873 233.54449462890625 188.31800842285156 423.60614013671875 252.2998809814453 4.0755715 1.457672 1.6217844 -6.918109 1.8605986 17.836481 0.06638336181640625 0.7246202826499939
Car 0.0 0 -1.6428934335708618 650.0341186523438 180.47105407714844 694.6417846679688 218.72874450683594 3.7643335 1.485013 1.6069115 2.5485425 1.8289044 30.648209 -1.559929609298706 0.711205244064331
Car 0.0 0 3.2718276977539062 409.9983215332031 181.61961364746094 504.6275939941406 215.06239318847656 4.165911 1.4998316 1.6469415 -7.1392994 1.9234354 33.854065 3.063988447189331 0.6095965504646301
Car 0.0 0 0.32223016023635864 378.6212158203125 185.8827667236328 501.5603332519531 229.42568969726562 4.1910458 1.5403901 1.6749821 -6.385126 2.0497577 27.161247 0.09134030342102051 0.42490053176879883
Car 0.0 0 1.9067796468734741 534.4647827148438 179.84268188476562 569.8834838867188 200.18991088867188 3.9842105 1.5234333 1.5959319 -4.599729 2.102462 57.612106 1.8271089792251587 0.3199672996997833
Car 0.0 0 -1.586450219154358 648.5154418945312 177.5191650390625 682.784912109375 210.3201446533203 3.6267793 1.5088986 1.599241 2.671529 1.7512989 35.575153 -1.511495590209961 0.3177567720413208
Car 0.0 0 1.7077000141143799 515.411376953125 179.95968627929688 545.8952026367188 204.15304565429688 3.4945529 1.49813 1.5333416 -5.216376 1.9835362 47.48321 1.5982815027236938 0.31352776288986206
Car 0.0 0 3.5371735095977783 185.80145263671875 188.427978515625 399.6278076171875 263.51220703125 3.818459 1.4654107 1.5943226 -6.634169 1.8127453 15.247193 3.126772880554199 0.30813637375831604
