Pedestrian 0.0 0 -1.8434638977050781 552.2434692382812 163.57684326171875 628.442138671875 305.9815673828125 0.89588976 1.6303636 0.7076779 -0.1994843 1.4265145 8.753022 -1.8662502765655518 0.7322968244552612
Pedestrian 0.0 0 0.9501901268959045 649.7236938476562 154.92413330078125 712.3101806640625 272.759521484375 0.8305874 1.7944684 0.6230757 1.216804 1.3910587 11.451477 1.0560503005981445 0.7262059450149536
Pedestrian 0.0 0 -2.6132376194000244 693.4326782226562 163.3349609375 758.0555419921875 268.1854248046875 0.9339615 1.7239501 0.5674262 2.0878878 1.4265696 12.325398 -2.4454333782196045 0.6978434920310974
Pedestrian 0.0 0 -1.8683160543441772 932.8261108398438 162.80137634277344 1086.4617919921875 374.0 0.71829253 1.5997397 0.61560863 2.3734827 1.4987355 4.3459377 -1.3684425354003906 0.6218709945678711
Pedestrian 0.0 0 -2.4063880443573 605.8485717773438 163.58216857910156 640.6007080078125 221.1540069580078 0.9491081 1.8282459 0.63452154 0.680712 1.2603512 23.366196 -2.3772640228271484 0.5792466402053833
Pedestrian 0.0 0 -1.6526358127593994 788.1287231445312 163.8042755126953 853.4913330078125 301.20928955078125 0.8205182 1.6978996 0.74318993 2.7889156 1.480574 9.351921 -1.36281418800354 0.546353816986084
Pedestrian 0.0 0 0.896222710609436 758.7745361328125 159.23397827148438 846.3572998046875 325.3177795410156 0.74507546 1.7203377 0.5889962 2.149886 1.4910638 7.89698 1.162022590637207 0.5353251099586487
Pedestrian 0.0 0 -1.9688613414764404 877.0624389648438 152.60487365722656 995.0390014648438 366.14288330078125 0.7341008 1.6460669 0.63996625 2.6722932 1.424723 5.9101253 -1.5442167520523071 0.5283039808273315
Pedestrian 0.0 0 0.5327838063240051 713.0822143554688 155.6362762451172 812.1558227539062 336.009033203125 0.7613692 1.6715688 0.60111266 1.5492615 1.4332583 7.133565 0.7466418743133545 0.5139697194099426
Pedestrian 0.0 0 1.827476143836975 188.1223907470703 155.0276336669922 238.71823120117188 250.27284240722656 0.9660699 1.8073059 0.6571972 -7.6781435 1.3062431 14.175248 1.3310596942901611 0.43725523352622986
Pedestrian 0.0 0 -1.2239254713058472 687.9585571289062 158.25335693359375 713.40869140625 213.46156311035156 0.6998012 1.768996 0.62391645 3.2203143 1.0252196 23.469246 -1.0875627994537354 0.43358656764030457
Pedestrian 0.0 0 -1.6775484085083008 689.7760620117188 181.95497131347656 718.8098754882812 243.2138671875 0.89406997 1.6943978 0.7195637 2.872233 1.7087041 20.331753 -1.5372086763381958 0.39332315325737
Pedestrian 0.0 0 2.568835973739624 775.9049682617188 143.56326293945312 805.7741088867188 196.6383514404297 0.837066 1.8679643 0.6077237 6.7508316 0.5338507 25.697844 2.8257317543029785 0.2714734971523285
Pedestrian 0.0 0 -1.9443612098693848 165.85928344726562 167.73667907714844 218.60891723632812 266.6270446777344 0.74240553 1.7333488 0.6027106 -7.4794097 1.4933814 13.055784 -2.464601516723633 0.2657719552516937
Pedestrian 0.0 0 1.366099238395691 404.6883544921875 153.0424346923828 464.6890869140625 253.20376586914062 1.7561566 1.7464912 0.74607444 -3.195594 1.2515595 13.476257 1.1332719326019287 0.14864297211170197
Cyclist 0.0 0 1.366099238395691 404.6883544921875 153.0424346923828 464.6890869140625 253.20376586914062 1.7561566 1.7464912 0.74607444 -3.195594 1.2515595 13.476257 1.1332719326019287 0.4250536561012268
Cyclist 0.0 0 -1.6893218755722046 689.8292236328125 181.66204833984375 719.2256469726562 242.98992919921875 0.9356645 1.694391 0.7146938 2.8769648 1.7002195 20.321768 -1.548685908317566 0.18546152114868164
Cyclist 0.0 0 -2.245591878890991 695.6217651367188 160.783203125 761.2416381835938 268.970458984375 1.084116 1.7542617 0.53998286 2.1085794 1.4196293 12.2502575 -2.07513689994812 0.17023859918117523
Cyclist 0.0 0 1.8119529485702515 187.64382934570312 155.28179931640625 237.2796173095703 251.5970916748047 1.028495 1.8186154 0.6344231 -7.6766715 1.3248253 14.138769 1.3145370483398438 0.16566933691501617
Cyclist 0.0 0 -2.225538730621338 605.8241577148438 163.64898681640625 639.7310791015625 220.6416473388672 0.9741603 1.8091686 0.64174736 0.6642183 1.2436105 23.382841 -2.1971402168273926 0.13990046083927155
Cyclist 0.0 0 -1.6622867584228516 787.228759765625 163.66281127929688 853.652099609375 301.7263488769531 0.8561996 1.698954 0.7437125 2.776275 1.4807961 9.329734 -1.3730583190917969 0.10970284789800644
Car 0.0 0 1.7189127206802368 487.8747863769531 172.36834716796875 569.7437133789062 233.01368713378906 4.2646594 1.5219243 1.668256 -1.953694 1.2939445 20.196924 1.6224805116653442 0.8493770956993103
