Car 0.0 0 -1.9696043729782104 749.0506591796875 150.03233337402344 1085.2811279296875 346.98529052734375 4.229061 1.5278573 1.6168383 2.7644944 1.3511767 7.751177 -1.6270133256912231 0.8921681046485901
Car 0.0 0 -1.6545863151550293 654.9467163085938 170.88172912597656 699.978271484375 208.4714813232422 3.8210478 1.5063369 1.5873142 2.7817266 1.42766 30.826902 -1.5645930767059326 0.8641434907913208
Car 0.0 0 -1.8370972871780396 706.143798828125 178.27577209472656 845.653564453125 268.9683532714844 3.591017 1.4101641 1.561437 2.8314486 1.5240736 13.272376 -1.626914143562317 0.8008707165718079
Car 0.0 0 -2.3715829849243164 0.0 186.49212646484375 238.42935180664062 343.2630920410156 3.697372 1.4035492 1.5413141 -6.162637 1.5640078 7.5427575 -3.0566203594207764 0.7878370881080627
Car 0.0 0 3.648644208908081 0.0 180.35459899902344 296.5362854003906 296.31744384765625 3.535016 1.4559418 1.5401412 -6.5217867 1.570141 10.05989 3.07346773147583 0.7759411334991455
Car 0.0 0 -1.7492341995239258 681.3050537109375 175.0455780029297 768.8103637695312 239.97177124023438 3.6317797 1.516751 1.605765 2.8437164 1.5798489 18.815271 -1.5992307662963867 0.7593135237693787
Car 0.0 0 0.4064367115497589 170.6793670654297 160.09873962402344 421.0505676269531 246.64215087890625 4.3001823 1.639986 1.7053677 -6.2288437 1.3986336 14.525867 0.0013430118560791016 0.7459553480148315
Car 0.0 0 3.569934606552124 93.50601959228516 174.36517333984375 360.94732666015625 270.4004211425781 3.71896 1.5205688 1.5903121 -6.4354744 1.5486461 12.341069 3.0892603397369385 0.7309454083442688
Car 0.0 0 -2.8102993965148926 324.212158203125 167.0688934326172 472.30096435546875 219.7860565185547 3.9441695 1.5128675 1.6172339 -6.314035 1.3472053 21.604095 -3.0946412086486816 0.6711869835853577
Car 0.0 0 0.6052866578102112 299.87371826171875 176.35684204101562 456.0079345703125 235.1272735595703 3.7651963 1.4597992 1.5703585 -6.255851 1.5604904 19.36921 0.29288363456726074 0.5086701512336731
Car 0.0 0 1.5687135457992554 644.234375 168.7501220703125 673.2264404296875 196.16546630859375 3.7334971 1.5011151 1.5858285 2.754956 1.276767 41.418594 1.6351306438446045 0.49463382363319397
