Pedestrian 0.0 0 1.4645297527313232 561.2208251953125 145.09347534179688 647.2227783203125 367.1253967285156 0.8343073 1.6469123 0.5963595 -0.08233225 1.3859972 5.689558 1.4500600099563599 0.6502102017402649
Pedestrian 0.0 0 -1.669223666191101 839.912353515625 172.52688598632812 870.6077880859375 243.2849884033203 0.7987427 1.7394898 0.6522695 6.269627 1.5450794 17.842186 -1.3313080072402954 0.26787862181663513
Pedestrian 0.0 0 1.6958845853805542 527.7003784179688 166.91864013671875 565.8075561523438 264.0331726074219 0.72743356 1.734842 0.6152921 -1.1055626 1.4938684 13.001466 1.6110550165176392 0.14278443157672882
Pedestrian 0.0 0 -0.39160066843032837 821.3862915039062 191.16831970214844 870.6607055664062 281.41900634765625 0.7115367 1.7249886 0.6853619 4.707388 1.9428555 13.960955 -0.06638997048139572 0.1426326483488083
Pedestrian 0.0 0 -3.0407044887542725 754.348388671875 171.27688598632812 790.2928466796875 259.8709716796875 0.64669746 1.733785 0.6223532 3.3318088 1.5549197 14.231306 -2.8107283115386963 0.13911719620227814
Pedestrian 0.0 0 -0.7032527923583984 982.88671875 190.70321655273438 1122.524658203125 370.0 0.6561863 1.6345717 0.59195435 3.277332 1.7176661 5.293491 -0.148889422416687 0.13167192041873932
Pedestrian 0.0 0 -2.184262275695801 1112.9814453125 190.1646270751953 1224.0 370.0 0.68046635 1.6701947 0.663783 4.319614 1.7492574 5.291246 -1.4996190071105957 0.1304391324520111
Cyclist 0.0 0 -2.175853967666626 0.0 180.80767822265625 66.5650634765625 264.951416015625 1.8055412 1.6250743 0.6590479 -11.88546 1.6331257 14.212106 -2.872335433959961 0.16984249651432037
Cyclist 0.0 0 1.6218726634979248 965.0675659179688 143.03538513183594 1011.3250122070312 259.6864318847656 1.6607553 1.7685009 0.5860457 6.2493677 1.2021745 11.576107 2.1168901920318604 0.1362847238779068
Car 0.0 0 2.2438580989837646 0.0 184.9388885498047 124.14700317382812 235.61630249023438 4.2271295 1.5257887 1.6396246 -18.477549 1.6899481 23.77783 1.583242654800415 0.2528415620326996
Car 0.0 0 -1.4399827718734741 298.58441162109375 194.96607971191406 375.5333557128906 253.37405395507812 3.665069 1.423361 1.5820423 -7.5697174 1.8777052 20.161776 -1.7991470098495483 0.13421690464019775
