Pedestrian 0.0 0 2.73638916015625 424.2763366699219 124.70799255371094 565.9277954101562 363.3945007324219 0.94213104 1.7388709 0.64973366 -0.93768793 1.3341289 5.673476 2.572594165802002 0.5085098147392273
Pedestrian 0.0 0 -1.6251697540283203 839.7318115234375 173.32305908203125 868.3702392578125 244.3353729248047 0.7695816 1.7461071 0.6380547 6.238763 1.5712323 17.838898 -1.2887372970581055 0.19729049503803253
Pedestrian 0.0 0 0.19689355790615082 448.8338928222656 150.3208770751953 484.4312744140625 236.2421875 0.6261559 1.7748784 0.64088124 -2.9540706 1.1530912 14.921443 0.0014460086822509766 0.17217305302619934
Pedestrian 0.0 0 -0.5728443264961243 53.70927047729492 191.6175537109375 103.91551208496094 252.48092651367188 0.97204304 1.6916684 0.6410038 -15.223341 2.0233414 20.42173 -1.213425874710083 0.1535351276397705
Pedestrian 0.0 0 -0.9094240665435791 982.2904052734375 193.7911376953125 1121.201904296875 370.0 0.664 1.629092 0.59612143 3.2671704 1.7374977 5.276196 -0.3549858629703522 0.14143265783786774
Pedestrian 0.0 0 -1.6219843626022339 501.67498779296875 167.12513732910156 555.8599243164062 264.7682189941406 1.2735722 1.6660067 0.9010152 -1.4414878 1.4394494 12.760528 -1.7344720363616943 0.13620911538600922
Pedestrian 0.0 0 -3.097705841064453 758.7044067382812 173.45404052734375 789.9307861328125 260.7225341796875 0.5867736 1.7103622 0.61931455 3.3717916 1.5739003 14.230373 -2.865053176879883 0.12943415343761444
Pedestrian 0.0 0 -0.3065776228904724 639.8355102539062 172.45346069335938 701.127197265625 271.494873046875 0.9691102 1.7617655 0.6504738 1.1511257 1.620275 12.994558 -0.21822305023670197 0.12813538312911987
Pedestrian 0.0 0 0.6799015998840332 1127.830810546875 137.51734924316406 1205.5152587890625 250.8363037109375 0.7701262 1.7724013 0.6204592 9.07541 1.1017743 11.497923 1.348089337348938 0.1166473850607872
Pedestrian 0.0 0 1.5662950277328491 760.9739379882812 140.08773803710938 800.2216186523438 249.314208984375 0.91765934 1.8536627 0.6503413 3.0589015 1.1694816 12.516198 1.8059918880462646 0.10683050006628036
Pedestrian 0.0 0 1.4921025037765503 964.0641479492188 133.33599853515625 1013.6157836914062 250.7634735107422 1.6475106 1.7783513 0.5755531 6.209336 1.065748 11.572696 1.9845612049102783 0.10622304677963257
Pedestrian 0.0 0 -3.441100597381592 822.6410522460938 189.6155242919922 866.4463500976562 280.33544921875 0.650689 1.7403328 0.66368854 4.6805997 1.9264609 13.966445 -3.117732286453247 0.10560248792171478
Pedestrian 0.0 0 -1.9314383268356323 1118.8870849609375 189.21728515625 1224.0 370.0 0.6779236 1.6644045 0.66411924 4.317469 1.7367352 5.2963657 -1.2475121021270752 0.10449989885091782
Cyclist 0.0 0 -1.5766565799713135 502.4570617675781 165.82252502441406 552.1947021484375 263.0462646484375 1.5603474 1.6543609 0.84495926 -1.4630111 1.4062564 12.851066 -1.6900120973587036 0.22701482474803925
Cyclist 0.0 0 -2.245868682861328 0.0 178.47816467285156 77.27344512939453 261.06976318359375 1.9094672 1.5939004 0.7200675 -11.760341 1.5565145 14.185647 -2.9380624294281006 0.20778223872184753
Cyclist 0.0 0 1.4921025037765503 964.0641479492188 133.33599853515625 1013.6157836914062 250.7634735107422 1.6475106 1.7783513 0.5755531 6.209336 1.065748 11.572696 1.9845612049102783 0.18854942917823792
Cyclist 0.0 0 0.34797587990760803 46.85294723510742 191.9972381591797 101.35445404052734 253.3303680419922 1.0850893 1.7072103 0.69126046 -15.297587 2.04769 20.348192 -0.29667046666145325 0.12782014906406403
Cyclist 0.0 0 -1.141425609588623 55.740745544433594 149.7405242919922 135.48251342773438 247.6986541748047 1.7066746 1.6853878 0.53418165 -9.397899 1.1578119 13.048832 -1.7655868530273438 0.11146917939186096
Cyclist 0.0 0 -2.4569520950317383 1136.9542236328125 158.5072021484375 1224.0 262.9525451660156 1.5399597 1.6791424 0.51733166 10.048387 1.3272235 12.167678 -1.7666606903076172 0.10684642940759659
Car 0.0 0 1.7826321125030518 51.065391540527344 187.30706787109375 130.5964813232422 231.24398803710938 4.01278 1.4610784 1.5838063 -19.055817 1.7368593 26.329847 1.156153917312622 0.17877040803432465
