Pedestrian 0.0 0 -1.841052770614624 361.6994323730469 171.3979034423828 388.776123046875 225.19444274902344 0.9323167 1.726012 0.6209112 -7.4632506 1.4029937 23.604538 -2.1472854614257812 0.649300217628479
Pedestrian 0.0 0 1.3464293479919434 678.5361938476562 153.9046630859375 721.6298828125 251.2842559814453 0.8907835 1.7980999 0.63010514 1.8341805 1.2898201 13.733675 1.4791971445083618 0.6331848502159119
Pedestrian 0.0 0 1.9434986114501953 21.8570499420166 176.94354248046875 112.72384643554688 325.30126953125 0.69176406 1.625014 0.63446933 -6.182513 1.5764613 8.283201 1.3023107051849365 0.5442054271697998
Pedestrian 0.0 0 1.960359811782837 587.92578125 149.91653442382812 644.24560546875 262.123046875 0.7682561 1.7352078 0.6691617 0.20220864 1.2480888 11.5912075 1.9778029918670654 0.4470600485801697
Pedestrian 0.0 0 0.36770570278167725 532.2222290039062 164.2860870361328 574.4866333007812 237.1262969970703 0.9180242 1.8077805 0.59947973 -1.2502657 1.3817449 18.247091 0.29929399490356445 0.36306750774383545
Pedestrian 0.0 0 3.4139299392700195 329.5542297363281 165.6138458251953 358.1921081542969 217.27247619628906 0.82788116 1.7936418 0.5625838 -9.070979 1.2431239 25.24929 3.0690324306488037 0.32021355628967285
Pedestrian 0.0 0 -1.3910188674926758 452.7933044433594 172.84954833984375 466.6213684082031 204.034423828125 0.72653085 1.7979085 0.6710063 -8.239098 1.2999679 41.779953 -1.585722804069519 0.29074105620384216
Pedestrian 0.0 0 0.046534255146980286 670.8634033203125 138.5476837158203 696.2581176757812 200.1376495361328 0.73274136 1.823795 0.63736236 2.4507973 0.5530244 21.641401 0.15929961204528809 0.25257691740989685
Pedestrian 0.0 0 -1.9039667844772339 509.08026123046875 166.90200805664062 534.2401733398438 218.14166259765625 0.80817217 1.8226764 0.679172 -2.9201014 1.3044584 26.06059 -2.015551805496216 0.2447413057088852
Pedestrian 0.0 0 2.1587584018707275 637.409912109375 148.0353546142578 662.243896484375 199.2515411376953 0.7370183 1.8559422 0.6081954 1.7664472 0.6443173 26.50547 2.22530460357666 0.24040336906909943
Pedestrian 0.0 0 2.7849862575531006 704.0357055664062 145.25503540039062 750.9518432617188 234.30740356445312 0.80108833 1.8121103 0.60761184 2.585251 1.0758094 14.987224 2.9558022022247314 0.24035759270191193
Pedestrian 0.0 0 -2.421919345855713 1148.7603759765625 125.85914611816406 1235.524658203125 242.28857421875 0.84112805 1.7508967 0.633809 9.202178 0.9154607 11.26711 -1.7370604276657104 0.21179109811782837
Pedestrian 0.0 0 -2.4027786254882812 1150.717041015625 139.49533081054688 1238.0 263.52166748046875 0.79091394 1.744817 0.6137068 8.642684 1.1552083 10.538675 -1.7159059047698975 0.2042633295059204
Pedestrian 0.0 0 -1.1566332578659058 0.9350166320800781 157.83985900878906 267.83197021484375 374.0 1.7547345 1.6414284 0.65911835 -2.6651936 1.5320948 4.2757254 -1.71403169631958 0.1890004426240921
Cyclist 0.0 0 -1.1722173690795898 2.33101224899292 161.4095001220703 267.0113525390625 374.0 1.7858664 1.638461 0.6529224 -2.6565084 1.5465571 4.2678475 -1.7289786338806152 0.5430122017860413
Cyclist 0.0 0 1.804734230041504 0.0 174.63104248046875 61.08473205566406 290.9098205566406 1.863108 1.679029 0.54762655 -9.133324 1.5811566 11.328675 1.1262164115905762 0.527224600315094
Cyclist 0.0 0 0.7891777753829956 377.45440673828125 163.4278106689453 409.1045837402344 196.8858184814453 1.7034324 1.7990628 0.6534265 -11.40061 0.8281412 39.321976 0.5069851875305176 0.2362527698278427
Cyclist 0.0 0 -2.1584315299987793 10.78498649597168 156.11788940429688 97.24030303955078 236.75128173828125 1.7827835 1.7178289 0.6386585 -12.148856 1.1783133 15.89223 -2.8111183643341064 0.22862951457500458
Cyclist 0.0 0 1.6514960527420044 289.7550964355469 149.80784606933594 315.7423400878906 214.66807556152344 1.7373344 1.7861395 0.5564686 -8.617712 0.9145455 20.691229 1.25685453414917 0.22092612087726593
Cyclist 0.0 0 -1.7960433959960938 362.13262939453125 171.26123046875 388.03936767578125 225.1695556640625 0.9659651 1.7280893 0.6096807 -7.465866 1.400973 23.595242 -2.102490186691284 0.14325261116027832
Car 0.0 0 2.0179452896118164 0.0 192.88365173339844 332.19891357421875 374.0 4.157166 1.4274415 1.6193479 -4.4290648 1.5860734 7.794227 1.5011990070343018 0.8849417567253113
