Pedestrian 0.0 0 -0.6016265749931335 1017.6465454101562 126.8756332397461 1095.5684814453125 257.1139221191406 0.7330367 1.7886801 0.58980435 6.259292 1.1575754 10.220378 -0.052115634083747864 0.2981816828250885
Pedestrian 0.0 0 -1.5687549114227295 788.8922119140625 162.0213623046875 802.0179443359375 200.64637756347656 0.7428398 1.8070376 0.59596425 8.748438 1.3006 34.18786 -1.318237543106079 0.2129117250442505
Pedestrian 0.0 0 -1.2827562093734741 1055.44140625 174.66720581054688 1109.27197265625 275.86431884765625 0.70110506 1.7082105 0.61782205 8.234621 1.7415417 12.655911 -0.7059212923049927 0.21161772310733795
Pedestrian 0.0 0 3.3957386016845703 269.9964294433594 143.15713500976562 309.9094543457031 218.9070281982422 0.7821833 1.8374457 0.58412176 -7.958814 1.1174546 17.851824 2.97636079788208 0.20916566252708435
Car 0.0 0 1.7682273387908936 401.1912841796875 183.06390380859375 509.8214111328125 265.4000549316406 3.504976 1.435734 1.5026934 -3.0823596 1.6700685 14.773827 1.5625413656234741 0.8990150690078735
Car 0.0 0 -1.7682868242263794 643.6268310546875 175.2676239013672 738.663330078125 247.573486328125 4.142916 1.6515844 1.6373596 1.9311028 1.7218664 18.76093 -1.6657159328460693 0.8534045219421387
Car 0.0 0 3.413031816482544 278.8678894042969 178.64389038085938 442.1892395019531 234.94998168945312 4.3307424 1.5969826 1.7107443 -7.420234 1.7789227 21.644861 3.0827701091766357 0.6815699934959412
Car 0.0 0 3.841827869415283 0.0 173.4346466064453 118.69114685058594 375.0 3.9359093 1.432622 1.5711066 -6.6143136 1.4385631 5.8747916 2.9972853660583496 0.5868594646453857
Car 0.0 0 1.4726667404174805 607.1760864257812 174.66714477539062 635.2427368164062 195.87376403808594 4.1318097 1.4692813 1.6368545 0.7488321 1.6068658 52.479282 1.4869349002838135 0.3813164532184601
Car 0.0 0 0.3639833331108093 467.6341552734375 182.25485229492188 526.9959106445312 206.77842712402344 3.4426982 1.5097549 1.5585952 -7.260859 2.1292002 46.394627 0.2087404727935791 0.2339647114276886
