Car 0.0 0 -1.7973463535308838 671.2197875976562 187.80198669433594 749.261474609375 245.5072784423828 3.362711 1.5093656 1.5713853 2.8573902 1.9918985 21.523771 -1.6653629541397095 0.892654299736023
Car 0.0 0 -2.7451815605163574 248.62271118164062 187.81973266601562 439.36419677734375 253.12135314941406 4.012612 1.4604415 1.6307602 -6.3896947 1.8416874 17.45508 -3.0960960388183594 0.8244523406028748
Car 0.0 0 -1.686827540397644 642.53076171875 182.24917602539062 690.7890014648438 219.45147705078125 3.9618447 1.447612 1.6111437 2.336642 1.879193 31.102348 -1.611840844154358 0.819351315498352
Car 0.0 0 -2.591637134552002 79.77747344970703 190.97352600097656 347.23406982421875 285.64892578125 3.8596873 1.5057985 1.6308085 -6.9213223 1.8490998 12.738534 -3.089350700378418 0.7543096542358398
Car 0.0 0 3.690502643585205 0.0 195.11563110351562 285.7080383300781 315.48577880859375 3.8271904 1.4893605 1.6166579 -6.8955383 1.8308556 10.155686 3.094021797180176 0.738561749458313
Car 0.0 0 -2.6952476501464844 987.6068115234375 191.1459197998047 1242.0 356.8406066894531 3.8169174 1.4676187 1.6047823 6.8886776 1.7462796 8.909662 -2.0370824337005615 0.6859238743782043
Car 0.0 0 -2.7858171463012695 350.93804931640625 185.11495971679688 482.0677185058594 231.76388549804688 3.980233 1.48457 1.6302605 -6.554683 1.9179871 24.483374 -3.0474023818969727 0.5853955745697021
Car 0.0 0 -2.6111342906951904 320.38336181640625 184.39488220214844 460.3692932128906 235.6819305419922 3.8713672 1.4603547 1.5861171 -6.8074293 1.8371717 22.312698 -2.9072561264038086 0.5371413826942444
Car 0.0 0 1.5424951314926147 628.5045166015625 179.37332153320312 649.0958251953125 198.57949829101562 4.1285887 1.5418724 1.6288518 2.3990703 2.1157753 61.40253 1.581546425819397 0.4462076723575592
Car 0.0 0 2.589669704437256 0.0 102.69734191894531 178.6963653564453 375.0 3.8807063 1.5297222 1.6090163 -4.976375 1.287965 4.5438814 1.7588738203048706 0.42202824354171753
