Pedestrian 0.0 0 -2.7021844387054443 219.83131408691406 194.48715209960938 320.6363220214844 365.0881652832031 0.7034333 1.6181195 0.66394025 -3.3446205 1.7556368 7.1948504 -3.137329578399658 0.41451334953308105
Pedestrian 0.0 0 -1.5906602144241333 1062.540771484375 144.33074951171875 1140.60302734375 320.7884521484375 0.7789135 1.7559061 0.65330255 5.257139 1.3874083 7.650345 -0.9885923862457275 0.3121940493583679
Pedestrian 0.0 0 -1.7607982158660889 1147.08837890625 155.8630828857422 1238.0 372.2246398925781 0.6812336 1.7032709 0.65149945 5.058843 1.502842 6.1076636 -1.0690507888793945 0.20903116464614868
Pedestrian 0.0 0 -2.106546401977539 970.8278198242188 107.59942626953125 1042.341064453125 234.5149688720703 0.61392415 1.8458463 0.7193423 6.01195 0.7723563 10.761077 -1.5970669984817505 0.1613169014453888
Pedestrian 0.0 0 -2.105293035507202 927.4429321289062 131.26600646972656 1157.5504150390625 374.0 1.1574136 1.6609571 0.622983 2.427221 1.4099944 4.1880813 -1.5800427198410034 0.12056214362382889
Pedestrian 0.0 0 -1.4920158386230469 899.644775390625 110.8412857055664 1030.801025390625 362.0882873535156 0.9573403 1.725725 0.83761734 2.7818518 1.2418015 5.5575747 -1.0279271602630615 0.1199435368180275
Car 0.0 0 3.4398598670959473 0.0 149.11968994140625 155.5751495361328 206.6205596923828 4.332405 1.7267843 1.7386588 -17.0786 0.7555079 23.108215 2.8033905029296875 0.2837996780872345
Car 0.0 0 -1.5971328020095825 1121.243896484375 161.34423828125 1192.20361328125 216.15139770507812 3.535191 1.5019008 1.5742522 16.560099 0.9507201 21.574862 -0.9424848556518555 0.21463477611541748
Car 0.0 0 0.11806349456310272 266.9115295410156 190.33860778808594 454.5094299316406 257.7239074707031 4.1723256 1.5001123 1.6558838 -5.7509217 1.7321063 17.533144 -0.19888199865818024 0.16913118958473206
Car 0.0 0 1.541355848312378 1158.1517333984375 121.0654525756836 1238.0 315.72259521484375 3.9582546 1.5259848 1.6014398 7.027532 1.0536113 7.6489944 2.284435272216797 0.15345849096775055
Car 0.0 0 -1.1109254360198975 72.85159301757812 163.4567413330078 163.0221710205078 204.43702697753906 3.5296025 1.5307852 1.5839679 -19.209417 0.8578278 28.682909 -1.7010364532470703 0.13187551498413086
