Pedestrian 0.0 0 0.9527101516723633 135.66329956054688 159.51856994628906 171.00648498535156 214.21678161621094 0.91829866 1.8496615 0.60885715 -15.772628 1.3990719 24.851864 0.3871903419494629 0.40257251262664795
Cyclist 0.0 0 1.7548744678497314 349.52001953125 173.54403686523438 420.3487854003906 307.7662658691406 1.813617 1.7668438 0.6604993 -3.2661173 1.7780913 10.44453 1.451797604560852 0.8355416059494019
Cyclist 0.0 0 -0.5682697296142578 781.2286987304688 172.97573852539062 821.2877197265625 207.1974639892578 1.8252122 1.6760226 0.7286918 9.49415 1.6825545 35.964806 -0.3101730942726135 0.331966757774353
Car 0.0 0 -1.7138992547988892 637.474853515625 177.38558959960938 710.4147338867188 230.0718536376953 4.271565 1.4476539 1.6320502 1.8322306 1.602289 22.380018 -1.6322124004364014 0.8458725810050964
Car 0.0 0 -3.8144419193267822 945.7463989257812 184.90716552734375 1242.0 372.46990966796875 3.7997038 1.5024446 1.6032261 5.3282905 1.6278749 6.6822877 -3.141303539276123 0.7985178232192993
Car 0.0 0 -2.7553818225860596 278.41021728515625 182.433837890625 438.89166259765625 239.83926391601562 3.6989744 1.4270166 1.556434 -6.62663 1.6925889 19.099005 -3.0893476009368896 0.6805824637413025
Car 0.0 0 -2.7458670139312744 208.372802734375 182.42164611816406 404.3630065917969 251.02101135253906 3.820135 1.4749033 1.5981541 -6.899923 1.7051368 16.53337 -3.141225814819336 0.6541858315467834
Car 0.0 0 -0.6016287207603455 883.4746704101562 160.76055908203125 1242.0 299.2749938964844 3.7774265 1.5768167 1.6476964 5.610968 1.4395055 9.129273 -0.05053377151489258 0.5859000086784363
Car 0.0 0 1.5355039834976196 621.08935546875 176.27659606933594 654.5946655273438 206.24029541015625 3.909315 1.4566064 1.5912541 1.3637993 1.6440158 37.475163 1.5718799829483032 0.49008187651634216
Car 0.0 0 0.3592624068260193 320.7427673339844 178.4701385498047 446.9924011230469 226.3622589111328 3.7302265 1.5378593 1.6030301 -7.595569 1.7342949 24.283562 0.056116580963134766 0.3665306568145752
