Pedestrian 0.0 0 1.8647749423980713 467.6415710449219 160.94383239746094 484.2777404785156 199.75405883789062 0.7199784 1.8870138 0.6231386 -6.624495 1.3082808 35.471397 1.6801458597183228 0.3241758644580841
Pedestrian 0.0 0 -0.8796529769897461 882.4993286132812 162.90768432617188 916.9263916015625 222.15155029296875 0.7724481 1.7963948 0.6454342 8.92418 1.4951603 22.344067 -0.4996655285358429 0.22613856196403503
Pedestrian 0.0 0 -1.0214773416519165 881.6940307617188 155.48379516601562 944.2285766601562 230.23028564453125 1.7238852 1.7637684 0.6132165 7.427307 1.3542476 17.776478 -0.6257067918777466 0.1089400202035904
Cyclist 0.0 0 -1.0214773416519165 881.6940307617188 155.48379516601562 944.2285766601562 230.23028564453125 1.7238852 1.7637684 0.6132165 7.427307 1.3542476 17.776478 -0.6257067918777466 0.3332882523536682
Cyclist 0.0 0 -1.3747193813323975 502.6670837402344 184.9347686767578 514.8911743164062 217.5501708984375 1.6317358 1.6934315 0.3434099 -5.486061 2.3588595 38.895153 -1.5148423910140991 0.21504253149032593
Car 0.0 0 1.2710936069488525 743.5031127929688 159.48687744140625 934.883056640625 278.70281982421875 4.1802278 1.5540617 1.656811 3.328305 1.3801699 11.507808 1.5526328086853027 0.8710866570472717
Car 0.0 0 -1.7120938301086426 678.8419799804688 170.85092163085938 737.7122192382812 217.34449768066406 3.8357697 1.6130399 1.6376017 3.5506973 1.5439034 26.9564 -1.5811277627944946 0.8656694293022156
Car 0.0 0 1.7791883945465088 510.5120849609375 180.5145721435547 563.7280883789062 217.02406311035156 3.9672544 1.5124152 1.6213578 -3.284763 1.8830296 32.81135 1.6794102191925049 0.8063253164291382
Car 0.0 0 1.723615288734436 573.5010375976562 176.08387756347656 611.8973999023438 203.62481689453125 4.353896 1.5585606 1.6784649 -1.024813 1.7643753 43.62832 1.7001299858093262 0.7189602255821228
Car 0.0 0 -2.182720184326172 897.9716186523438 86.65119934082031 1242.0 375.0 3.9843407 1.5538154 1.6006899 3.088065 1.3118818 4.047723 -1.5310050249099731 0.4731892943382263
