Pedestrian 0.0 0 -1.6129623651504517 786.9403076171875 168.35693359375 815.8509521484375 248.34783935546875 1.4657327 1.7879572 0.58745116 4.419455 1.687797 16.903538 -1.3572351932525635 0.14860990643501282
Cyclist 0.0 0 -1.4230865240097046 786.77392578125 166.3334503173828 825.746826171875 246.2415008544922 1.9252633 1.7762917 0.61540616 4.6072216 1.6317034 17.041782 -1.1590498685836792 0.24319706857204437
Cyclist 0.0 0 -1.604340672492981 1003.594482421875 163.75790405273438 1033.60595703125 252.39608764648438 1.6152295 1.6918432 0.4679936 8.197911 1.5185832 14.593988 -1.0925347805023193 0.11346912384033203
Car 0.0 0 1.8885349035263062 351.1103515625 183.90252685546875 430.7831726074219 227.9915313720703 4.102838 1.4530575 1.6357574 -8.094828 1.8968812 26.886885 1.5960969924926758 0.8824576735496521
Car 0.0 0 1.6113723516464233 1049.124267578125 206.9405975341797 1130.7200927734375 277.91839599609375 3.541156 1.4691987 1.6161352 12.42735 2.441923 18.672483 2.198596954345703 0.15801231563091278
Car 0.0 0 2.267594575881958 217.658935546875 193.15695190429688 281.3401184082031 219.02435302734375 3.7788815 1.4969391 1.6747147 -23.429817 2.8763468 46.974583 1.8049262762069702 0.15699835121631622
Car 0.0 0 2.547922134399414 139.24806213378906 202.44277954101562 225.27212524414062 232.91587829589844 3.9306073 1.4923888 1.8243151 -24.678576 3.2920594 41.70785 2.013627290725708 0.15578222274780273
Car 0.0 0 2.0372679233551025 246.60316467285156 183.4103240966797 328.3311767578125 220.61624145507812 4.202447 1.5141265 1.6678244 -14.5476265 2.0244231 32.71338 1.6188305616378784 0.14736995100975037
Car 0.0 0 0.35527294874191284 636.8604736328125 172.23300170898438 734.8613891601562 209.03099060058594 4.0546927 1.570627 1.6700366 3.360873 1.5444794 32.44033 0.45850634574890137 0.14118286967277527
Car 0.0 0 1.0402823686599731 855.3892211914062 204.73094177246094 1242.0 375.0 4.0338817 1.4361095 1.5931104 2.778165 1.7144204 4.2344236 1.6209272146224976 0.12659485638141632
Car 0.0 0 1.7996376752853394 327.80462646484375 187.70822143554688 360.3892822265625 208.444580078125 3.9038491 1.5555357 1.6628249 -21.75298 2.814323 59.085266 1.446874976158142 0.11356786638498306
