Pedestrian 0.0 0 -1.6694647073745728 911.846435546875 174.84579467773438 944.7403564453125 244.15440368652344 0.7532038 1.7424133 0.70413816 8.160595 1.7954973 18.630468 -1.2566144466400146 0.36189088225364685
Pedestrian 0.0 0 1.9456427097320557 1198.375 177.8245849609375 1242.0 276.310791015625 0.76758957 1.7143784 0.60740536 11.145821 1.8077506 13.050956 2.652467966079712 0.2413402795791626
Pedestrian 0.0 0 -3.663980007171631 1086.2459716796875 123.51863861083984 1165.32763671875 233.4831085205078 0.9609622 1.8819942 0.5979944 9.001801 1.0379987 12.6891165 -3.0469658374786377 0.2105361372232437
Pedestrian 0.0 0 -1.7551829814910889 492.16534423828125 154.14892578125 506.75640869140625 189.5096893310547 0.6163749 1.9548023 0.7037344 -6.2101836 0.92111236 40.292336 -1.9081077575683594 0.1693267971277237
Pedestrian 0.0 0 -0.3611539602279663 980.0249633789062 123.9625244140625 1041.9324951171875 223.72256469726562 0.8744934 1.8652002 0.6227556 7.635561 0.9514406 13.858046 0.14244437217712402 0.15803630650043488
Cyclist 0.0 0 -1.9276807308197021 698.9237060546875 180.94351196289062 714.4673461914062 211.24563598632812 1.667304 1.7335774 0.3462537 5.664745 2.220918 42.582058 -1.7954260110855103 0.3325459659099579
Cyclist 0.0 0 -2.048705816268921 708.2144775390625 178.17010498046875 728.011962890625 209.3568878173828 1.6341864 1.6877114 0.3784491 5.9732304 1.9901466 40.16291 -1.9010629653930664 0.16658714413642883
Cyclist 0.0 0 -0.9020339846611023 44.542991638183594 191.03347778320312 78.9250717163086 227.9159698486328 1.7136803 1.7236147 0.36050665 -26.93753 2.6382475 35.42448 -1.5521714687347412 0.14502204954624176
Car 0.0 0 2.0821070671081543 92.12298583984375 193.48025512695312 300.5189208984375 288.3518371582031 4.254186 1.4709649 1.6636187 -7.9112024 1.9394269 14.241612 1.5750516653060913 0.826651394367218
Car 0.0 0 1.6103184223175049 591.142333984375 178.61505126953125 623.86279296875 209.1851348876953 3.9884713 1.5413615 1.621265 -0.12696816 1.8705745 39.16215 1.6070762872695923 0.5010072588920593
Car 0.0 0 1.7226561307907104 430.7510070800781 179.7426300048828 482.1401062011719 218.58755493164062 3.8291545 1.5188445 1.5882276 -6.539432 1.8325363 30.860184 1.5138399600982666 0.18461547791957855
Car 0.0 0 1.014772891998291 702.0389404296875 175.772216796875 763.2675170898438 204.33697509765625 3.9486823 1.5444766 1.6333745 6.9704213 1.7216692 41.583443 1.1808538436889648 0.15547522902488708
Car 0.0 0 1.8147714138031006 361.1499328613281 176.2775421142578 447.0116271972656 230.128662109375 4.2014985 1.5333595 1.649659 -6.4663615 1.6526489 22.937727 1.5399929285049438 0.14634937047958374
