Pedestrian 0.0 0 -1.3279333114624023 0.0 84.52373504638672 95.55149841308594 349.1235656738281 0.76592 1.7556748 0.61876434 -4.269024 1.1699431 5.2629094 -2.0094377994537354 0.15124347805976868
Pedestrian 0.0 0 -1.4529359340667725 1125.8157958984375 142.42762756347656 1242.0 342.8077392578125 1.2890627 1.7474936 0.83354443 5.6180444 1.4825065 7.0391746 -0.7793476581573486 0.12893523275852203
Pedestrian 0.0 0 -1.7557621002197266 973.8905639648438 116.10889434814453 1031.9466552734375 242.74246215820312 0.70774394 1.8515809 0.6540768 5.9120975 1.0222363 10.983793 -1.2619796991348267 0.11967992037534714
Pedestrian 0.0 0 -3.2547237873077393 726.524658203125 155.6478271484375 750.4949340820312 209.32069396972656 0.7621149 1.8536941 0.5925045 4.4454145 1.2598046 25.235939 -3.0803585052490234 0.11775893718004227
Pedestrian 0.0 0 1.5414677858352661 415.687255859375 166.60137939453125 458.199462890625 277.9468994140625 0.92098796 1.8449711 0.6842082 -3.0584314 1.7417244 12.487936 1.3012845516204834 0.11280767619609833
Cyclist 0.0 0 -1.171744704246521 1099.923828125 136.7235870361328 1242.0 336.792724609375 1.7944994 1.7171947 0.7465738 5.5617757 1.4074451 6.945873 -0.49655818939208984 0.2866250276565552
Cyclist 0.0 0 -1.3858691453933716 525.2697143554688 182.39256286621094 540.2084350585938 224.2261962890625 1.5895032 1.6837869 0.33809394 -3.268619 2.0942187 30.211563 -1.4936408996582031 0.2283548265695572
Cyclist 0.0 0 -2.8988420963287354 682.034912109375 179.63096618652344 715.5621948242188 211.73812866210938 1.8129808 1.8308634 0.7588955 5.1488 2.233083 42.105537 -2.777163028717041 0.22047410905361176
Car 0.0 0 -1.8969355821609497 749.0243530273438 185.9176025390625 1005.1395874023438 347.1942443847656 4.052883 1.466112 1.6218779 2.8917594 1.6649467 8.923056 -1.58353853225708 0.89736008644104
Car 0.0 0 2.3593697547912598 1129.828857421875 176.6059112548828 1242.0 293.8574523925781 3.9798434 1.4987541 1.6291426 9.803605 1.5560758 10.113026 3.1292333602905273 0.1351393163204193
Car 0.0 0 1.6011340618133545 689.2598266601562 178.2659454345703 717.7679443359375 206.58828735351562 3.6658452 1.6040896 1.597637 5.6432095 1.9455631 43.53938 1.7300270795822144 0.11900168657302856
