Pedestrian 0.0 0 -1.9452818632125854 862.7282104492188 155.2130584716797 888.67919921875 207.81793212890625 0.77116305 1.8056676 0.6078853 9.213593 1.2004987 25.156706 -1.5942062139511108 0.24642689526081085
Pedestrian 0.0 0 -2.4687182903289795 647.4031372070312 167.00450134277344 688.7989501953125 211.43096923828125 1.6160263 1.7369655 0.6304072 2.2832139 1.5086228 28.989561 -2.3901207447052 0.12259673327207565
Pedestrian 0.0 0 -2.371278762817383 220.31689453125 181.6624755859375 252.5328826904297 221.7240753173828 1.1162752 1.7199503 0.6519079 -16.42802 2.1125572 31.655273 -2.8499839305877686 0.11411827802658081
Cyclist 0.0 0 -2.248265504837036 645.4423828125 166.2749481201172 685.4218139648438 211.17864990234375 1.7684958 1.7522818 0.63479614 2.1756248 1.4959053 29.062262 -2.17354416847229 0.4283047020435333
Cyclist 0.0 0 -2.2233943939208984 214.7276153564453 180.04966735839844 255.68885803222656 220.20143127441406 1.7429957 1.7212069 0.68627536 -16.588566 2.0460281 31.85207 -2.7035434246063232 0.22524745762348175
Cyclist 0.0 0 -1.5255569219589233 879.7199096679688 162.37010192871094 893.3222045898438 203.3270263671875 1.698534 1.7377185 0.48028842 12.033214 1.2932663 31.485197 -1.1605007648468018 0.22092004120349884
Car 0.0 0 1.9637112617492676 207.97625732421875 188.1310272216797 326.0950012207031 248.7366485595703 4.2315164 1.5276337 1.6602621 -10.053775 2.0271456 21.420788 1.524885654449463 0.872318685054779
Car 0.0 0 -1.4146723747253418 476.10302734375 177.25222778320312 546.7548217773438 230.53700256347656 3.8931067 1.517369 1.6247584 -3.071129 1.668897 22.832735 -1.5483754873275757 0.85150545835495
Car 0.0 0 1.8318543434143066 352.0296936035156 184.31597900390625 400.28314208984375 214.9492950439453 3.9918177 1.5874475 1.6299505 -13.238026 2.2706347 40.94643 1.5191597938537598 0.5490378141403198
Car 0.0 0 -1.6002529859542847 581.5851440429688 177.11257934570312 608.6531982421875 202.0658721923828 4.0337753 1.5251564 1.6312007 -1.0346277 1.8142141 46.856026 -1.6223304271697998 0.5413222908973694
Car 0.0 0 -1.0373365879058838 633.01953125 177.5283966064453 706.0737915039062 212.6126251220703 3.862475 1.4960961 1.628484 2.7696328 1.7258341 33.3577 -0.954498291015625 0.22121025621891022
