Pedestrian 0.0 0 -0.20912277698516846 702.2491455078125 177.17660522460938 720.68212890625 213.93466186523438 0.7486384 1.7153703 0.6219444 4.7508597 1.9219568 34.084682 -0.07063102722167969 0.18761131167411804
Pedestrian 0.0 0 -1.402719497680664 84.06090545654297 155.36849975585938 104.47525787353516 198.76466369628906 0.58563316 1.9175388 0.65523714 -23.113634 1.1452676 32.286427 -2.0240325927734375 0.13875465095043182
Pedestrian 0.0 0 1.2598612308502197 1046.6226806640625 146.95956420898438 1088.81884765625 220.2681121826172 0.9234173 1.838389 0.66704476 11.750869 1.1893816 18.621838 1.822782278060913 0.1346040517091751
Pedestrian 0.0 0 -3.097517728805542 732.034423828125 166.65518188476562 749.5263061523438 208.6008758544922 0.6892505 1.7198874 0.6149643 5.3916397 1.4660772 29.958117 -2.9194512367248535 0.13007429242134094
Pedestrian 0.0 0 1.2600164413452148 729.9755859375 143.03419494628906 752.14404296875 187.03907775878906 1.3430723 1.8617198 0.55754864 5.621932 0.60048795 31.225946 1.4381484985351562 0.10604918003082275
Pedestrian 0.0 0 -1.5751906633377075 984.4603881835938 178.29544067382812 1003.2671508789062 231.19659423828125 1.5014315 1.6782835 0.533195 12.631468 1.8643895 23.838873 -1.0879347324371338 0.1059163510799408
Cyclist 0.0 0 -1.5751906633377075 984.4603881835938 178.29544067382812 1003.2671508789062 231.19659423828125 1.5014315 1.6782835 0.533195 12.631468 1.8643895 23.838873 -1.0879347324371338 0.21788574755191803
Cyclist 0.0 0 -2.8817527294158936 598.8115844726562 165.6168212890625 619.2093505859375 188.5810546875 1.636919 1.90664 0.48318514 -0.10540164 1.3061191 60.346474 -2.8834993839263916 0.16302283108234406
Cyclist 0.0 0 1.2600164413452148 729.9755859375 143.03419494628906 752.14404296875 187.03907775878906 1.3430723 1.8617198 0.55754864 5.621932 0.60048795 31.225946 1.4381484985351562 0.14297929406166077
Car 0.0 0 -1.103208303451538 130.62371826171875 181.39727783203125 334.16192626953125 281.0785827636719 3.7252908 1.4228176 1.5775545 -6.321715 1.5930352 12.479371 -1.5721006393432617 0.9104688167572021
Car 0.0 0 -1.4254233837127686 492.5125427246094 177.81695556640625 555.8275756835938 226.1034393310547 3.9006631 1.5090572 1.620809 -2.9253669 1.6944445 24.92504 -1.5422555208206177 0.8639256954193115
Car 0.0 0 -1.524196982383728 556.8150634765625 171.18482971191406 581.403076171875 192.76332092285156 4.060484 1.5525843 1.6501979 -3.0498066 1.4328444 53.95057 -1.5806665420532227 0.47471192479133606
Car 0.0 0 -2.053072690963745 1158.4288330078125 182.97918701171875 1242.0 375.0 3.8362505 1.4452229 1.5821403 7.1503253 1.5751812 7.1662107 -1.2687840461730957 0.16840478777885437
Car 0.0 0 1.601973533630371 510.58453369140625 167.83749389648438 534.1768188476562 190.14036560058594 3.7659297 1.5933504 1.6218659 -6.4915385 1.2353216 53.492973 1.4812109470367432 0.16046452522277832
