Pedestrian 0.0 0 -1.6822491884231567 626.1543579101562 160.0153045654297 662.03515625 244.26303100585938 1.0257162 1.8070548 0.6805667 0.89766604 1.3474509 15.936013 -1.6259793043136597 0.7258785367012024
Pedestrian 0.0 0 1.1730669736862183 380.64630126953125 164.37420654296875 421.76495361328125 243.8345947265625 0.7322861 1.7470198 0.66519564 -4.578167 1.3717124 16.28432 0.8990018367767334 0.6603354811668396
Pedestrian 0.0 0 1.4351660013198853 674.8712768554688 157.22952270507812 707.1648559570312 238.59591674804688 0.6450766 1.7330681 0.61308736 1.9046816 1.2173474 15.624497 1.5564709901809692 0.6461476683616638
Pedestrian 0.0 0 1.7883555889129639 742.5157470703125 150.2592010498047 767.1292724609375 209.00656127929688 0.8005273 1.8290327 0.6086813 4.8578467 0.8574952 22.852303 1.9978134632110596 0.6445382237434387
Pedestrian 0.0 0 -1.661407709121704 450.597412109375 150.25497436523438 510.4388122558594 303.4614562988281 0.8483946 1.6630164 0.5996446 -1.4561328 1.3252169 8.282575 -1.8354361057281494 0.5356823801994324
Pedestrian 0.0 0 1.9035857915878296 695.0968627929688 158.60052490234375 733.1566162109375 230.51568603515625 0.91429675 1.776229 0.6996837 2.845688 1.2118244 18.307222 2.0577924251556396 0.5170587301254272
Pedestrian 0.0 0 1.1776323318481445 684.9994506835938 160.84747314453125 712.5498046875 214.73817443847656 0.78808177 1.7836803 0.6690487 3.2548773 1.1012062 24.239643 1.3111129999160767 0.4628867506980896
Pedestrian 0.0 0 2.6794652938842773 716.8312377929688 159.21923828125 741.9429931640625 208.14764404296875 0.74323064 1.7772511 0.54913324 4.6892934 0.9689822 26.458282 2.854877233505249 0.43234124779701233
Pedestrian 0.0 0 -0.1984686255455017 724.157958984375 153.3668212890625 760.942626953125 219.5146026611328 0.896934 1.798714 0.5856613 3.857017 1.0348645 19.826265 -0.006327800452709198 0.3923428952693939
Pedestrian 0.0 0 -1.4799998998641968 621.7078247070312 157.37493896484375 643.4554443359375 211.50833129882812 0.77260774 1.7853391 0.66372025 1.0262183 0.9907732 24.115324 -1.4374709129333496 0.28166767954826355
Pedestrian 0.0 0 -1.461458683013916 956.3952026367188 124.52436065673828 990.7196044921875 204.13861083984375 1.7274764 1.8045065 0.5454637 8.864051 0.51433146 17.149254 -0.9844009876251221 0.1279049813747406
Pedestrian 0.0 0 -1.4187445640563965 862.5714721679688 137.6721954345703 907.823974609375 228.71510314941406 1.8227568 1.785104 0.6148194 5.9180884 0.9270101 15.024259 -1.0435059070587158 0.11401449143886566
Pedestrian 0.0 0 -0.551217257976532 942.4603881835938 123.5042724609375 1086.174072265625 261.73291015625 1.4914548 1.7428776 0.6988622 5.3435993 1.012965 9.430445 -0.03569386899471283 0.10809435695409775
Cyclist 0.0 0 -1.461458683013916 956.3952026367188 124.52436065673828 990.7196044921875 204.13861083984375 1.7274764 1.8045065 0.5454637 8.864051 0.51433146 17.149254 -0.9844009876251221 0.36030685901641846
Cyclist 0.0 0 -1.4575706720352173 859.9815673828125 138.61477661132812 901.0943603515625 230.3375244140625 1.8422852 1.7804077 0.5940478 5.769495 0.9492258 14.894561 -1.0880117416381836 0.35241633653640747
Cyclist 0.0 0 -0.2771964371204376 516.08056640625 169.5933380126953 566.4036254882812 211.65528869628906 1.9166769 1.6795169 0.75657344 -2.479045 1.205091 29.372921 -0.3613958954811096 0.2990768253803253
Cyclist 0.0 0 -1.6126137971878052 833.1019897460938 149.51632690429688 862.1163940429688 226.4464569091797 1.867535 1.780446 0.58740854 5.978873 1.0414335 17.60099 -1.2851536273956299 0.2632007896900177
Cyclist 0.0 0 -0.551217257976532 942.4603881835938 123.5042724609375 1086.174072265625 261.73291015625 1.4914548 1.7428776 0.6988622 5.3435993 1.012965 9.430445 -0.03569386899471283 0.26081597805023193
Cyclist 0.0 0 -1.6489670276641846 626.8380126953125 160.80795288085938 661.7655639648438 244.277587890625 1.0822322 1.7935663 0.6886873 0.90436906 1.3501703 15.98116 -1.5924376249313354 0.11581896245479584
Cyclist 0.0 0 -0.202025905251503 721.2650756835938 152.57920837402344 760.9972534179688 218.7971649169922 0.98359233 1.8104029 0.5850933 3.838651 1.0208627 19.935038 -0.011796239763498306 0.10674397647380829
Cyclist 0.0 0 1.9119571447372437 695.5777587890625 158.2195281982422 732.964111328125 230.6891326904297 0.920519 1.7855722 0.6713412 2.842035 1.2131557 18.260887 2.0663535594940186 0.10269875824451447
Car 0.0 0 1.7299408912658691 564.1968383789062 171.26626586914062 599.0850830078125 197.9842071533203 3.5648031 1.5430557 1.5612946 -1.1509478 0.952806 43.353767 1.7033993005752563 0.6010503768920898
