Pedestrian 0.0 0 -0.29351890087127686 1054.359619140625 135.8315887451172 1112.6097412109375 239.0797882080078 0.72919023 1.8044479 0.6159929 8.468031 1.1577725 13.005148 0.2836496829986572 0.4319685399532318
Car 0.0 0 -1.8792290687561035 694.7786254882812 186.68580627441406 826.1884155273438 273.8501281738281 3.4932766 1.4775687 1.5849161 2.8522382 1.7935416 14.634729 -1.6867467164993286 0.9164286255836487
Car 0.0 0 -2.579984426498413 9.551797866821289 192.14707946777344 338.093017578125 308.4415283203125 3.815975 1.505373 1.6178681 -6.2179823 1.8089986 10.480579 -3.115452527999878 0.8659056425094604
Car 0.0 0 -1.7131619453430176 651.1837768554688 178.37802124023438 718.85595703125 228.78977966308594 4.3126664 1.5140455 1.6493396 2.386563 1.7175337 24.338757 -1.6154183149337769 0.8585922122001648
Car 0.0 0 -2.7107605934143066 245.39910888671875 185.38648986816406 427.51031494140625 250.67124938964844 3.8290138 1.4736165 1.6072654 -6.6303964 1.7956104 17.579063 -3.071437358856201 0.769658088684082
Car 0.0 0 -2.6319825649261475 112.05603790283203 192.301513671875 367.76776123046875 284.07110595703125 3.788686 1.4900173 1.609504 -6.5748987 1.8636532 12.966104 -3.101280927658081 0.7305887341499329
Car 0.0 0 -2.7901930809020996 286.0495910644531 182.8396453857422 443.390380859375 239.47695922851562 3.8201785 1.4831327 1.604258 -6.7793107 1.7726562 20.04158 -3.116373062133789 0.6879510283470154
Car 0.0 0 -2.6504416465759277 190.56483459472656 190.3691864013672 397.7448425292969 266.1924133300781 3.696508 1.4555327 1.580857 -6.621546 1.8481146 15.217971 -3.060847282409668 0.6354305744171143
Car 0.0 0 0.35416334867477417 312.63232421875 179.85275268554688 457.2704772949219 232.7105712890625 3.9585497 1.5541086 1.6499596 -6.9571295 1.7806365 22.385893 0.05284452438354492 0.5482167601585388
Car 0.0 0 -1.725419044494629 639.572998046875 179.29852294921875 685.9247436523438 212.51625061035156 4.103154 1.482511 1.6252002 2.4667366 1.8155534 35.132233 -1.6553211212158203 0.5041488409042358
Car 0.0 0 0.17573560774326324 417.7091064453125 173.59523010253906 502.0067443847656 208.4619903564453 3.569579 1.5599531 1.6034218 -6.892283 1.5952648 33.168808 -0.02914293482899666 0.4603107273578644
Car 0.0 0 0.26642704010009766 394.4217529296875 184.77017211914062 507.3468933105469 224.9641571044922 4.001733 1.4819305 1.6240294 -6.1734304 1.9606256 28.050493 0.049797773361206055 0.45307457447052
