Pedestrian 0.0 0 -2.2689526081085205 990.6710205078125 182.146728515625 1025.035400390625 231.192138671875 0.84824103 1.7223936 0.7033002 14.288027 2.0639389 26.004448 -1.7665351629257202 0.4799858331680298
Pedestrian 0.0 0 -0.5915765762329102 880.1223754882812 183.9486846923828 925.0310668945312 252.81640625 0.82362586 1.7626288 0.74430704 7.672417 2.0629973 19.05885 -0.2088613063097 0.34566429257392883
Pedestrian 0.0 0 -2.9567623138427734 901.0411376953125 171.3955535888672 923.8847045898438 217.31625366210938 0.7320989 1.7920228 0.63550866 11.957601 1.7354661 28.62122 -2.561016082763672 0.28259900212287903
Pedestrian 0.0 0 -1.3116565942764282 601.5210571289062 155.29734802246094 616.58349609375 191.22166442871094 0.61216235 1.906205 0.67345 -0.08482396 0.974977 38.664856 -1.3138504028320312 0.17845997214317322
Pedestrian 0.0 0 1.389814853668213 1010.1207275390625 145.69248962402344 1038.861083984375 205.567626953125 0.94621825 1.9304003 0.66116077 13.626428 1.0550597 23.816011 1.9095077514648438 0.17825837433338165
Pedestrian 0.0 0 2.4355263710021973 1027.356201171875 149.91787719726562 1071.4404296875 214.18580627441406 0.98586434 1.9014249 0.59066266 13.172511 1.2231973 21.715046 2.980790138244629 0.16411171853542328
Cyclist 0.0 0 -0.6536940336227417 1041.240478515625 177.1339111328125 1097.8414306640625 221.8010711669922 1.8129445 1.7371851 0.74564147 18.16078 1.9098588 28.596504 -0.08788622915744781 0.30424439907073975
Cyclist 0.0 0 -0.8866064548492432 992.0355224609375 166.5249786376953 1017.7798461914062 192.67440795898438 1.7939867 1.8205916 0.59106493 27.801645 1.3803064 50.844288 -0.38622355461120605 0.2703477144241333
Cyclist 0.0 0 -0.8778616786003113 1118.311767578125 192.6526641845703 1242.0 330.6735534667969 1.9060208 1.6812735 0.79979527 7.818564 1.9587677 9.524044 -0.1904888153076172 0.24570469558238983
Cyclist 0.0 0 -2.228510856628418 922.2628784179688 188.47048950195312 967.041015625 240.78489685058594 1.7202241 1.7852706 0.52085865 12.016218 2.3689485 26.052147 -1.7963515520095825 0.1641780287027359
Cyclist 0.0 0 -2.258211612701416 990.7012329101562 181.99403381347656 1025.38134765625 231.46469116210938 0.88216174 1.7346982 0.6894841 14.279941 2.070469 25.978655 -1.7556142807006836 0.13450728356838226
Car 0.0 0 -1.6905736923217773 728.3391723632812 183.2246551513672 795.4468994140625 236.2182159423828 4.0456457 1.5101998 1.6389183 4.7963753 1.877697 23.457878 -1.4888861179351807 0.8616061806678772
Car 0.0 0 -0.09716364741325378 936.8743286132812 184.31903076171875 1034.6629638671875 219.60528564453125 3.840292 1.5031377 1.6217493 17.126877 2.0535648 33.15032 0.37970948219299316 0.22512423992156982
