Pedestrian 0.0 0 -1.7439548969268799 957.8031005859375 164.66978454589844 991.9656982421875 233.07208251953125 0.8719265 1.7919165 0.6779646 9.759138 1.5778749 19.414398 -1.2781692743301392 0.2735200524330139
Pedestrian 0.0 0 -2.4039578437805176 1007.2404174804688 158.63265991210938 1051.1944580078125 227.99972534179688 0.75244296 1.7956027 0.67042154 11.063145 1.4278339 19.134966 -1.879749059677124 0.24150687456130981
Pedestrian 0.0 0 -1.6223323345184326 974.3590698242188 141.0415496826172 996.46533203125 196.51832580566406 0.7352026 1.8731393 0.6361612 12.866335 0.7993694 24.825806 -1.1441800594329834 0.19849997758865356
Pedestrian 0.0 0 1.9909608364105225 988.4393920898438 129.39613342285156 1034.8028564453125 214.8206024169922 0.83116674 1.850765 0.621873 8.928748 0.9095858 16.128057 2.4965758323669434 0.1949518471956253
Pedestrian 0.0 0 2.4499738216400146 828.4255981445312 136.33697509765625 870.7446899414062 212.702880859375 0.7911838 1.8440588 0.6021687 5.8735123 0.9626157 17.845415 2.7679390907287598 0.16508324444293976
Pedestrian 0.0 0 -0.9716136455535889 1074.504150390625 170.4296417236328 1121.0714111328125 247.65599060058594 0.69369286 1.725477 0.5967608 11.118351 1.6716673 16.52426 -0.37934234738349915 0.14286087453365326
Car 0.0 0 1.988952875137329 240.67935180664062 182.6318359375 373.8729553222656 247.74172973632812 4.2695007 1.4720372 1.6434475 -7.873918 1.7606809 19.114296 1.598197102546692 0.8319712281227112
Car 0.0 0 -1.594810128211975 591.4452514648438 171.2189483642578 624.09375 201.44717407226562 3.9905775 1.5087706 1.6146828 -0.19877845 1.427519 38.029156 -1.6000370979309082 0.6548738479614258
Car 0.0 0 1.8266996145248413 377.7734375 176.56930541992188 456.88983154296875 224.80479431152344 4.0745435 1.4787976 1.6072295 -6.4683213 1.6156775 24.471485 1.5682886838912964 0.1924666166305542
Car 0.0 0 1.7691293954849243 417.41815185546875 176.092041015625 477.20489501953125 216.26734924316406 3.975962 1.4866941 1.5918897 -6.5043373 1.6263233 29.026188 1.548685908317566 0.15597045421600342
