Pedestrian 0.0 0 1.6409612894058228 516.4869384765625 157.76051330566406 570.8408203125 291.1038513183594 0.9586569 1.7480375 0.6855572 -0.8753363 1.4516124 9.749819 1.5514216423034668 0.7863085269927979
Pedestrian 0.0 0 -1.5890756845474243 839.8911743164062 173.32919311523438 866.9370727539062 243.73130798339844 0.8777007 1.734786 0.6282011 6.2551146 1.5596867 17.932451 -1.2534565925598145 0.1808961182832718
Pedestrian 0.0 0 -0.2655795216560364 635.457763671875 169.20404052734375 695.81591796875 268.9142761230469 0.97222495 1.774265 0.62349576 1.0600113 1.5749053 12.97185 -0.18404440581798553 0.17864282429218292
Pedestrian 0.0 0 -1.737335205078125 842.671142578125 146.44064331054688 888.250244140625 251.37142944335938 0.9773682 1.7859508 0.60171336 4.568856 1.207899 12.564305 -1.3885630369186401 0.11879541724920273
Pedestrian 0.0 0 -0.8075871467590332 983.371337890625 193.44728088378906 1121.4293212890625 370.0 0.6484734 1.6245486 0.5852869 3.2668567 1.7295921 5.273704 -0.25298047065734863 0.11754902452230453
Cyclist 0.0 0 1.6656445264816284 80.24354553222656 153.0487518310547 121.71047973632812 249.56712341308594 1.6606889 1.6877313 0.478921 -9.429796 1.2093602 13.19698 1.0452253818511963 0.2042810320854187
Cyclist 0.0 0 -2.150991439819336 0.0 175.02734375 71.26715087890625 259.2564697265625 1.8284483 1.6192218 0.68695223 -11.772935 1.5156484 14.183966 -2.8437695503234863 0.14764569699764252
Cyclist 0.0 0 -2.5612289905548096 279.3028869628906 195.4978485107422 357.18902587890625 264.36224365234375 1.793568 1.7423016 0.7377444 -7.5920663 2.1509554 18.651157 -2.947803258895874 0.11691262573003769
Car 0.0 0 1.6638538837432861 54.64788818359375 188.60482788085938 118.93048858642578 232.50164794921875 3.8392932 1.4477879 1.5642837 -19.080942 1.7722437 26.120068 1.0329442024230957 0.16930915415287018
Car 0.0 0 -1.114842414855957 283.2901916503906 195.89988708496094 393.5525207519531 253.1834716796875 3.522919 1.4163098 1.5641003 -7.555545 1.8997793 20.29066 -1.471301555633545 0.15326182544231415
Car 0.0 0 -1.277009129524231 487.7467041015625 145.006591796875 580.4889526367188 205.7734375 4.0661025 1.6408483 1.6577336 -2.0429742 0.6840241 21.24336 -1.3728842735290527 0.12198196351528168
Car 0.0 0 0.7717280983924866 0.0 193.13442993164062 125.48999786376953 244.1771697998047 3.547884 1.4739118 1.5884649 -17.126444 1.8839796 21.87673 0.10752534866333008 0.1136978343129158
