Pedestrian 0.0 0 0.9142939448356628 877.4956665039062 170.48031616210938 937.919677734375 267.6748046875 0.9377614 1.8222526 0.6498359 5.7371554 1.7781076 14.063418 1.3016339540481567 0.4625377058982849
Pedestrian 0.0 0 -2.36513614654541 993.0771484375 156.80165100097656 1054.1622314453125 246.02789306640625 0.87783045 1.8431257 0.722189 8.778531 1.511894 15.422796 -1.8476777076721191 0.26403698325157166
Pedestrian 0.0 0 -1.885176658630371 679.95849609375 175.2031707763672 695.1198120117188 205.4673309326172 1.0278895 1.8346863 0.63992566 4.7339272 1.9814491 44.39592 -1.7789483070373535 0.25890928506851196
Pedestrian 0.0 0 1.3265798091888428 674.0 180.02581787109375 683.987060546875 201.33407592773438 0.8124942 1.7348137 0.64164317 5.6630597 2.331006 59.49329 1.4214820861816406 0.19198077917099
Pedestrian 0.0 0 0.8203980922698975 818.7390747070312 168.12037658691406 865.4310302734375 219.3685302734375 1.7319816 1.8348899 0.6349467 8.5406 1.6657654 26.74983 1.1294448375701904 0.17595729231834412
Cyclist 0.0 0 0.8221423625946045 817.3975830078125 168.53175354003906 865.418701171875 219.1973114013672 1.7789669 1.8147676 0.6610658 8.526378 1.6603088 26.787214 1.1303026676177979 0.39886757731437683
Cyclist 0.0 0 -1.8932136297225952 679.91748046875 175.0809326171875 695.3719482421875 205.3511962890625 1.1112198 1.8329118 0.62407136 4.738927 1.9721534 44.38678 -1.7868521213531494 0.13803896307945251
Cyclist 0.0 0 -0.2744419574737549 993.294189453125 158.15614318847656 1065.066162109375 246.98081970214844 1.1815038 1.8288903 0.66021335 8.827493 1.5266207 15.318815 0.24833250045776367 0.10203976184129715
Car 0.0 0 2.182490587234497 196.28759765625 181.51492309570312 256.87750244140625 209.03553771972656 3.8086102 1.6804188 1.6131773 -25.08996 2.2724051 47.296196 1.694752812385559 0.288504958152771
Car 0.0 0 1.3778843879699707 1171.8746337890625 186.93161010742188 1221.71240234375 212.90652465820312 4.0242887 1.5355105 1.7856344 38.30292 2.5001874 47.226967 2.0593204498291016 0.22063207626342773
Car 0.0 0 1.4946485757827759 968.3125610351562 188.9991455078125 1003.4910278320312 214.07101440429688 3.9701517 1.4512239 1.7150347 24.251505 2.545188 46.708935 1.9735417366027832 0.20560361444950104
Car 0.0 0 1.2018004655838013 707.7283935546875 175.63938903808594 740.0994873046875 193.5115509033203 3.779087 1.5150781 1.5652568 10.014984 1.7695203 63.803856 1.3574953079223633 0.17579329013824463
Car 0.0 0 1.2261123657226562 1028.4095458984375 185.32044982910156 1097.981689453125 218.21180725097656 3.8028584 1.469626 1.7321911 22.367458 2.1242933 35.825886 1.7842354774475098 0.15570221841335297
