Pedestrian 0.0 0 1.6062195301055908 804.54833984375 143.04917907714844 826.2590942382812 202.2671661376953 0.7757763 1.8644232 0.6454459 6.558571 0.92640436 23.182257 1.881927728652954 0.4011393189430237
Pedestrian 0.0 0 -2.8214385509490967 1157.9005126953125 134.11180114746094 1242.0 331.5462341308594 0.82024366 1.6953362 0.65074927 5.671979 1.3630215 6.712626 -2.119870901107788 0.3339001536369324
Cyclist 0.0 0 -1.3060319423675537 350.1485595703125 154.29771423339844 386.70257568359375 220.74615478515625 1.8113227 1.8094144 0.5355661 -6.910147 1.3044784 20.564938 -1.630194902420044 0.3911927044391632
Car 0.0 0 1.886976957321167 213.61001586914062 189.91123962402344 439.6755676269531 329.503173828125 4.0352 1.4072651 1.6127014 -3.5891733 1.6880386 9.814972 1.5363991260528564 0.9051709175109863
Car 0.0 0 1.7883248329162598 417.9525451660156 175.1171875 513.104248046875 244.5974578857422 3.6485863 1.5427567 1.5650095 -3.5306184 1.6053007 17.980747 1.5944360494613647 0.87589430809021
Car 0.0 0 1.355216145515442 668.8412475585938 182.64488220214844 769.8134155273438 250.21861267089844 4.2396297 1.4851501 1.6740696 2.6362667 1.7683283 18.662893 1.4955447912216187 0.8574752807617188
Car 0.0 0 1.6639102697372437 491.0639953613281 175.83128356933594 542.3379516601562 218.2048797607422 3.767479 1.4653273 1.567613 -3.4834502 1.5855104 27.12693 1.536196231842041 0.7348633408546448
Car 0.0 0 -1.667973279953003 656.8114624023438 182.09188842773438 710.1293334960938 224.9962615966797 3.9958625 1.463346 1.6207837 2.680027 1.8409587 27.465244 -1.5707024335861206 0.7346304655075073
Car 0.0 0 1.7464650869369507 526.2597045898438 176.9170379638672 565.7518310546875 206.24838256835938 3.4360666 1.4741031 1.5250703 -3.4088426 1.7014556 38.53018 1.6582227945327759 0.6112092137336731
Car 0.0 0 -2.2998714447021484 885.0364990234375 208.6663055419922 1242.0 375.0 3.9068484 1.4098653 1.5553097 2.8277807 1.6780404 3.4122686 -1.6078680753707886 0.5915833711624146
