Pedestrian 0.0 0 1.31260347366333 766.6240234375 149.87527465820312 820.3776245117188 256.6159362792969 0.7801185 1.7392534 0.6946259 3.177233 1.2252445 12.092573 1.5695387125015259 0.6330397129058838
Pedestrian 0.0 0 2.408912181854248 124.35005187988281 131.18853759765625 204.0751495361328 254.2605438232422 0.81162024 1.7625684 0.6252487 -6.580144 1.0433505 10.7631235 1.8601815700531006 0.4236106276512146
Pedestrian 0.0 0 -2.8062362670898438 1117.9884033203125 131.888671875 1238.0 374.0 0.6246342 1.6790806 0.64617217 3.7612762 1.39309 4.593918 -2.1201658248901367 0.40419116616249084
Pedestrian 0.0 0 -2.127018451690674 371.2133483886719 180.08282470703125 408.0521240234375 241.9749298095703 0.8205616 1.7128283 0.6709706 -6.0464196 1.6747606 20.400194 -2.4151601791381836 0.3747490644454956
Pedestrian 0.0 0 2.0740551948547363 261.9909362792969 114.52799987792969 348.56536865234375 274.05987548828125 0.8144537 1.8086078 0.64574254 -3.5639732 1.0506995 8.581229 1.6804102659225464 0.35498473048210144
Pedestrian 0.0 0 2.040726900100708 54.83539581298828 143.85235595703125 140.7960662841797 267.3534851074219 1.0821157 1.7271874 0.62024605 -7.459158 1.2019964 10.622999 1.4285457134246826 0.34275034070014954
Pedestrian 0.0 0 -2.0337305068969727 174.1670684814453 155.9541778564453 223.26083374023438 242.30645751953125 0.6703864 1.7127558 0.64455295 -8.278398 1.2073144 14.6999855 -2.546618700027466 0.29684141278266907
Pedestrian 0.0 0 -0.48308882117271423 821.8204345703125 130.2017059326172 866.505615234375 218.8984375 0.6493983 1.7941074 0.649425 4.989131 0.7577172 14.899748 -0.15997686982154846 0.2689156234264374
Pedestrian 0.0 0 -1.4170194864273071 503.04345703125 159.05430603027344 522.5285034179688 205.42800903320312 0.75901675 1.7896621 0.64958286 -3.48302 0.92445266 28.108736 -1.5403034687042236 0.2611457109451294
Pedestrian 0.0 0 -1.5157040357589722 443.8287658691406 172.17799377441406 463.91143798828125 224.64830017089844 0.74985486 1.7000074 0.61014867 -4.885914 1.3990743 23.686914 -1.7191216945648193 0.2521027624607086
Pedestrian 0.0 0 -1.9508249759674072 399.6521301269531 175.80215454101562 431.189453125 236.6560516357422 0.65245473 1.7437797 0.70231956 -5.4825225 1.5816472 21.052328 -2.205589771270752 0.22712442278862
Pedestrian 0.0 0 2.111124038696289 9.213151931762695 95.41938018798828 103.31770324707031 251.1350860595703 0.83517903 1.7722236 0.55001044 -6.560679 0.7938779 8.618194 1.4604560136795044 0.209152951836586
Pedestrian 0.0 0 0.010393381118774414 400.227783203125 144.79603576660156 466.75421142578125 225.84425354003906 1.4339793 1.77576 0.67581654 -3.8197317 0.9728013 16.22281 -0.22084912657737732 0.1498946249485016
Cyclist 0.0 0 0.12544094026088715 392.4100036621094 146.1348419189453 466.4180908203125 226.78355407714844 1.5508493 1.768835 0.6646327 -3.8872406 0.9944073 16.168135 -0.11050684750080109 0.27234768867492676
Cyclist 0.0 0 1.9958076477050781 53.981624603271484 138.28807067871094 142.09152221679688 262.0294494628906 1.219073 1.7161124 0.6211281 -7.4455576 1.1181462 10.616217 1.3841841220855713 0.2656421661376953
Cyclist 0.0 0 0.6715235114097595 181.18814086914062 135.3524169921875 257.6364440917969 213.9075927734375 1.5390874 1.7372384 0.52136815 -8.688328 0.71790963 16.278418 0.18125510215759277 0.25486838817596436
Cyclist 0.0 0 -1.7989532947540283 372.0606384277344 179.4339599609375 405.4481506347656 241.2522735595703 0.9373334 1.7120726 0.717419 -6.0986605 1.6560048 20.476603 -2.088423252105713 0.12774857878684998
Car 0.0 0 1.6821049451828003 470.4392395019531 175.25828552246094 579.8803100585938 267.0146789550781 4.070926 1.5031605 1.6250308 -1.3523039 1.4021977 13.811615 1.5845054388046265 0.8777507543563843
Car 0.0 0 -1.6288117170333862 633.13330078125 147.45542907714844 699.2183227539062 209.83694458007812 4.285343 1.6624402 1.6754397 1.7920475 0.7563317 21.304356 -1.5448927879333496 0.3975174129009247
Car 0.0 0 1.9850467443466187 474.9353332519531 178.14993286132812 530.6998291015625 207.65306091308594 3.6134634 1.4497511 1.5411947 -5.0599036 1.2860224 37.244698 1.850017786026001 0.21052084863185883
