Pedestrian 0.0 0 1.8374578952789307 570.961181640625 178.98512268066406 582.2991333007812 199.90170288085938 1.5880499 1.624141 0.5006629 -2.6711397 2.1188002 57.33941 1.7909067869186401 0.10926122963428497
Cyclist 0.0 0 1.8374578952789307 570.961181640625 178.98512268066406 582.2991333007812 199.90170288085938 1.5880499 1.624141 0.5006629 -2.6711397 2.1188002 57.33941 1.7909067869186401 0.4804665744304657
Car 0.0 0 -1.94477379322052 764.415283203125 174.16111755371094 1055.30810546875 356.6183776855469 3.4613035 1.483606 1.5699787 2.7760603 1.5009784 7.6393814 -1.5962220430374146 0.9334117770195007
Car 0.0 0 -1.706070899963379 674.6873168945312 181.9208984375 744.1060180664062 236.06582641601562 3.3652487 1.434114 1.576262 2.8151283 1.7240901 21.35891 -1.5750250816345215 0.9106978178024292
Car 0.0 0 0.6064826250076294 0.0 189.5663604736328 312.1435546875 318.19580078125 4.072083 1.4321947 1.6095371 -6.166466 1.6617491 9.06883 0.009331464767456055 0.8080178499221802
Car 0.0 0 0.3687867522239685 245.0857391357422 187.05799865722656 443.27105712890625 253.96592712402344 4.0227785 1.4472641 1.6097511 -6.1361947 1.7950672 16.80454 0.018678665161132812 0.798740565776825
Car 0.0 0 3.61142897605896 16.460472106933594 159.34300231933594 319.41180419921875 265.9495849609375 3.7729568 1.5504333 1.6196688 -6.861025 1.3542938 11.4320135 3.070892572402954 0.7964800000190735
Car 0.0 0 0.3787091076374054 301.45501708984375 182.9759979248047 473.0976257324219 241.92352294921875 4.030062 1.4533336 1.6058041 -5.86263 1.7348886 19.079618 0.08059430122375488 0.7475259900093079
Car 0.0 0 -2.291891098022461 0.0 214.04025268554688 219.5352783203125 375.0 3.862692 1.4040796 1.5686277 -5.885068 1.8325893 6.499331 -3.0277299880981445 0.7295233011245728
Car 0.0 0 -2.599862813949585 132.07046508789062 181.99923706054688 364.0417175292969 260.06396484375 3.8428724 1.418794 1.5711938 -7.1073413 1.6118623 14.265891 -3.0620734691619873 0.6708343029022217
Car 0.0 0 -0.1626296043395996 722.7308959960938 175.6472930908203 833.4097900390625 220.54747009277344 3.7308574 1.580604 1.629453 6.044877 1.6869329 26.441809 0.0621187686920166 0.6574472784996033
Car 0.0 0 0.39808982610702515 350.7832336425781 179.62384033203125 493.6177062988281 228.46734619140625 4.2693305 1.5198547 1.6549488 -6.212003 1.754896 23.885498 0.14365220069885254 0.5961782932281494
Car 0.0 0 1.3518325090408325 626.4066162109375 177.4544677734375 658.3644409179688 198.2048797607422 4.0306835 1.4997259 1.5991207 2.411268 1.8656691 55.21172 1.3954778909683228 0.4660472273826599
