Pedestrian 0.0 0 -2.1244423389434814 856.799560546875 161.58407592773438 910.6834106445312 252.91647338867188 0.9130111 1.8159724 0.65278924 5.571582 1.5922493 14.854727 -1.7656091451644897 0.3461184799671173
Pedestrian 0.0 0 1.152991771697998 1019.9845581054688 168.30393981933594 1080.4903564453125 254.74180603027344 0.9541475 1.7408757 0.75264186 9.111719 1.6495944 15.049937 1.697396159172058 0.30987921357154846
Pedestrian 0.0 0 -1.8337986469268799 601.1923828125 179.4241485595703 615.4113159179688 211.15225219726562 0.78007096 1.7690462 0.6232912 -0.13398983 2.1458066 40.875732 -1.8370766639709473 0.2740863561630249
Cyclist 0.0 0 0.6234778761863708 0.0 145.5740509033203 64.2394027709961 227.6764678955078 1.3683949 1.8504596 0.5816492 -13.516966 1.2359704 16.591022 -0.06017184257507324 0.17970675230026245
Cyclist 0.0 0 1.0579097270965576 1017.9703979492188 166.95498657226562 1085.5506591796875 253.54180908203125 1.1819988 1.7338142 0.71045977 9.135714 1.6160502 15.047639 1.6035475730895996 0.16306927800178528
Cyclist 0.0 0 -2.125098466873169 855.7440185546875 161.02159118652344 912.3353271484375 254.14610290527344 1.0210046 1.842552 0.64459014 5.568103 1.6087949 14.836863 -1.7660750150680542 0.10944291949272156
Car 0.0 0 1.7055144309997559 425.2416076660156 183.18760681152344 485.4605712890625 229.03094482421875 3.9455466 1.4709299 1.6109927 -5.5518527 1.8740187 26.090132 1.4958467483520508 0.8767537474632263
Car 0.0 0 1.3191112279891968 638.0198364257812 167.32716369628906 713.0733032226562 220.33847045898438 4.055884 1.7193629 1.6667804 2.1790798 1.5404639 25.537569 1.404233455657959 0.8251060247421265
Car 0.0 0 3.775383234024048 0.0 197.88729858398438 90.71281433105469 314.85235595703125 3.8277235 1.5101763 1.6045742 -10.377475 1.9218632 10.807029 3.0102591514587402 0.6355788111686707
Car 0.0 0 1.7660095691680908 453.5643310546875 185.7444610595703 502.5574645996094 219.57742309570312 3.8680778 1.4463375 1.568489 -6.2408566 2.0937603 34.270763 1.5858789682388306 0.2970810830593109
Car 0.0 0 1.67958664894104 315.245361328125 173.82000732421875 371.0874328613281 217.7434539794922 3.7122343 1.5339658 1.5850083 -10.054218 1.5735133 27.27633 1.3264334201812744 0.227925643324852
