Pedestrian 0.0 0 1.0772491693496704 668.7940673828125 167.47909545898438 685.9561157226562 199.04298400878906 1.0631464 1.9042094 0.6139197 4.0842586 1.5803058 44.135967 1.1695244312286377 0.29567453265190125
Pedestrian 0.0 0 1.2014665603637695 883.2589721679688 156.20046997070312 904.3783569335938 197.35301208496094 0.83910054 1.8738034 0.6458862 13.043036 1.1158745 33.272045 1.5750677585601807 0.24183499813079834
Cyclist 0.0 0 -2.306349515914917 1157.528076171875 154.5875244140625 1242.0 250.54530334472656 1.7134165 1.6674293 0.47546694 11.039198 1.3503761 13.402034 -1.617326021194458 0.1888618767261505
Cyclist 0.0 0 1.0941581726074219 668.603515625 168.25723266601562 686.2982788085938 199.19898986816406 1.1556408 1.8656931 0.615461 4.0899105 1.5888795 44.154823 1.1865211725234985 0.14810699224472046
Car 0.0 0 -1.9561748504638672 750.1439819335938 178.54847717285156 963.4706420898438 296.83319091796875 4.0668325 1.4383887 1.5950762 3.4433498 1.5426202 11.065937 -1.6545052528381348 0.9075356721878052
Car 0.0 0 1.9433056116104126 303.8033447265625 180.8490753173828 429.3711242675781 256.7449951171875 3.2883158 1.4350996 1.4789964 -5.1997695 1.6278001 15.675223 1.6230086088180542 0.869361937046051
Car 0.0 0 1.8259273767471313 382.9665832519531 177.0430145263672 474.8028564453125 235.45831298828125 3.848834 1.4643265 1.5764639 -5.0208807 1.593762 20.29603 1.58341383934021 0.7903294563293457
Car 0.0 0 -2.115943670272827 886.3385009765625 184.4145050048828 1242.0 375.0 3.5707638 1.4599215 1.546388 3.4204125 1.5750664 5.3589425 -1.5478639602661133 0.7806345820426941
Car 0.0 0 -1.7927284240722656 725.7904663085938 176.78858947753906 831.4196166992188 247.34080505371094 3.5941782 1.4167286 1.5628295 3.6718605 1.5168126 16.486086 -1.5735806226730347 0.7791593670845032
Car 0.0 0 0.8979735374450684 474.84161376953125 173.48252868652344 527.7315063476562 195.01487731933594 4.091821 1.5100111 1.6195538 -7.997145 1.5580041 52.697395 0.7473666667938232 0.21520861983299255
