Pedestrian 0.0 0 -1.7301256656646729 888.3309326171875 159.62451171875 913.8973388671875 210.33935546875 0.9549263 1.8028644 0.716271 10.5151 1.3329266 26.19194 -1.3483586311340332 0.5511725544929504
Pedestrian 0.0 0 0.5781571865081787 317.0043640136719 162.3236083984375 345.6307067871094 210.4360809326172 0.85998994 1.82866 0.5644625 -10.772326 1.4287784 27.786524 0.2083148956298828 0.16193541884422302
Pedestrian 0.0 0 -2.5108466148376465 308.2063903808594 167.43907165527344 336.47613525390625 217.7267303466797 0.75922966 1.8186429 0.594664 -10.595294 1.623171 26.473532 -2.8915445804595947 0.15151329338550568
Pedestrian 0.0 0 -2.5968151092529297 250.39625549316406 161.1616973876953 289.20703125 220.45262145996094 0.898581 1.8264455 0.63871264 -10.69 1.4666246 22.58784 -3.0388455390930176 0.1461809277534485
Pedestrian 0.0 0 1.61668860912323 199.39920043945312 159.88465881347656 229.36737060546875 234.68472290039062 0.8979835 1.8372543 0.6266083 -10.051403 1.5190568 18.260994 1.1135151386260986 0.12572169303894043
Pedestrian 0.0 0 -2.393018960952759 967.4072265625 150.66880798339844 1007.1622314453125 211.58251953125 0.94120395 1.8533188 0.599616 11.707877 1.1786853 22.494202 -1.913118600845337 0.11721603572368622
Pedestrian 0.0 0 -3.1140832901000977 656.00439453125 173.36544799804688 673.7786865234375 219.29977416992188 0.6492295 1.7016109 0.6422738 2.0210667 1.721421 27.086578 -3.0396063327789307 0.10782986879348755
Pedestrian 0.0 0 -1.6099072694778442 664.7036743164062 171.78761291503906 677.7166137695312 207.2180938720703 0.8595792 1.731212 0.6068684 2.98639 1.6794635 35.696007 -1.526439905166626 0.10731711238622665
Pedestrian 0.0 0 -2.0142993927001953 1065.952880859375 145.40365600585938 1112.492919921875 220.39349365234375 0.9819666 1.8386519 0.6150621 12.035586 1.1659639 18.217579 -1.4304683208465576 0.10682862251996994
Cyclist 0.0 0 -1.3525822162628174 0.0 174.9435272216797 53.578468322753906 301.361572265625 1.857367 1.7078142 0.4783291 -8.8287525 1.7419113 10.711706 -2.04191517829895 0.14522460103034973
Cyclist 0.0 0 -1.1140856742858887 93.8080825805664 150.04771423339844 163.3881378173828 245.22967529296875 1.605991 1.6941528 0.4343375 -9.130445 1.2885792 13.664604 -1.703136682510376 0.1360221654176712
Cyclist 0.0 0 -1.753578543663025 887.7005004882812 159.55892944335938 914.09326171875 210.27352905273438 0.9976877 1.8027776 0.7176289 10.512292 1.3305291 26.205982 -1.3720890283584595 0.1126442700624466
Car 0.0 0 1.7695509195327759 523.8417358398438 178.7543487548828 600.34423828125 234.9137725830078 3.6724632 1.4962956 1.5817994 -1.3869852 1.6886644 21.552038 1.7052843570709229 0.8972544074058533
Car 0.0 0 2.1078741550445557 0.0 196.31930541992188 422.0007629394531 375.0 3.678177 1.4386835 1.5443068 -2.4990506 1.6434681 4.426734 1.5939394235610962 0.7801606059074402
