Pedestrian 0.0 0 -0.9795486927032471 989.9071655273438 178.21405029296875 1046.4478759765625 265.2054443359375 0.8706037 1.6906033 0.61191344 8.176797 1.8025311 14.546845 -0.46746233105659485 0.4669352173805237
Pedestrian 0.0 0 3.101950168609619 300.0504455566406 147.93540954589844 333.8449401855469 217.90904235839844 0.8297602 1.8648219 0.57739353 -8.036489 1.2010907 19.661253 2.71392560005188 0.3875490725040436
Pedestrian 0.0 0 1.236607313156128 983.850830078125 149.73646545410156 1038.048095703125 251.59866333007812 0.7111079 1.788294 0.6594182 7.1975627 1.3827999 13.070566 1.739964485168457 0.28242063522338867
Pedestrian 0.0 0 -3.5609750747680664 961.499755859375 138.37677001953125 1022.830078125 248.28334045410156 0.70259196 1.7775207 0.6353283 6.293533 1.2202777 12.00599 -3.078155755996704 0.2734505236148834
Cyclist 0.0 0 -0.9767836928367615 987.9613037109375 174.9464569091797 1047.5657958984375 262.46722412109375 0.93117404 1.7048033 0.63697416 8.1809025 1.7488506 14.569061 -0.4651346802711487 0.1422407329082489
Car 0.0 0 1.7382614612579346 426.17144775390625 179.23777770996094 518.5569458007812 250.36550903320312 3.5610845 1.4354227 1.5150379 -3.115966 1.5991926 16.673826 1.5535147190093994 0.8903430104255676
Car 0.0 0 -1.7521543502807617 641.8128662109375 173.09226989746094 725.4458618164062 235.1012725830078 4.1043634 1.5852293 1.6277999 1.9381837 1.5930811 20.574678 -1.658229112625122 0.860776960849762
Car 0.0 0 3.717998743057251 0.0 176.71664428710938 224.4082489013672 335.1234436035156 3.756437 1.4574909 1.581729 -6.481136 1.5045279 7.701242 3.018419027328491 0.7660329937934875
Car 0.0 0 3.3238837718963623 307.5585021972656 176.37684631347656 450.30389404296875 226.4338836669922 4.176215 1.5381199 1.6795492 -7.4371285 1.6581603 23.416206 3.0163538455963135 0.749444842338562
Car 0.0 0 1.5163195133209229 609.3089599609375 172.4958038330078 633.8606567382812 193.9789581298828 3.9087043 1.5540919 1.6264361 0.81048447 1.5285372 54.178276 1.5312780141830444 0.525027334690094
Car 0.0 0 -2.2424943447113037 946.8671264648438 208.93899536132812 1242.0 375.0 3.887365 1.4289938 1.5896465 2.466214 1.646407 2.2971578 -1.4216201305389404 0.33717018365859985
Car 0.0 0 0.853958010673523 0.0 205.55873107910156 69.89057922363281 375.0 3.6850042 1.4565253 1.5538087 -6.4971013 1.73673 5.341792 -0.028718046844005585 0.2719438374042511
