Pedestrian 0.0 0 -1.3488167524337769 667.8248291015625 165.72898864746094 696.8927001953125 228.64205932617188 0.8453329 1.6927783 0.6284033 2.209064 1.2695949 19.827496 -1.2378602027893066 0.7297224402427673
Pedestrian 0.0 0 -2.6899354457855225 622.0584106445312 164.79684448242188 661.718994140625 231.9193115234375 0.8300752 1.713601 0.66887367 1.0307388 1.2883565 18.829855 -2.6352503299713135 0.6286896467208862
Pedestrian 0.0 0 0.26252299547195435 482.81005859375 155.60794067382812 536.7883911132812 250.45286560058594 0.88859415 1.758638 0.63196546 -1.776911 1.2798042 13.689213 0.13344097137451172 0.5425710678100586
Pedestrian 0.0 0 -1.7608931064605713 1027.252685546875 119.34977722167969 1131.1890869140625 321.0248107910156 0.7870866 1.7470772 0.6652196 4.3795404 1.210064 6.710353 -1.1826541423797607 0.4997134804725647
Pedestrian 0.0 0 -1.6599764823913574 464.89080810546875 160.20533752441406 488.6448059082031 226.92623901367188 0.7028756 1.7016487 0.5478244 -3.2876904 1.1597286 18.728346 -1.833752155303955 0.49142181873321533
Pedestrian 0.0 0 -0.42466485500335693 791.3746337890625 152.5315704345703 828.5435180664062 221.7083740234375 0.7637795 1.7806314 0.5795993 5.428284 1.0361513 18.82914 -0.14398396015167236 0.49000823497772217
Pedestrian 0.0 0 1.7320585250854492 941.51806640625 137.3499298095703 1068.349609375 374.0 0.81303304 1.7273866 0.63351953 2.698946 1.460594 4.8765597 2.237548828125 0.4419361650943756
Pedestrian 0.0 0 1.6358160972595215 581.3659057617188 163.8191375732422 611.8751220703125 237.6554412841797 1.2629195 1.7673224 0.6804228 -0.14040557 1.3453165 17.841085 1.6279464960098267 0.4261874258518219
Pedestrian 0.0 0 0.02916816622018814 640.8363037109375 154.93788146972656 673.154052734375 229.345458984375 0.77247626 1.7850631 0.65289986 1.3333943 1.1490259 17.59555 0.10480380058288574 0.40941065549850464
Pedestrian 0.0 0 2.1135334968566895 363.95477294921875 165.245361328125 436.5769958496094 297.7197265625 0.78479785 1.7076986 0.63411194 -2.7533352 1.4994956 9.719369 1.8374826908111572 0.37690815329551697
Pedestrian 0.0 0 -1.6910641193389893 610.1463012695312 160.11514282226562 633.0479125976562 211.74549865722656 1.0678043 1.8219874 0.70020705 0.69734794 1.0683949 25.91097 -1.6641573905944824 0.36436229944229126
Pedestrian 0.0 0 3.08184814453125 344.0711669921875 192.06536865234375 415.7154541015625 337.2734680175781 0.7679012 1.6154838 0.668298 -2.679502 1.7485378 8.503555 2.776592969894409 0.2720142900943756
Pedestrian 0.0 0 0.8995739221572876 721.5364990234375 140.13668823242188 840.0018920898438 314.85369873046875 1.178747 1.7544891 0.6681761 1.8887603 1.3404902 7.8861604 1.1346490383148193 0.26327937841415405
Pedestrian 0.0 0 -3.046618938446045 542.4586791992188 169.22872924804688 555.182373046875 200.9966583251953 0.6955959 1.8650182 0.62181073 -3.107411 1.1453748 42.487568 -3.1196258068084717 0.262491911649704
Pedestrian 0.0 0 -1.7969598770141602 789.6167602539062 158.07363891601562 820.3970947265625 229.6454620361328 0.71831745 1.7683383 0.59902304 5.094044 1.1907271 18.11851 -1.5228837728500366 0.2518863081932068
Pedestrian 0.0 0 -1.215392827987671 699.251708984375 154.09735107421875 724.5443725585938 207.38632202148438 0.7575687 1.80899 0.6430527 3.804325 0.87983316 24.869843 -1.0636000633239746 0.24157923460006714
Pedestrian 0.0 0 -0.3912424147129059 677.6852416992188 156.01171875 735.7223510742188 215.13717651367188 1.6223416 1.7396933 0.6000458 3.1371024 0.9908631 21.622866 -0.24716505408287048 0.1780455857515335
Pedestrian 0.0 0 1.5779283046722412 821.3954467773438 160.4158935546875 850.1766967773438 243.92449951171875 1.7659541 1.7112077 0.56382865 5.069345 1.2804047 15.643902 1.8912972211837769 0.12074100971221924
Cyclist 0.0 0 -0.3912424147129059 677.6852416992188 156.01171875 735.7223510742188 215.13717651367188 1.6223416 1.7396933 0.6000458 3.1371024 0.9908631 21.622866 -0.24716505408287048 0.42430344223976135
Cyclist 0.0 0 1.5563633441925049 823.1763305664062 163.72244262695312 852.459716796875 247.14334106445312 1.7619137 1.7004443 0.5693122 5.067076 1.339309 15.565603 1.8710747957229614 0.4000455141067505
Cyclist 0.0 0 1.6743043661117554 581.162841796875 163.7043914794922 613.9320678710938 237.2270965576172 1.3475138 1.7570043 0.6828375 -0.11591739 1.332933 17.867413 1.6678167581558228 0.3217117190361023
Cyclist 0.0 0 0.2068326622247696 477.64691162109375 153.75196838378906 535.1522827148438 249.82533264160156 0.97869635 1.7832347 0.63232243 -1.8390758 1.2694616 13.681636 0.07321429252624512 0.23848596215248108
Cyclist 0.0 0 -1.7044661045074463 609.6403198242188 160.22386169433594 633.2612915039062 211.74557495117188 1.1396065 1.8166322 0.70403945 0.69187623 1.0675048 25.929693 -1.6777896881103516 0.20222514867782593
Cyclist 0.0 0 -0.819607138633728 1013.3673706054688 119.76972961425781 1162.2237548828125 320.6031799316406 1.0070928 1.7522867 0.6327692 4.46028 1.2150686 6.688372 -0.2314632385969162 0.14581666886806488
Cyclist 0.0 0 -1.3488167524337769 667.8248291015625 165.72898864746094 696.8927001953125 228.64205932617188 0.8453329 1.6927783 0.6284033 2.209064 1.2695949 19.827496 -1.2378602027893066 0.14132840931415558
Cyclist 0.0 0 0.8995739221572876 721.5364990234375 140.13668823242188 840.0018920898438 314.85369873046875 1.178747 1.7544891 0.6681761 1.8887603 1.3404902 7.8861604 1.1346490383148193 0.13120824098587036
Cyclist 0.0 0 -1.9627584218978882 622.7420043945312 164.74185180664062 660.4091186523438 232.9097900390625 0.9413509 1.7356776 0.6760863 1.0121044 1.3101641 18.84367 -1.9090994596481323 0.1084359884262085
