Pedestrian 0.0 0 -2.4298887252807617 115.71701049804688 178.27401733398438 153.82936096191406 229.72262573242188 0.87403053 1.6984721 0.6256216 -16.01889 1.8838408 24.260595 -3.0134596824645996 0.43231290578842163
Pedestrian 0.0 0 -2.684889316558838 672.1077880859375 166.2257537841797 717.4922485351562 221.984130859375 1.3525324 1.7535328 0.5451464 2.6868732 1.5454406 23.283821 -2.5700008869171143 0.24969317018985748
Pedestrian 0.0 0 0.21287992596626282 282.32232666015625 175.88845825195312 300.0833435058594 212.24293518066406 0.69021344 1.7809886 0.6243649 -15.844751 1.9334261 35.783356 -0.2039676010608673 0.243544340133667
Pedestrian 0.0 0 -2.6763834953308105 294.972900390625 175.59999084472656 314.7549133300781 210.5912628173828 0.7475229 1.8026813 0.62613726 -15.917587 1.9472699 37.558727 -3.077241897583008 0.21468894183635712
Pedestrian 0.0 0 -1.6105010509490967 654.35302734375 171.71237182617188 673.044677734375 224.4698944091797 1.379624 1.7230115 0.5686571 1.7516717 1.6860851 24.260654 -1.538424015045166 0.2078830450773239
Pedestrian 0.0 0 0.0024865716695785522 653.89697265625 154.9071044921875 702.073974609375 214.0636444091797 1.4659047 1.8024024 0.5557564 2.0553844 1.2559481 22.326967 0.09428620338439941 0.1896853744983673
Cyclist 0.0 0 -2.4567058086395264 666.7684936523438 158.40147399902344 732.2378540039062 223.3743438720703 1.9146818 1.7852894 0.6010819 2.5017123 1.3885288 20.72168 -2.3365581035614014 0.3924693167209625
Cyclist 0.0 0 -2.639519691467285 667.17333984375 164.93675231933594 717.9517822265625 219.8403778076172 1.5622553 1.7224642 0.5386235 2.6131668 1.4744385 23.303736 -2.527851104736328 0.31604260206222534
Cyclist 0.0 0 -0.07116679102182388 650.7426147460938 150.80259704589844 698.65966796875 210.28897094726562 1.4371805 1.8154078 0.5821193 1.9454082 1.1428002 22.319525 0.015775203704833984 0.2634000778198242
Cyclist 0.0 0 -1.5146805047988892 653.829833984375 172.15924072265625 673.0703125 224.7380828857422 1.399525 1.7187451 0.5718827 1.7651165 1.6963924 24.31419 -1.4422115087509155 0.23248624801635742
Cyclist 0.0 0 -2.418344497680664 114.41133117675781 178.74801635742188 155.19400024414062 230.42221069335938 0.97053987 1.7041061 0.63118345 -16.016548 1.9057546 24.258852 -3.0018813610076904 0.12391272187232971
Car 0.0 0 -1.3665767908096313 401.1058654785156 172.92050170898438 522.5778198242188 261.23907470703125 3.9332612 1.5516002 1.628833 -2.8948097 1.5534905 14.650353 -1.5616570711135864 0.8702877759933472
Car 0.0 0 2.018627166748047 191.93894958496094 184.97463989257812 295.0484924316406 234.66217041015625 3.9567683 1.5081174 1.6065531 -12.532949 1.9596679 24.863232 1.5517244338989258 0.8539198637008667
Car 0.0 0 -1.635364294052124 583.3123779296875 172.28836059570312 612.732421875 197.426513671875 4.004181 1.5585217 1.6446972 -0.84740126 1.5238109 46.794506 -1.6534713506698608 0.4475279450416565
Car 0.0 0 3.4876177310943604 0.0 189.90771484375 76.72338104248047 217.2776641845703 3.8243375 1.5252881 1.6496089 -34.647766 2.583232 43.34611 2.813286542892456 0.3007389307022095
