Pedestrian 0.0 0 -2.206108570098877 84.08866119384766 165.663818359375 162.9373016357422 290.40814208984375 0.5819034 1.6837285 0.71637857 -6.8998384 1.5870372 10.170784 -2.8021888732910156 0.4739900827407837
Cyclist 0.0 0 0.6407924294471741 58.821170806884766 148.14337158203125 175.661865234375 237.1331024169922 1.8558112 1.703307 0.6848829 -9.717314 1.2306913 14.187342 0.040253400802612305 0.3145313858985901
Car 0.0 0 1.229428768157959 749.7393798828125 188.21615600585938 972.0054931640625 332.78228759765625 3.648833 1.4580086 1.5467165 2.9807973 1.7005621 9.520387 1.5328567028045654 0.8432733416557312
Car 0.0 0 -2.7219324111938477 271.2000427246094 177.50450134277344 425.1896667480469 239.15966796875 3.5332804 1.56069 1.6006021 -6.9905066 1.6916093 19.327803 -3.0689756870269775 0.7999471426010132
Car 0.0 0 -2.367088794708252 0.0 168.80458068847656 178.42431640625 351.0528869628906 3.754778 1.4424126 1.5739028 -6.294276 1.4107212 6.5053387 -3.1359987258911133 0.5824397206306458
Car 0.0 0 -1.540257215499878 646.8421020507812 180.71990966796875 679.5743408203125 211.2899932861328 3.6600227 1.4624727 1.5828798 2.7603743 1.8912865 37.39703 -1.4665781259536743 0.5509461760520935
Car 0.0 0 0.9856570363044739 860.7163696289062 18.358154296875 1242.0 375.0 4.1335597 1.5886766 1.6393617 2.823445 1.1777791 4.0073385 1.5994426012039185 0.4958052933216095
Car 0.0 0 -2.8231685161590576 312.1993408203125 177.7080841064453 466.4670104980469 230.9537811279297 4.162946 1.5387951 1.6743191 -6.6594753 1.6924313 21.896175 -3.118417978286743 0.4467121958732605
Car 0.0 0 -2.8187596797943115 358.44970703125 180.438720703125 493.8210144042969 227.95103454589844 4.106498 1.5154458 1.6530622 -6.174573 1.7815211 24.298994 -3.067601203918457 0.4340006709098816
Car 0.0 0 3.233452081680298 463.601318359375 181.36724853515625 536.82861328125 209.5898895263672 3.7882283 1.4703764 1.587166 -5.9303155 1.9420259 39.037685 3.0826921463012695 0.3390471637248993
Car 0.0 0 -3.293041467666626 777.532958984375 164.3779296875 880.4144287109375 204.20223999023438 3.9176252 1.6097443 1.6651458 9.064528 1.2674901 30.259695 -3.00199031829834 0.3295882046222687
