Pedestrian 0.0 0 -1.5783313512802124 561.305419921875 153.63438415527344 624.2047119140625 320.36224365234375 0.87949985 1.6149886 0.6101641 -0.18430987 1.3564544 7.293283 -1.6035971641540527 0.7711114883422852
Pedestrian 0.0 0 -1.8854185342788696 836.3516235351562 173.80035400390625 872.7586059570312 244.156005859375 0.7543196 1.7349075 0.66222113 6.2423005 1.5712973 17.81471 -1.5483860969543457 0.3510611057281494
Pedestrian 0.0 0 3.330047130584717 249.1411590576172 170.8655242919922 302.1808776855469 264.8790283203125 0.8212801 1.7552422 0.64534867 -6.368876 1.5770024 13.6097 2.8923535346984863 0.13750296831130981
Pedestrian 0.0 0 -3.1357064247131348 756.4117431640625 173.61302185058594 788.31689453125 261.0219421386719 0.6121436 1.7150743 0.6182184 3.3289862 1.5815736 14.240229 -2.906057119369507 0.12411416321992874
Pedestrian 0.0 0 -0.7979177236557007 985.4878540039062 195.72767639160156 1124.8349609375 370.0 0.65874 1.6284014 0.5832919 3.2860172 1.7515516 5.272116 -0.24055449664592743 0.11870432645082474
Pedestrian 0.0 0 -0.38157570362091064 824.6317138671875 189.04205322265625 868.8049926757812 279.94012451171875 0.6170417 1.7414294 0.673651 4.722065 1.9160454 13.9604645 -0.05541069060564041 0.11848720908164978
Pedestrian 0.0 0 -0.5009773373603821 52.548606872558594 190.15005493164062 102.17172241210938 251.11651611328125 0.9632355 1.69356 0.6299794 -15.239109 1.9811741 20.384706 -1.1429250240325928 0.11792553961277008
Pedestrian 0.0 0 -2.2148475646972656 1141.655029296875 158.52587890625 1224.0 264.1199645996094 1.6385354 1.6957977 0.50910985 10.05168 1.3445563 12.180027 -1.5248932838439941 0.11734789609909058
Cyclist 0.0 0 0.7813745141029358 0.0 165.5754852294922 79.43980407714844 252.31260681152344 1.7820189 1.6971492 0.5957844 -11.680953 1.4067582 14.209181 0.09331989288330078 0.2010226994752884
Cyclist 0.0 0 -2.2148475646972656 1141.655029296875 158.52587890625 1224.0 264.1199645996094 1.6385354 1.6957977 0.50910985 10.05168 1.3445563 12.180027 -1.5248932838439941 0.20085015892982483
Cyclist 0.0 0 0.5361617803573608 36.49441909790039 191.3994598388672 106.2922592163086 253.42868041992188 1.4658275 1.7355626 0.6727843 -15.367348 2.0571501 20.339422 -0.11087866127490997 0.18826420605182648
Cyclist 0.0 0 -1.1582655906677246 84.41130828857422 198.42015075683594 120.22587585449219 253.0189208984375 1.517669 1.6221826 0.3429404 -15.8628645 2.2085178 22.290428 -1.776764154434204 0.12389738112688065
Car 0.0 0 -2.2225613594055176 228.33001708984375 196.9127655029297 373.47900390625 255.5411376953125 4.057831 1.434651 1.6289138 -8.645861 1.9389269 19.95033 -2.6314995288848877 0.1884782910346985
Car 0.0 0 1.507969617843628 1188.47900390625 199.9204864501953 1224.0 370.0 3.8054786 1.4700532 1.576932 5.912115 1.686894 5.8812737 2.295982837677002 0.18530048429965973
