Car 0.0 0 -1.8913772106170654 728.0850219726562 186.6043243408203 946.0360717773438 324.10406494140625 3.7348316 1.4035008 1.587723 2.7061386 1.6239833 9.645437 -1.6178479194641113 0.9207016229629517
Car 0.0 0 -1.6906867027282715 668.1573486328125 177.60317993164062 743.2323608398438 241.4649658203125 3.7296674 1.621583 1.6504658 2.570053 1.7689657 20.465538 -1.5657610893249512 0.8989202976226807
Car 0.0 0 3.5809836387634277 123.8272705078125 165.5552520751953 386.14105224609375 261.63836669921875 3.91161 1.6190795 1.6602095 -6.2987413 1.4964473 13.008383 3.1300506591796875 0.8173220753669739
Car 0.0 0 0.8077949285507202 0.0 192.59286499023438 266.6312255859375 351.04541015625 4.2460814 1.498651 1.6581806 -6.436423 1.754918 8.226835 0.14389729499816895 0.6989079117774963
Car 0.0 0 -1.7080161571502686 655.3465576171875 180.59454345703125 716.5259399414062 228.09619140625 4.2005258 1.5684793 1.6666085 2.6733348 1.8775691 26.645988 -1.608022928237915 0.6901341080665588
Car 0.0 0 0.3940926194190979 261.23138427734375 188.57818603515625 447.4702453613281 251.53306579589844 4.097003 1.4592619 1.6279081 -6.37664 1.8745648 18.11141 0.055567264556884766 0.6374501585960388
Car 0.0 0 3.413545608520508 312.7550354003906 179.7050018310547 465.1309814453125 235.5662384033203 3.8891945 1.5214361 1.6321557 -6.3055887 1.7267528 20.721775 3.1181507110595703 0.4629981517791748
Car 0.0 0 -1.6970008611679077 641.4454345703125 179.28733825683594 682.194091796875 213.62753295898438 3.397651 1.5816276 1.5822113 2.4738705 1.9151535 35.62295 -1.6276662349700928 0.4393346309661865
Car 0.0 0 -2.8490512371063232 381.4142150878906 179.54861450195312 489.70318603515625 218.6280059814453 4.0783944 1.5597262 1.6724576 -7.257472 1.8478931 30.068502 -3.085886001586914 0.4117407202720642
Car 0.0 0 0.544804573059082 224.83914184570312 192.17906188964844 424.00726318359375 266.21429443359375 3.7901816 1.4524887 1.5872701 -6.251714 1.9063159 15.827948 0.16863369941711426 0.39033201336860657
Car 0.0 0 -0.1979289948940277 786.5093994140625 173.44053649902344 865.0232543945312 201.83175659179688 3.9786146 1.5551012 1.6551808 12.041391 1.5892526 40.564507 0.09063124656677246 0.37835928797721863
