Pedestrian 0.0 0 1.6027295589447021 583.836181640625 163.32394409179688 601.2080078125 212.2525634765625 1.7841351 1.7970005 0.6058683 -0.6959706 1.4473484 27.391178 1.5773264169692993 0.12466049194335938
Cyclist 0.0 0 1.5703736543655396 585.2736206054688 163.05447387695312 601.71044921875 212.44830322265625 1.7618085 1.8107752 0.6025986 -0.6709423 1.4518828 27.336931 1.5458351373672485 0.6328046917915344
Cyclist 0.0 0 -1.5722732543945312 830.9996337890625 167.7234649658203 858.615478515625 260.262939453125 1.9170225 1.7416095 0.49689686 4.6828227 1.6454097 14.565361 -1.2612065076828003 0.5146986246109009
Car 0.0 0 0.4534515142440796 195.1812286376953 170.9571075439453 401.043701171875 238.7565155029297 4.0153933 1.4627321 1.607804 -7.0665116 1.4221656 16.463324 0.04800558090209961 0.8444380760192871
Car 0.0 0 -1.7638112306594849 711.3995971679688 186.23533630371094 861.385986328125 304.0595703125 3.10638 1.4220849 1.5262965 2.3841448 1.6489435 10.636879 -1.5433160066604614 0.8299898505210876
Car 0.0 0 1.7119145393371582 471.80572509765625 167.63656616210938 545.16943359375 225.35140991210938 4.264944 1.6461636 1.6960818 -3.1336033 1.4977083 22.713074 1.574815273284912 0.8044992089271545
Car 0.0 0 -1.6797292232513428 683.4497680664062 180.2461700439453 780.8386840820312 263.1236572265625 3.7026553 1.5283837 1.6329224 2.451376 1.7072024 15.528401 -1.5231573581695557 0.7975226640701294
Car 0.0 0 -0.7930213809013367 0.0 192.9663543701172 302.0710144042969 375.0 3.7677367 1.3995044 1.5430188 -2.9923642 1.5400207 3.1303225 -1.5558910369873047 0.6865313053131104
Car 0.0 0 1.5593745708465576 634.1920166015625 173.42037963867188 659.6283569335938 198.0734405517578 3.854577 1.5529017 1.6044886 2.3727756 1.5920777 47.493725 1.6092928647994995 0.5921768546104431
Car 0.0 0 1.7366979122161865 517.8912353515625 173.52940368652344 569.0810546875 211.1740264892578 3.7105854 1.4921782 1.5687063 -2.796393 1.5229454 30.5751 1.6454918384552002 0.580200731754303
