Pedestrian 0.0 0 -0.17101092636585236 666.930908203125 177.71473693847656 686.8051147460938 222.04286193847656 0.6550464 1.6774298 0.6706184 2.5239558 1.8671135 27.740664 -0.08027677237987518 0.325188010931015
Pedestrian 0.0 0 -0.2103414535522461 1182.2275390625 106.11914825439453 1242.0 249.8236846923828 0.7772516 1.7919761 0.5816907 7.9847097 0.9601593 9.434665 0.49201011657714844 0.31227704882621765
Pedestrian 0.0 0 1.173221230506897 1175.5079345703125 160.8218994140625 1242.0 279.4309387207031 0.94974387 1.7144725 0.63817763 9.14575 1.5409085 10.974447 1.8679797649383545 0.2608606219291687
Pedestrian 0.0 0 -3.211740732192993 1030.852783203125 179.89608764648438 1132.459228515625 264.8125305175781 1.7819932 1.7262678 0.71225375 10.051375 1.8854755 15.530809 -2.6373438835144043 0.12438178062438965
Pedestrian 0.0 0 1.060317039489746 1182.8824462890625 176.9156494140625 1242.0 279.1361999511719 0.9734104 1.7449634 0.62432736 10.829203 1.8209363 12.89345 1.758918046951294 0.10000034421682358
Cyclist 0.0 0 -3.2480151653289795 1031.1708984375 181.5404052734375 1133.52978515625 266.12261962890625 1.7749965 1.7187749 0.7001071 10.06037 1.9145838 15.51917 -2.672868013381958 0.4679747223854065
Cyclist 0.0 0 -2.2239274978637695 1146.6402587890625 175.6534423828125 1238.6781005859375 265.839599609375 1.5653411 1.7272841 0.6284936 11.735142 1.7875739 14.65488 -1.548719048500061 0.10843098908662796
Car 0.0 0 1.9126255512237549 279.3342590332031 181.6897430419922 352.8888244628906 222.882080078125 4.445136 1.7189074 1.7543576 -13.502402 2.1551418 33.333206 1.5277529954910278 0.7722939848899841
Car 0.0 0 1.9915790557861328 133.40267944335938 190.65570068359375 215.03277587890625 228.7254638671875 4.1513557 1.53686 1.6727762 -20.035738 2.4123821 33.30804 1.4500362873077393 0.1254880577325821
Car 0.0 0 1.5274667739868164 1153.842529296875 201.1964569091797 1242.0 285.7481994628906 3.7352145 1.4737604 1.674239 13.002537 2.1776226 15.909847 2.212646007537842 0.12369874864816666
