Pedestrian 0.0 0 -1.3393948078155518 1097.9525146484375 147.2653350830078 1182.13134765625 286.74072265625 0.82751095 1.6733903 0.68609583 6.7704926 1.2763301 9.006436 -0.6947815418243408 0.3463239073753357
Pedestrian 0.0 0 -1.541096806526184 838.5477294921875 175.35250854492188 866.6766967773438 244.97691345214844 0.90641266 1.7145926 0.6494439 6.255605 1.5894263 17.946314 -1.2056936025619507 0.21831169724464417
Pedestrian 0.0 0 -0.2443164885044098 634.2844848632812 171.03189086914062 693.8096313476562 270.3328857421875 0.96442276 1.7687536 0.62517136 1.0308734 1.6017498 12.976573 -0.16504186391830444 0.14965523779392242
Pedestrian 0.0 0 0.8047124147415161 1131.00927734375 137.9543914794922 1205.1251220703125 251.32806396484375 0.7143886 1.7774905 0.61660355 9.072058 1.1121103 11.465545 1.4740922451019287 0.14193709194660187
Pedestrian 0.0 0 -3.451139211654663 819.226806640625 191.0242919921875 872.0262451171875 281.3619384765625 0.8148027 1.7287577 0.6846895 4.695636 1.943364 13.955122 -3.126558303833008 0.13455934822559357
Pedestrian 0.0 0 -2.0804295539855957 1114.2230224609375 188.4833526611328 1224.0 370.0 0.66781455 1.6631153 0.6492515 4.3200817 1.7292674 5.3179336 -1.398196816444397 0.12848696112632751
Pedestrian 0.0 0 -1.8055651187896729 839.888671875 153.7052764892578 888.9048461914062 257.8295593261719 0.96503216 1.780318 0.6078167 4.561708 1.3238288 12.597774 -1.4581478834152222 0.12255135923624039
Pedestrian 0.0 0 -2.452956199645996 1132.6021728515625 162.58969116210938 1224.0 263.79473876953125 1.6070375 1.6290482 0.5165605 10.034173 1.3424085 12.214329 -1.7652373313903809 0.11008690297603607
Pedestrian 0.0 0 -0.7198761105537415 47.26762390136719 191.06564331054688 111.4029769897461 250.759765625 1.4717444 1.6398563 0.5851484 -15.230475 1.9591323 20.475498 -1.3594225645065308 0.10917671024799347
Cyclist 0.0 0 1.4606497287750244 964.2802734375 129.5548095703125 1018.5328979492188 246.8582305908203 1.7124238 1.7647631 0.58176255 6.22654 0.9999825 11.534962 1.9556260108947754 0.2815972864627838
Cyclist 0.0 0 -2.452956199645996 1132.6021728515625 162.58969116210938 1224.0 263.79473876953125 1.6070375 1.6290482 0.5165605 10.034173 1.3424085 12.214329 -1.7652373313903809 0.20549334585666656
Cyclist 0.0 0 -2.302855968475342 0.0 176.10350036621094 83.01583099365234 258.90362548828125 1.8920072 1.6100916 0.69757694 -11.68881 1.5262313 14.231186 -2.990481376647949 0.1886196881532669
Cyclist 0.0 0 0.4597356617450714 37.66530227661133 190.52162170410156 112.75749206542969 250.33270263671875 1.6042258 1.6707095 0.6663966 -15.281677 1.9679004 20.378008 -0.18370798230171204 0.15685896575450897
Cyclist 0.0 0 -1.4922889471054077 78.3444595336914 149.0227813720703 119.14532470703125 245.6636962890625 1.7238561 1.6908027 0.490945 -9.494653 1.1417307 13.229914 -2.1147727966308594 0.14943473041057587
Car 0.0 0 1.6340394020080566 57.022674560546875 188.63934326171875 117.4811019897461 232.93408203125 3.8138409 1.4617221 1.5620801 -19.055717 1.7870774 26.100113 1.0033957958221436 0.1767967939376831
Car 0.0 0 -1.223404049873352 288.3844299316406 196.41354370117188 388.47979736328125 253.55044555664062 3.542986 1.4135909 1.5647155 -7.5472 1.9112067 20.256733 -1.5800490379333496 0.14944882690906525
