Pedestrian 0.0 0 -0.795418381690979 822.4055786132812 166.7860870361328 853.4555053710938 221.9136199951172 0.77233577 1.786757 0.6128639 7.483244 1.5904459 23.835608 -0.4912109375 0.5591996908187866
Pedestrian 0.0 0 1.7330595254898071 737.2361450195312 171.90684509277344 753.1337280273438 207.70028686523438 0.8865437 1.7405655 0.63746005 6.637479 1.694865 35.609413 1.9173414707183838 0.505378782749176
Pedestrian 0.0 0 -1.05679190158844 938.4276733398438 151.03611755371094 977.5098266601562 217.05633544921875 0.9547283 1.8800547 0.6432787 10.121309 1.2591059 21.081377 -0.6091852188110352 0.4075562357902527
Cyclist 0.0 0 -1.7845059633255005 799.3795166015625 162.0887451171875 837.938720703125 232.84011840820312 1.9226224 1.8090954 0.59591156 5.5441957 1.5341886 19.425266 -1.506486177444458 0.8413581252098083
Cyclist 0.0 0 -1.722503662109375 845.063232421875 167.21275329589844 870.1248168945312 222.4485626220703 1.2927979 1.768882 0.58982295 8.107877 1.5885838 23.792091 -1.3940658569335938 0.2282630354166031
Cyclist 0.0 0 -0.957324206829071 939.95361328125 153.175537109375 981.6600952148438 218.5030059814453 0.99678886 1.8603034 0.6385242 10.195014 1.300286 21.065159 -0.5065784454345703 0.10781903564929962
Car 0.0 0 -0.37030595541000366 861.3978881835938 190.61257934570312 924.9306640625 213.30047607421875 4.134808 1.6347362 1.5854347 21.144623 2.9847074 54.03433 0.0026938915252685547 0.4915551543235779
Car 0.0 0 0.940811038017273 1143.2816162109375 183.31198120117188 1217.7935791015625 209.38380432128906 3.8621938 1.4994192 1.6913551 35.47359 2.1808848 45.028362 1.6080719232559204 0.243916317820549
Car 0.0 0 1.1385822296142578 1065.94921875 185.1732177734375 1135.32666015625 216.2238311767578 3.7636886 1.5111438 1.6419833 26.172901 2.2059531 38.681377 1.7334494590759277 0.18819372355937958
Car 0.0 0 -0.6389804482460022 1084.13720703125 180.8880157470703 1147.4361572265625 201.7764434814453 3.6836653 1.5296044 1.586186 38.026134 2.144324 54.3284 -0.028300691395998 0.18655996024608612
