Pedestrian 0.0 0 -3.2365334033966064 966.3062133789062 187.4010009765625 1009.9842529296875 274.3506774902344 0.73077947 1.7223958 0.7446959 7.7626715 2.0336132 14.933825 -2.7571678161621094 0.4416300058364868
Pedestrian 0.0 0 -1.5208491086959839 942.1553344726562 197.6796875 964.8370361328125 244.44874572753906 1.0593597 1.7880601 0.77036786 13.731608 2.8059032 28.920685 -1.0775620937347412 0.3459758460521698
Pedestrian 0.0 0 -0.5515267848968506 986.5970458984375 198.3818359375 1047.291259765625 295.6681213378906 0.73396415 1.7298688 0.6740327 7.473467 2.2155855 13.363798 -0.04162311553955078 0.26747992634773254
Pedestrian 0.0 0 -1.065930724143982 294.2975769042969 134.25917053222656 350.16302490234375 225.93890380859375 1.2739776 1.8741735 0.56505305 -6.1760955 1.0855521 15.41437 -1.447015643119812 0.16531594097614288
Cyclist 0.0 0 -0.8940024971961975 935.7460327148438 196.93878173828125 973.9442749023438 242.90794372558594 1.2856715 1.7651626 0.74242073 13.798588 2.7527742 28.960033 -0.44935542345046997 0.2537709176540375
Cyclist 0.0 0 -1.1548634767532349 324.34466552734375 154.1173095703125 375.44781494140625 233.82363891601562 1.7736466 1.7943258 0.4679893 -6.1987376 1.3728892 17.141138 -1.5018606185913086 0.24438607692718506
Cyclist 0.0 0 0.6950162053108215 893.7578125 176.27845764160156 947.1509399414062 227.9554901123047 1.8374877 1.8302022 0.6204743 11.393968 1.9615517 26.637907 1.0992012023925781 0.23794156312942505
Cyclist 0.0 0 0.11517474800348282 539.859130859375 189.63519287109375 568.9340209960938 219.99929809570312 1.7714 1.8949388 0.72902095 -3.55974 2.9712827 45.863598 0.037714242935180664 0.23184196650981903
Cyclist 0.0 0 -1.065930724143982 294.2975769042969 134.25917053222656 350.16302490234375 225.93890380859375 1.2739776 1.8741735 0.56505305 -6.1760955 1.0855521 15.41437 -1.447015643119812 0.21525447070598602
Cyclist 0.0 0 -1.665366530418396 698.0480346679688 189.66880798339844 711.0879516601562 228.80203247070312 1.6948006 1.7250031 0.4370081 4.3296256 2.523496 33.391487 -1.5364233255386353 0.21455320715904236
Cyclist 0.0 0 -2.5389673709869385 404.4686584472656 200.0124053955078 468.4883728027344 261.61199951171875 1.8852426 1.8695127 0.79397064 -5.630424 2.770817 23.22621 -2.776796340942383 0.20051968097686768
Car 0.0 0 1.727379322052002 508.4791259765625 200.63612365722656 562.5194702148438 245.42727661132812 3.6187427 1.5627635 1.6397402 -3.0035765 2.7634385 29.319685 1.6252931356430054 0.8614628314971924
Car 0.0 0 1.7269166707992554 653.48876953125 196.25453186035156 688.1572875976562 222.3905487060547 3.723233 1.5356002 1.7426761 4.055679 3.1586192 48.01529 1.8111830949783325 0.5187907814979553
Car 0.0 0 1.4314618110656738 875.2825927734375 184.41542053222656 906.9970703125 207.20864868164062 3.886951 1.5494331 1.6499823 20.671417 2.4362137 53.237385 1.801830768585205 0.4527982473373413
Car 0.0 0 -0.909807026386261 74.26315307617188 176.7350616455078 358.5588073730469 315.8780517578125 3.8756628 1.6542199 1.643985 -5.5700145 1.7234414 10.744927 -1.388054609298706 0.28027525544166565
