Pedestrian 0.0 0 2.7674176692962646 590.5925903320312 171.72177124023438 631.0838012695312 246.1829071044922 0.7272337 1.6879387 0.7273496 -0.03576255 1.6626306 16.82544 2.765292167663574 0.4257689118385315
Pedestrian 0.0 0 1.8387256860733032 401.6991882324219 130.50750732421875 447.1102294921875 236.14474487304688 0.74036735 1.8460404 0.6195361 -3.379993 1.1063813 12.980566 1.5839935541152954 0.18529467284679413
Pedestrian 0.0 0 -1.6873481273651123 689.5873413085938 177.43450927734375 709.052001953125 227.32492065429688 0.7829336 1.7058858 0.58402 3.0618384 1.8683093 25.133512 -1.5661225318908691 0.14213959872722626
Pedestrian 0.0 0 1.0089731216430664 966.271240234375 158.06239318847656 1078.559814453125 284.68609619140625 1.7544112 1.6982895 0.5698887 5.919979 1.5002607 10.565198 1.5197112560272217 0.10608813911676407
Cyclist 0.0 0 1.0089731216430664 966.271240234375 158.06239318847656 1078.559814453125 284.68609619140625 1.7544112 1.6982895 0.5698887 5.919979 1.5002607 10.565198 1.5197112560272217 0.24689677357673645
Cyclist 0.0 0 -1.498119831085205 783.9575805664062 136.65599060058594 825.1851196289062 249.51043701171875 1.6747938 1.7972348 0.56728286 3.304664 1.2211304 12.3720255 -1.2371056079864502 0.2078617811203003
Car 0.0 0 -1.5113418102264404 622.656982421875 175.59228515625 699.7794799804688 246.0981903076172 3.5489135 1.4367737 1.5675706 1.2250252 1.5076187 16.707998 -1.4381530284881592 0.6262630224227905
Car 0.0 0 1.8008681535720825 609.4150390625 169.27056884765625 658.7169799804688 201.9088134765625 3.6006198 1.4664695 1.5674179 1.1596305 1.3058197 34.35905 1.8346056938171387 0.21878880262374878
Car 0.0 0 0.43174809217453003 174.81057739257812 151.6050262451172 442.9806213378906 256.3399353027344 3.6832302 1.5734466 1.6220754 -4.8108654 1.2545782 11.725377 0.04239821434020996 0.15741625428199768
Car 0.0 0 1.5811026096343994 671.7775268554688 164.36924743652344 708.6077270507812 198.98944091796875 3.7371542 1.5074136 1.5986451 3.6834867 1.1383332 33.365032 1.6910569667816162 0.14952494204044342
Car 0.0 0 -1.2874940633773804 436.5480041503906 165.21798706054688 493.16839599609375 199.6487579345703 3.898184 1.5587511 1.6427492 -6.9408827 1.2134118 34.675007 -1.4850527048110962 0.14845241606235504
Car 0.0 0 -1.4684580564498901 611.4895629882812 156.16883850097656 640.3978271484375 180.8816680908203 3.76294 1.682418 1.672514 1.1356484 0.5468708 51.08943 -1.4462330341339111 0.13152217864990234
