Pedestrian 0.0 0 2.814570665359497 541.7206420898438 140.33265686035156 637.6375732421875 301.19744873046875 0.9597659 1.7189418 0.53135216 -0.22839403 1.2914181 7.966444 2.7859089374542236 0.5534898042678833
Pedestrian 0.0 0 1.4891356229782104 839.4891967773438 172.5076141357422 868.8970947265625 243.6475067138672 0.7806066 1.7489089 0.63550705 6.240734 1.554021 17.835001 1.8257347345352173 0.21475300192832947
Pedestrian 0.0 0 -0.4009363055229187 821.8983764648438 186.33639526367188 869.489990234375 275.8804016113281 0.68005675 1.7191569 0.67381006 4.7075534 1.8391976 13.978556 -0.07609624415636063 0.16135941445827484
Pedestrian 0.0 0 2.9442038536071777 637.877197265625 170.80862426757812 696.8255615234375 269.99847412109375 0.9734808 1.7715894 0.6226097 1.0915945 1.600138 12.987785 3.0280544757843018 0.13970281183719635
Pedestrian 0.0 0 0.47685882449150085 256.436767578125 173.57119750976562 305.92620849609375 265.1205139160156 0.64351547 1.7179214 0.6433313 -6.262341 1.5895386 13.598693 0.04529881477355957 0.1372709721326828
Pedestrian 0.0 0 -2.5908684730529785 1128.974853515625 143.47293090820312 1203.240966796875 254.54055786132812 0.73505205 1.7386245 0.61393106 9.083177 1.160669 11.51384 -1.9229373931884766 0.12542624771595
Pedestrian 0.0 0 -1.564279317855835 848.7861938476562 144.1559295654297 884.3239135742188 250.7499237060547 1.5544641 1.7685643 0.5573697 4.600393 1.1672088 12.5517025 -1.2129677534103394 0.11619129031896591
Pedestrian 0.0 0 -2.347797393798828 1143.8489990234375 160.59275817871094 1224.0 264.248046875 1.4237319 1.6773479 0.5049761 10.069421 1.3568625 12.167336 -1.6564652919769287 0.10814143717288971
Cyclist 0.0 0 -1.605736494064331 850.56982421875 141.3612060546875 888.4080200195312 249.01853942871094 1.7676777 1.7549112 0.552157 4.588681 1.1185663 12.446399 -1.2525222301483154 0.221530482172966
Cyclist 0.0 0 -1.4095277786254883 77.20909118652344 155.695556640625 126.63143920898438 251.1347198486328 1.7170347 1.6716074 0.48912945 -9.448775 1.2388045 13.257099 -2.0287485122680664 0.16513404250144958
Cyclist 0.0 0 -2.347797393798828 1143.8489990234375 160.59275817871094 1224.0 264.248046875 1.4237319 1.6773479 0.5049761 10.069421 1.3568625 12.167336 -1.6564652919769287 0.1367880254983902
Cyclist 0.0 0 -1.2991058826446533 0.0 181.26406860351562 38.21932601928711 266.2559509277344 1.5362958 1.6136512 0.45225248 -11.971089 1.631506 14.225875 -1.9986451864242554 0.11542618274688721
Car 0.0 0 1.990708589553833 53.46082305908203 184.11083984375 149.89324951171875 226.56680297851562 3.7685509 1.45314 1.5430362 -18.781116 1.6003662 26.532974 1.3747398853302002 0.21025040745735168
Car 0.0 0 -1.281686544418335 487.90277099609375 145.11044311523438 580.3419799804688 205.4033203125 4.097658 1.6221927 1.6476256 -2.0362387 0.6716113 21.187256 -1.3774991035461426 0.13982011377811432
Car 0.0 0 -1.3680286407470703 295.54248046875 193.71969604492188 380.0848693847656 250.8858642578125 3.596808 1.413202 1.5671018 -7.5745153 1.8289319 20.24919 -1.7259794473648071 0.12049830704927444
