Pedestrian 0.0 0 -1.5697739124298096 680.3486328125 171.9027099609375 699.1461791992188 217.718994140625 1.0258918 1.8106135 0.73936325 3.1692033 1.7733779 29.062027 -1.461153507232666 0.47586795687675476
Cyclist 0.0 0 -1.5881983041763306 680.1077270507812 171.7762908935547 699.2806396484375 217.74795532226562 1.0771815 1.8164195 0.7469304 3.1621773 1.7741954 29.076729 -1.479871153831482 0.16627062857151031
Car 0.0 0 1.4120049476623535 457.3252868652344 181.65846252441406 508.780029296875 219.71807861328125 3.7007337 1.4556495 1.5666845 -5.4655976 1.8530041 30.526491 1.2348377704620361 0.8585571050643921
Car 0.0 0 1.8872778415679932 84.58100891113281 180.93011474609375 188.87118530273438 235.6791534423828 4.0051045 1.5598707 1.6475346 -15.19855 1.8454863 23.33553 1.309985637664795 0.791814386844635
Car 0.0 0 2.2571020126342773 0.0 198.667236328125 156.2626953125 375.0 3.853749 1.4693133 1.5827829 -5.8956776 1.7645812 6.2639213 1.5019787549972534 0.7258033156394958
Car 0.0 0 0.9218780398368835 341.47076416015625 182.52764892578125 418.6656188964844 214.20277404785156 4.1999097 1.5358497 1.6750282 -12.184349 2.0714757 38.030064 0.6118237972259521 0.6639766097068787
Car 0.0 0 -1.1981279850006104 18.89662742614746 180.61502075195312 123.18120574951172 230.50405883789062 3.671577 1.4941845 1.5680225 -17.980736 1.7761422 24.200056 -1.8371365070343018 0.6261528730392456
Car 0.0 0 0.6753607988357544 947.7841186523438 205.71226501464844 1242.0 375.0 3.9605253 1.4434987 1.5941969 2.9968317 1.6572992 2.6655223 1.5192031860351562 0.6231340169906616
Car 0.0 0 2.5077409744262695 527.7376098632812 178.19175720214844 592.2462768554688 202.45474243164062 4.165377 1.5371907 1.6469024 -3.363447 1.911369 48.554142 2.4385793209075928 0.4483332335948944
Car 0.0 0 2.663167715072632 637.2904663085938 175.4624481201172 698.0389404296875 196.7083282470703 4.076844 1.4757706 1.6259362 4.132652 1.6698258 52.036064 2.7424204349517822 0.34716519713401794
