Car 0.0 0 2.047800302505493 53.653961181640625 194.5553741455078 352.39837646484375 357.40509033203125 3.838363 1.4886252 1.5992016 -4.7511425 1.818581 9.030913 1.5634931325912476 0.9072195887565613
Car 0.0 0 1.9192744493484497 301.0045166015625 186.09170532226562 445.0372314453125 275.25604248046875 3.7445545 1.505444 1.5719352 -4.6784425 1.8094457 14.64602 1.6100846529006958 0.8658718466758728
Car 0.0 0 -1.9360783100128174 796.3216552734375 181.9381866455078 1030.7701416015625 320.7191467285156 3.6961164 1.4644718 1.6012383 3.7286196 1.6103044 9.702654 -1.569189190864563 0.8404550552368164
Car 0.0 0 1.8415648937225342 391.48028564453125 183.1283721923828 491.6861572265625 243.18511962890625 4.199056 1.4292108 1.6323582 -4.581294 1.7452734 20.033413 1.6167479753494263 0.8263915181159973
Car 0.0 0 -1.8186233043670654 732.5093994140625 180.23472595214844 864.2442626953125 264.5809631347656 4.1567116 1.4586987 1.6096525 3.6573296 1.6330739 14.924783 -1.57830810546875 0.7900060415267944
Car 0.0 0 1.8010218143463135 505.5895690917969 177.8758544921875 550.9971313476562 209.59974670410156 3.3821573 1.4794797 1.5190462 -4.06201 1.7425534 35.97554 1.6885876655578613 0.7509564757347107
Car 0.0 0 -1.6690988540649414 700.7039184570312 174.8380126953125 756.371826171875 220.55751037597656 3.614817 1.4893994 1.578177 4.07649 1.5650144 25.514967 -1.510669231414795 0.6762377023696899
Car 0.0 0 -1.7252432107925415 710.6005859375 177.87144470214844 790.9990234375 238.31137084960938 3.7606454 1.4916084 1.6030048 3.7543929 1.6444743 20.024553 -1.5399054288864136 0.6604900360107422
Car 0.0 0 -2.2266886234283447 952.5673828125 193.43145751953125 1242.0 375.0 3.7353802 1.4134679 1.5496886 3.7339506 1.5981913 4.5726447 -1.5419167280197144 0.6168478727340698
Car 0.0 0 -1.6990717649459839 688.371826171875 174.05990600585938 737.2265014648438 211.97157287597656 3.8436146 1.5217043 1.5858394 4.3123336 1.5771202 31.010756 -1.5608985424041748 0.5362163782119751
