Car 0.0 0 -1.6926288604736328 658.7215576171875 175.5286865234375 710.8680419921875 217.1782684326172 3.3595302 1.4625537 1.5484415 2.7216625 1.5702212 27.249052 -1.5930780172348022 0.886642336845398
Car 0.0 0 -1.8151301145553589 704.1724243164062 173.88491821289062 833.1429443359375 266.41229248046875 3.3730047 1.5111817 1.5514437 2.778054 1.5333395 13.537411 -1.6127270460128784 0.868001401424408
Car 0.0 0 0.4306374192237854 191.56607055664062 181.91510009765625 417.2940979003906 256.3017272949219 3.9954803 1.4258724 1.590617 -6.2481313 1.6242017 14.899865 0.0335693359375 0.8623828291893005
Car 0.0 0 0.5208855867385864 108.02967834472656 179.23013305664062 390.0264892578125 271.2079772949219 4.048079 1.434728 1.5938662 -6.0766773 1.5519487 12.300829 0.06204509735107422 0.8289427757263184
Car 0.0 0 -2.136827230453491 831.9461669921875 194.89088439941406 1242.0 375.0 4.104454 1.4547081 1.5995753 2.7906203 1.656253 4.52203 -1.5839169025421143 0.8112695217132568
Car 0.0 0 0.35612109303474426 234.40576171875 156.3658447265625 411.4582214355469 223.72377014160156 3.627742 1.5424994 1.6012812 -6.85333 1.1652781 17.357136 -0.01993105746805668 0.6907170414924622
Car 0.0 0 0.3003263473510742 376.522705078125 178.30746459960938 501.2335205078125 223.95721435546875 3.881394 1.500342 1.6080111 -5.8852887 1.6957392 24.86863 0.0679464340209961 0.6521239280700684
Car 0.0 0 0.28779590129852295 342.28363037109375 178.59600830078125 483.5973205566406 227.21934509277344 4.002515 1.459811 1.590293 -6.172237 1.6475008 22.697704 0.02228403091430664 0.6434746980667114
Car 0.0 0 -0.19916239380836487 701.8529052734375 173.16604614257812 797.1115112304688 209.88409423828125 3.9639776 1.6122638 1.6722378 6.1994867 1.6270716 32.55185 -0.010966558940708637 0.5237174034118652
Car 0.0 0 -2.664365291595459 269.2516174316406 177.73265075683594 434.93536376953125 234.55772399902344 4.0531154 1.4821973 1.6144173 -7.1628594 1.6255436 20.073116 -3.0071191787719727 0.41501155495643616
