Pedestrian 0.0 0 2.737664222717285 688.5383911132812 151.1703338623047 786.3548583984375 305.0981140136719 0.9356932 1.7248482 0.699525 1.5017427 1.3978786 8.363712 2.91532564163208 0.49821147322654724
Pedestrian 0.0 0 -1.5169426202774048 838.0231323242188 173.39630126953125 867.82958984375 243.06930541992188 0.8257928 1.7116618 0.6695899 6.237484 1.5387423 17.874275 -1.1811907291412354 0.2895825505256653
Pedestrian 0.0 0 -0.2484426200389862 633.3815307617188 170.6969451904297 693.1217651367188 270.2732849121094 0.9749521 1.7763709 0.5976879 1.0176976 1.6031339 12.985386 -0.170229971408844 0.17930397391319275
Pedestrian 0.0 0 -3.420525074005127 820.1607055664062 189.97108459472656 871.8037719726562 280.44232177734375 0.8035749 1.7298756 0.69042987 4.701911 1.9233485 13.953695 -3.0955092906951904 0.13246414065361023
Pedestrian 0.0 0 1.9468380212783813 257.88726806640625 174.68136596679688 310.80224609375 267.7489013671875 0.8320733 1.7522017 0.6807351 -6.259812 1.6442889 13.739775 1.5193387269973755 0.13002486526966095
Pedestrian 0.0 0 1.522778034210205 965.947265625 135.53228759765625 1013.0833129882812 252.59780883789062 1.7227283 1.7674102 0.58577704 6.2210946 1.0901654 11.573308 2.016003370285034 0.11490093171596527
Cyclist 0.0 0 1.5280261039733887 965.6516723632812 134.29710388183594 1013.822998046875 250.58839416503906 1.7277633 1.747008 0.60628414 6.1983147 1.0545771 11.526474 2.0214126110076904 0.3105695843696594
Cyclist 0.0 0 -1.3480279445648193 70.32415771484375 153.38479614257812 128.22958374023438 250.72158813476562 1.6738839 1.6929891 0.52313143 -9.428014 1.2230169 13.165647 -1.9694825410842896 0.1860440969467163
Cyclist 0.0 0 0.46398890018463135 40.366939544677734 189.47584533691406 110.4064712524414 249.58203125 1.471237 1.6816856 0.67315865 -15.278655 1.9478747 20.377684 -0.17936742305755615 0.1538577675819397
Car 0.0 0 2.1906070709228516 0.0 184.305908203125 121.613525390625 235.27540588378906 4.191782 1.5333697 1.6331631 -18.425304 1.6739959 23.710564 1.5299910306930542 0.22651433944702148
Car 0.0 0 -1.083353042602539 291.9505615234375 195.87567138671875 405.8629455566406 253.57095336914062 3.5741045 1.4157261 1.5671211 -7.229129 1.8981749 20.227882 -1.426591157913208 0.1500546634197235
