Pedestrian 0.0 0 3.293445587158203 115.0726547241211 109.06149291992188 206.81747436523438 249.30465698242188 0.99191934 1.8459533 0.6505814 -6.172003 0.9073159 9.7976885 2.7312982082366943 0.40811678767204285
Pedestrian 0.0 0 0.7148618698120117 269.7195739746094 177.81723022460938 325.8796081542969 266.2630310058594 0.7598399 1.7556254 0.7371005 -6.3320904 1.7040023 14.494884 0.3029971122741699 0.32177722454071045
Pedestrian 0.0 0 -1.5286487340927124 790.384765625 164.17132568359375 804.32177734375 197.79327392578125 0.7424006 1.7769593 0.68955445 10.28188 0.9153807 37.82157 -1.2632112503051758 0.2774510383605957
Pedestrian 0.0 0 0.12895089387893677 995.4507446289062 112.25365447998047 1064.8775634765625 250.656005859375 0.7533305 1.8174734 0.58067906 5.81242 0.9229488 9.740982 0.6669385433197021 0.19083110988140106
Pedestrian 0.0 0 -2.081124782562256 983.2479858398438 145.04844665527344 1028.0045166015625 216.62982177734375 0.9122532 1.8030113 0.6399437 10.29891 0.91164136 18.261513 -1.5676207542419434 0.18263976275920868
Pedestrian 0.0 0 0.01927778124809265 771.4374389648438 156.2288360595703 797.1382446289062 189.01461791992188 1.419681 1.8606536 0.5661927 10.285549 0.48460543 40.58204 0.2675015926361084 0.1339975744485855
Pedestrian 0.0 0 -1.871026873588562 879.1004028320312 156.13075256347656 901.3015747070312 194.09361267089844 1.7177819 1.7576368 0.48944545 13.527329 0.6308226 33.60671 -1.4883511066436768 0.10759599506855011
Cyclist 0.0 0 0.06350064277648926 770.5404663085938 156.1861114501953 800.9617309570312 188.80552673339844 1.658891 1.8474551 0.5612326 10.363275 0.47178352 40.562756 0.31363725662231445 0.337956964969635
Cyclist 0.0 0 -1.9129647016525269 878.7800903320312 155.37332153320312 902.3812866210938 193.00637817382812 1.7090504 1.7399501 0.4903352 13.521341 0.5796823 33.549026 -1.5298470258712769 0.26902368664741516
Cyclist 0.0 0 -1.9642515182495117 973.3783569335938 134.57505798339844 1025.416259765625 206.34962463378906 1.7781564 1.7994051 0.55262214 10.327848 0.64965034 18.635408 -1.4581851959228516 0.26439523696899414
Cyclist 0.0 0 0.6507654190063477 263.6803894042969 178.73646545410156 325.2994384765625 266.9436950683594 0.9081374 1.7551683 0.72162867 -6.4100523 1.7217058 14.520698 0.23505067825317383 0.12373168021440506
Cyclist 0.0 0 3.3385257720947266 111.35636138916016 109.65608215332031 213.02426147460938 250.9225616455078 1.0909847 1.8591796 0.6437963 -6.1498194 0.9284903 9.795247 2.777888774871826 0.10635417699813843
Car 0.0 0 -0.7871330976486206 0.0 207.8820343017578 294.13629150390625 370.0 3.9687114 1.4235185 1.5953456 -3.233092 1.6330264 3.36241 -1.552926778793335 0.7139126658439636
Car 0.0 0 1.6448967456817627 430.1015319824219 175.56788635253906 465.18548583984375 203.90704345703125 4.112413 1.5085202 1.6284971 -8.810488 1.2473875 39.78362 1.4269540309906006 0.5330910086631775
Car 0.0 0 1.8905625343322754 0.0 181.62802124023438 42.492897033691406 212.64962768554688 4.1042676 1.5720117 1.6406746 -32.15702 1.6378634 38.194366 1.1907715797424316 0.19279824197292328
