Pedestrian 0.0 0 -1.4393463134765625 424.2225341796875 176.5645294189453 438.2391662597656 209.5899200439453 0.8990531 1.7591581 0.62457806 -9.699957 1.9626751 39.021183 -1.6829898357391357 0.2512900233268738
Pedestrian 0.0 0 -2.3798463344573975 893.8051147460938 200.83285522460938 946.2887573242188 285.3267517089844 0.79581136 1.8017792 0.73732805 6.91876 2.451541 16.233326 -1.9769537448883057 0.16806259751319885
Pedestrian 0.0 0 -0.3429081439971924 849.0776977539062 203.33853149414062 909.7295532226562 284.8981018066406 1.1806517 1.8658502 0.70159644 6.3319635 2.6050925 17.12851 0.011184930801391602 0.1513342559337616
Pedestrian 0.0 0 1.493127465248108 771.497314453125 136.94998168945312 799.8858642578125 212.65359497070312 1.6481359 1.7829303 0.54961824 4.2806635 0.93769646 17.84752 1.7285271883010864 0.1507730633020401
Cyclist 0.0 0 1.493127465248108 771.497314453125 136.94998168945312 799.8858642578125 212.65359497070312 1.6481359 1.7829303 0.54961824 4.2806635 0.93769646 17.84752 1.7285271883010864 0.3427629768848419
Cyclist 0.0 0 -3.374641180038452 884.223876953125 199.2772979736328 952.6646728515625 283.9944152832031 1.2834992 1.8161429 0.7045145 6.856115 2.426596 16.202871 -2.9743454456329346 0.15329572558403015
Cyclist 0.0 0 -1.4539260864257812 424.0622863769531 176.41648864746094 438.1127624511719 209.2238006591797 0.9979367 1.7452674 0.62702566 -9.709863 1.9409933 39.032017 -1.697743535041809 0.15163834393024445
Cyclist 0.0 0 1.9154384136199951 227.12213134765625 184.66513061523438 252.0601806640625 224.2771759033203 1.5117414 1.7295315 0.5291739 -16.841354 2.278898 32.752132 1.4404903650283813 0.1503821462392807
Cyclist 0.0 0 -0.37984761595726013 853.5799560546875 202.8471221923828 915.9019775390625 281.381591796875 1.2200229 1.7972343 0.6694471 6.456645 2.523769 17.120342 -0.01920827105641365 0.12981165945529938
Car 0.0 0 1.7896488904953003 466.3899841308594 179.46188354492188 506.10205078125 205.62904357910156 4.0363965 1.5269306 1.6146727 -7.7299156 1.960036 45.194927 1.6202529668807983 0.6494506001472473
Car 0.0 0 1.1030833721160889 836.29345703125 202.89633178710938 1242.0 375.0 4.181995 1.4392047 1.6252606 2.7760408 1.7254399 4.7249303 1.6342837810516357 0.16404272615909576
Car 0.0 0 1.9580864906311035 198.42959594726562 191.70001220703125 257.7800598144531 221.14564514160156 3.8491213 1.5037255 1.6803225 -21.866055 2.6376777 41.400066 1.4721617698669434 0.16301491856575012
Car 0.0 0 1.9884945154190063 269.58782958984375 188.8617706298828 318.94677734375 213.9236297607422 3.8154562 1.5393168 1.6444567 -21.263472 2.6619422 48.670155 1.576596736907959 0.15142738819122314
Car 0.0 0 -0.8366611003875732 853.2219848632812 210.58590698242188 1011.4080810546875 287.4947204589844 3.3756979 1.534452 1.5965775 7.6299543 2.5083838 17.198593 -0.41911011934280396 0.1346314400434494
