Pedestrian 0.0 0 -1.5713130235671997 538.3986206054688 176.14584350585938 551.130859375 214.78211975097656 0.9324091 1.679419 0.5531312 -2.92867 1.8277137 31.933708 -1.6627681255340576 0.16175523400306702
Pedestrian 0.0 0 -0.7582834959030151 969.146484375 165.09080505371094 1011.5582885742188 226.69564819335938 0.9144675 1.7866913 0.65003496 11.209153 1.5618979 21.36059 -0.27502575516700745 0.1359969973564148
Pedestrian 0.0 0 -1.4225555658340454 656.4984130859375 171.04066467285156 672.0455322265625 206.1395263671875 0.78446686 1.7955135 0.69569266 2.7771497 1.7031093 37.36747 -1.348371982574463 0.1085813120007515
Cyclist 0.0 0 2.1659274101257324 336.8743896484375 175.95645141601562 357.83392333984375 203.02281188964844 1.7465185 1.8153943 0.45098546 -18.037834 2.0324836 49.50084 1.8164868354797363 0.22477252781391144
Cyclist 0.0 0 -1.7546565532684326 802.8975219726562 179.6402587890625 817.806640625 218.97340393066406 1.5661504 1.6746193 0.34947246 8.778377 1.9814422 31.786453 -1.4852055311203003 0.17410258948802948
Cyclist 0.0 0 -1.5819727182388306 538.411865234375 175.71719360351562 550.78076171875 214.49098205566406 1.2395787 1.6800108 0.530074 -2.9461708 1.8099129 31.999245 -1.6737838983535767 0.11014115065336227
Car 0.0 0 2.089232921600342 147.77304077148438 185.8969268798828 291.1265869140625 245.68319702148438 4.409307 1.4743888 1.6889683 -11.193879 1.8945132 20.990986 1.599324345588684 0.8390032649040222
Car 0.0 0 -1.547743797302246 551.1873168945312 178.330322265625 712.7119140625 326.7581787109375 4.1507716 1.4679167 1.6414568 0.2704544 1.5557252 9.404267 -1.5189930200576782 0.7187811732292175
Car 0.0 0 1.7359354496002197 588.3924560546875 171.7352294921875 641.8998413085938 211.09263610839844 3.702553 1.4832768 1.5742053 0.22846846 1.4414716 29.14923 1.7437732219696045 0.17658856511116028
Car 0.0 0 2.224241256713867 0.0 182.4297637939453 81.84973907470703 229.7679901123047 3.9558506 1.5457273 1.6041902 -21.551426 1.922661 26.36999 1.5390576124191284 0.12229492515325546
