Pedestrian 0.0 0 1.3903868198394775 611.776123046875 136.10379028320312 665.0629272460938 264.0428161621094 0.89524937 1.8331901 0.6437715 0.44022572 1.1987191 10.613955 1.4318392276763916 0.7301713228225708
Pedestrian 0.0 0 1.3175277709960938 668.2528076171875 133.2227325439453 728.1212158203125 259.8876037597656 0.9991898 1.8382356 0.67178196 1.3577559 1.1537843 10.794561 1.4426521062850952 0.6652762293815613
Pedestrian 0.0 0 1.0036834478378296 442.21246337890625 131.5247039794922 496.7514953613281 235.74510192871094 0.85745144 1.8336184 0.6161921 -2.5319192 0.97360766 12.95761 0.8107147216796875 0.4630078673362732
Pedestrian 0.0 0 -1.8433911800384521 1098.779052734375 145.9899444580078 1224.0 370.0 0.6201467 1.6047944 0.6557042 3.0211816 1.4444404 3.7305398 -1.1626722812652588 0.4297391474246979
Pedestrian 0.0 0 0.5905404090881348 402.7519226074219 151.34681701660156 443.0395202636719 212.500244140625 1.0095271 1.8624889 0.67687494 -5.6989555 0.9761579 22.015308 0.3372373580932617 0.42622697353363037
Pedestrian 0.0 0 1.2838267087936401 527.69091796875 135.50982666015625 556.624267578125 203.6577606201172 0.8171014 1.8730209 0.60359144 -1.8109165 0.638061 19.919054 1.193162202835083 0.3678496479988098
Pedestrian 0.0 0 1.574074625968933 599.5343017578125 135.3508758544922 622.2132568359375 202.53721618652344 0.7503752 1.8725734 0.6321647 0.13253495 0.61578256 20.079725 1.5806750059127808 0.36524486541748047
Pedestrian 0.0 0 -2.5930397510528564 577.9985961914062 130.42063903808594 635.1940307617188 230.4268035888672 0.9046996 1.8567302 0.6352135 -0.010530418 0.92858666 13.628923 -2.5938124656677246 0.3271000385284424
Pedestrian 0.0 0 0.22485637664794922 471.0765075683594 140.60235595703125 520.9495239257812 235.4560089111328 0.86590976 1.833089 0.595948 -2.1895425 1.0636818 13.986409 0.06956887245178223 0.3224468231201172
Pedestrian 0.0 0 3.1702792644500732 488.1788024902344 140.6846160888672 530.0717163085938 227.90850830078125 0.88811445 1.8592042 0.5785753 -2.1207242 1.0121462 15.401522 3.0334439277648926 0.31065893173217773
Pedestrian 0.0 0 -2.3187308311462402 323.2440185546875 147.26998901367188 355.58154296875 206.9873046875 0.7279444 1.8407891 0.623521 -8.381436 0.81802857 22.231222 -2.6792643070220947 0.3095763325691223
Pedestrian 0.0 0 -2.4116077423095703 79.6438217163086 153.74754333496094 124.4284896850586 220.91244506835938 0.7755651 1.8102514 0.636904 -13.838233 1.0907918 19.410982 -3.0309438705444336 0.26638263463974
Pedestrian 0.0 0 2.1874208450317383 394.9623107910156 143.3283233642578 428.193115234375 197.24261474609375 1.0724468 1.876518 0.6430584 -6.9185314 0.58426625 25.218115 1.9196611642837524 0.2526313066482544
Pedestrian 0.0 0 -1.190788984298706 355.90069580078125 148.3666229248047 374.7336120605469 188.15130615234375 0.64268446 1.9377738 0.6888966 -11.800316 0.3741064 34.772026 -1.5179557800292969 0.2387332171201706
Pedestrian 0.0 0 0.9866240620613098 240.25791931152344 126.3905258178711 337.4087219238281 238.67442321777344 1.7132586 1.7419087 0.61842847 -5.284554 0.9041427 11.681801 0.5617969036102295 0.10866595804691315
Cyclist 0.0 0 0.9866240620613098 240.25791931152344 126.3905258178711 337.4087219238281 238.67442321777344 1.7132586 1.7419087 0.61842847 -5.284554 0.9041427 11.681801 0.5617969036102295 0.39997169375419617
Cyclist 0.0 0 1.322659969329834 667.7823486328125 134.6125946044922 728.4212646484375 260.75091552734375 1.0030304 1.8343747 0.68905675 1.3591195 1.1687182 10.817367 1.4476473331451416 0.15249325335025787
Cyclist 0.0 0 0.6136276721954346 401.2188720703125 152.28981018066406 444.2851867675781 212.91859436035156 1.0900896 1.84921 0.7157269 -5.7219067 0.9903426 22.087387 0.36014246940612793 0.1389448195695877
Cyclist 0.0 0 2.1874208450317383 394.9623107910156 143.3283233642578 428.193115234375 197.24261474609375 1.0724468 1.876518 0.6430584 -6.9185314 0.58426625 25.218115 1.9196611642837524 0.11995524168014526
Cyclist 0.0 0 -2.848609447479248 569.05078125 125.74568939208984 627.1497192382812 226.88633728027344 0.9788128 1.8867859 0.63822746 -0.16875185 0.8669773 13.627238 -2.860992193222046 0.10489998757839203
Cyclist 0.0 0 1.347885012626648 446.0910949707031 133.90509033203125 493.4219055175781 240.00865173339844 0.9439033 1.8414971 0.64719397 -2.5086884 1.0344574 12.828794 1.1547706127166748 0.10395438224077225
Car 0.0 0 1.9324934482574463 0.0 11.374442100524902 273.94757080078125 370.0 3.9839454 1.6105804 1.6045675 -3.221663 1.1161 4.208078 1.279089093208313 0.21273523569107056
