Pedestrian 0.0 0 1.2860361337661743 770.4613037109375 173.21629333496094 798.4732055664062 229.08778381347656 0.84947824 1.816307 0.6893373 5.726633 1.8288888 23.9005 1.5212057828903198 0.5979601144790649
Pedestrian 0.0 0 -1.8372653722763062 1076.15576171875 159.74330139160156 1136.9246826171875 262.29217529296875 0.9017505 1.8103676 0.7056795 9.063784 1.5792731 13.276426 -1.2382464408874512 0.4719482362270355
Pedestrian 0.0 0 1.0156030654907227 853.9271240234375 157.36061096191406 886.875244140625 213.98733520507812 0.970566 1.8961542 0.6449267 8.861124 1.377714 24.700054 1.360050916671753 0.14504630863666534
Cyclist 0.0 0 -1.800685167312622 1207.971435546875 175.20584106445312 1242.0 227.3901824951172 1.8906871 1.6781342 0.61666864 20.725008 1.7608083 24.270184 -1.0939147472381592 0.24023835361003876
Cyclist 0.0 0 1.2959983348846436 674.6792602539062 174.9322509765625 688.2047119140625 200.1724853515625 1.7405345 1.7546369 0.49964184 5.0341434 1.9050854 51.205715 1.3939955234527588 0.13965852558612823
Cyclist 0.0 0 1.1937448978424072 1074.9932861328125 156.9698028564453 1141.5186767578125 260.3275451660156 0.97124594 1.8170319 0.69207877 9.062178 1.5381451 13.232132 1.7942383289337158 0.1001456007361412
Car 0.0 0 2.114041566848755 71.25869750976562 184.9955291748047 210.6242218017578 243.76402282714844 4.1778107 1.5713316 1.6783459 -14.323904 1.9820802 22.273844 1.5425450801849365 0.8458018898963928
Car 0.0 0 -0.48570311069488525 1001.8875122070312 186.51683044433594 1082.2449951171875 214.25611877441406 3.8412256 1.6037452 1.6326166 25.984303 2.445786 43.530968 0.052445173263549805 0.2621319890022278
Car 0.0 0 1.018603801727295 1143.408203125 184.0419158935547 1212.106201171875 211.05958557128906 4.115492 1.6802989 1.745025 38.260925 2.4704344 48.78921 1.6836415529251099 0.20963063836097717
Car 0.0 0 1.0195744037628174 898.9210205078125 188.9630126953125 948.868408203125 209.68124389648438 3.8928905 1.435095 1.7146196 23.93078 2.7138522 55.209705 1.4285825490951538 0.14910079538822174
