Pedestrian 0.0 0 1.0996160507202148 1010.1582641601562 138.99566650390625 1089.8948974609375 286.192626953125 0.6980549 1.7178701 0.56615716 5.399351 1.223168 8.751694 1.652405023574829 0.505688488483429
Pedestrian 0.0 0 -1.223419189453125 506.7741394042969 179.49119567871094 537.6307983398438 234.95086669921875 0.8469513 1.7116343 0.7241308 -2.5198455 1.6507505 22.663696 -1.334148645401001 0.49140122532844543
Pedestrian 0.0 0 1.7667770385742188 228.746826171875 144.97483825683594 279.8553161621094 256.5682067871094 0.81832325 1.796177 0.6262164 -5.8423066 1.2095709 12.034615 1.3148301839828491 0.31756284832954407
Pedestrian 0.0 0 -1.9281249046325684 555.2677001953125 171.9552459716797 574.71875 207.0000762939453 0.9047945 1.7758677 0.7281109 -1.8846722 1.2930665 36.958187 -1.9790754318237305 0.2748454809188843
Pedestrian 0.0 0 3.291346549987793 453.465087890625 163.7982635498047 482.2938232421875 222.2005157470703 0.81692916 1.8233604 0.6101674 -4.249286 1.2718084 22.743496 3.1066408157348633 0.25968030095100403
Pedestrian 0.0 0 3.2304530143737793 450.4576721191406 166.45660400390625 477.46905517578125 222.0412139892578 0.82369184 1.801061 0.598321 -4.538292 1.3147168 23.612152 3.04056715965271 0.25731903314590454
Pedestrian 0.0 0 3.1294302940368652 324.7021179199219 147.34642028808594 366.77099609375 231.8540496826172 0.8698417 1.8358101 0.5985308 -5.745432 1.0950958 16.034359 2.785362720489502 0.2520022392272949
Pedestrian 0.0 0 1.4755133390426636 733.0194702148438 158.2698974609375 768.292724609375 251.794921875 0.74368596 1.7663307 0.60009825 2.8523428 1.3288618 13.965543 1.6769838333129883 0.2003358155488968
Pedestrian 0.0 0 1.3766409158706665 633.3450317382812 177.50912475585938 645.8320922851562 202.0374298095703 1.588016 1.6952361 0.57869107 2.6880822 1.4200583 50.470795 1.4298508167266846 0.11458772420883179
Cyclist 0.0 0 -0.44407981634140015 662.3189086914062 177.34103393554688 710.0349731445312 218.50048828125 1.8489656 1.7004974 0.7721982 3.5614228 1.5296557 30.338053 -0.32722336053848267 0.25779905915260315
Cyclist 0.0 0 1.3579983711242676 633.7597045898438 177.53726196289062 646.1828002929688 202.50355529785156 1.6034375 1.7216258 0.54145896 2.709247 1.4490108 50.36681 1.4117369651794434 0.2080879658460617
Cyclist 0.0 0 -1.6680463552474976 758.6895141601562 185.68624877929688 809.4940185546875 290.08477783203125 1.9253416 1.6331123 0.64668286 3.0545924 1.711976 12.313714 -1.424890398979187 0.1721392571926117
Cyclist 0.0 0 -1.2473580837249756 506.12542724609375 180.92698669433594 537.936279296875 236.80343627929688 1.0052767 1.7208468 0.71822214 -2.5256507 1.7043133 22.687288 -1.3582260608673096 0.14344672858715057
Cyclist 0.0 0 -2.8439900875091553 553.4389038085938 171.9405975341797 575.7374877929688 206.7322540283203 0.97831595 1.7679741 0.7215073 -1.8988274 1.2830726 36.969463 -2.8953070640563965 0.13587071001529694
Car 0.0 0 -1.734094500541687 692.1678466796875 162.77320861816406 776.5335083007812 236.07720947265625 3.701877 1.8124046 1.6576182 3.4901855 1.3505821 19.619223 -1.5580400228500366 0.7724120020866394
Car 0.0 0 2.786489725112915 577.6946411132812 169.32984924316406 636.2980346679688 189.08274841308594 4.679293 1.6354264 1.7113796 0.5016133 0.62828636 61.071533 2.7947030067443848 0.21754401922225952
Car 0.0 0 -1.3489301204681396 553.4697265625 170.7196044921875 590.4677124023438 195.8419647216797 3.5914316 1.5458156 1.6239569 -1.8425038 0.8832205 46.11059 -1.3888672590255737 0.21750408411026
