Pedestrian 0.0 0 -1.5780318975448608 817.2703247070312 141.7733154296875 852.551025390625 229.73342895507812 0.8149765 1.8005588 0.694062 4.6989636 1.1646899 15.257295 -1.2792688608169556 0.4387013614177704
Pedestrian 0.0 0 2.534588098526001 715.1719360351562 140.17550659179688 761.3792114257812 221.3157501220703 0.89874995 1.8440497 0.56792164 2.9429173 1.1017336 16.842024 2.707578182220459 0.39101743698120117
Pedestrian 0.0 0 -0.6656657457351685 1031.845458984375 143.35269165039062 1066.7064208984375 199.20680236816406 0.82457 1.8265471 0.5479141 14.51033 0.8621503 23.914501 -0.12029145658016205 0.27874839305877686
Cyclist 0.0 0 2.659938335418701 738.9462890625 174.46475219726562 778.5430908203125 207.3721160888672 1.8791302 1.6980494 0.8073483 7.7816014 1.7845538 37.939682 2.8622372150421143 0.392156183719635
Car 0.0 0 -1.86697518825531 748.9059448242188 178.84144592285156 947.8499755859375 299.64697265625 3.9017859 1.3952394 1.5819678 3.1411097 1.4987994 10.479185 -1.5757499933242798 0.9046262502670288
Car 0.0 0 2.040353298187256 62.98750305175781 196.66806030273438 299.2287902832031 323.2265930175781 3.495425 1.4128246 1.4995674 -6.0080976 1.8188655 10.50601 1.5208725929260254 0.8810650706291199
Car 0.0 0 -2.2503280639648438 839.366943359375 182.14642333984375 1242.0 375.0 3.5891862 1.465689 1.5607976 2.9414787 1.5500331 4.6462526 -1.6859350204467773 0.7665309309959412
Car 0.0 0 2.3300418853759766 0.0 207.7705535888672 116.59070587158203 375.0 3.7999375 1.4457885 1.580802 -5.8477902 1.8075354 5.5250034 1.5162690877914429 0.6539785265922546
Car 0.0 0 -2.758010149002075 307.233642578125 174.8983917236328 408.2513122558594 211.71983337402344 4.26304 1.7207062 1.7237867 -12.147514 1.822357 34.78471 -3.093989849090576 0.6210243701934814
Car 0.0 0 1.4575480222702026 786.9024658203125 171.04342651367188 828.5868530273438 203.2417449951172 3.8354023 1.5218801 1.5778458 9.802788 1.4366597 36.116276 1.722585678100586 0.32049134373664856
