Pedestrian 0.0 0 -1.6935217380523682 1083.6981201171875 112.56421661376953 1127.8936767578125 203.01109313964844 0.9176976 1.864487 0.6614948 10.66224 0.46567166 15.130851 -1.0796692371368408 0.43903517723083496
Pedestrian 0.0 0 -1.0452191829681396 98.12158966064453 153.37954711914062 119.9075698852539 191.48744201660156 0.5912161 1.9592555 0.72748107 -25.736681 0.56632173 36.6727 -1.6571481227874756 0.2797476351261139
Pedestrian 0.0 0 -2.2567782402038574 1055.0711669921875 139.5232391357422 1089.72998046875 191.0845184326172 0.84213144 1.8536087 0.6765028 17.066435 0.38203156 25.866732 -1.6735562086105347 0.2684860825538635
Pedestrian 0.0 0 -0.8918288946151733 418.3786926269531 170.90203857421875 451.60076904296875 225.06854248046875 0.7755336 1.7571763 0.7514776 -5.663643 1.4473614 23.44311 -1.1288776397705078 0.2448304444551468
Pedestrian 0.0 0 0.7451973557472229 902.8057861328125 138.3302001953125 943.6473388671875 195.38702392578125 1.1486276 1.8657149 0.599043 10.6550045 0.48833776 23.760828 1.1667426824569702 0.23405975103378296
Pedestrian 0.0 0 -1.2774120569229126 466.3948974609375 168.5427703857422 482.76495361328125 201.85401916503906 1.0247891 1.7353175 0.5807875 -6.900345 1.113833 37.36943 -1.4600074291229248 0.2114637792110443
Pedestrian 0.0 0 -0.13661524653434753 632.1690673828125 163.69053649902344 666.4368896484375 196.3673553466797 1.8476485 1.8094649 0.5892396 2.4613914 0.8800421 39.51005 -0.07439780235290527 0.11025934666395187
Pedestrian 0.0 0 0.09315653145313263 692.7982788085938 158.58648681640625 729.3887329101562 194.1363525390625 1.7937149 1.7852063 0.62381864 5.393977 0.6862045 36.018475 0.2418076992034912 0.10190773755311966
Cyclist 0.0 0 0.07059960067272186 693.30078125 158.76918029785156 730.1752319335938 194.19320678710938 1.8173876 1.7789389 0.6352772 5.426204 0.68907934 36.010334 0.22015905380249023 0.8028393387794495
Cyclist 0.0 0 -0.13661524653434753 632.1690673828125 163.69053649902344 666.4368896484375 196.3673553466797 1.8476485 1.8094649 0.5892396 2.4613914 0.8800421 39.51005 -0.07439780235290527 0.782437264919281
Cyclist 0.0 0 -1.1446055173873901 353.5957336425781 175.03285217285156 384.4559326171875 218.91407775878906 1.8585379 1.844677 0.55353993 -10.238989 1.616331 30.670904 -1.4668065309524536 0.7606199979782104
Cyclist 0.0 0 -0.6412667632102966 327.1098937988281 183.49046325683594 355.5945129394531 214.0035400390625 1.6390164 1.7272756 0.3923131 -15.274431 1.9053118 40.96999 -0.9981248378753662 0.2649848461151123
Cyclist 0.0 0 -0.48273012042045593 561.1417846679688 165.14559936523438 589.6873779296875 192.8046875 1.7957941 1.7683349 0.5629138 -1.9171743 0.7880165 45.892223 -0.5244814157485962 0.20312298834323883
Cyclist 0.0 0 0.7606700658798218 902.64013671875 135.95091247558594 944.5184936523438 193.0307159423828 1.2011065 1.8652 0.59780777 10.668989 0.41101062 23.768326 1.1825873851776123 0.1923852413892746
Cyclist 0.0 0 -1.2774120569229126 466.3948974609375 168.5427703857422 482.76495361328125 201.85401916503906 1.0247891 1.7353175 0.5807875 -6.900345 1.113833 37.36943 -1.4600074291229248 0.13859347999095917
Cyclist 0.0 0 -1.0766750574111938 1075.7513427734375 117.16767883300781 1134.72119140625 206.43685913085938 1.0112083 1.8538568 0.6311444 10.704793 0.5402548 15.186409 -0.46267277002334595 0.12966947257518768
Car 0.0 0 -1.4639543294906616 497.0303649902344 173.4177703857422 542.3974609375 209.94862365722656 3.6260066 1.5285517 1.6239035 -3.749639 1.2336948 31.402533 -1.5827972888946533 0.8867124319076538
Car 0.0 0 2.4006927013397217 1061.9527587890625 132.56727600097656 1224.0 198.67294311523438 3.696385 1.5446306 1.5974295 13.575472 0.42623624 17.459875 3.061577796936035 0.5209036469459534
Car 0.0 0 -1.93630051612854 1011.2127685546875 146.3795928955078 1063.2532958984375 173.10398864746094 3.928758 1.685789 1.7048563 29.17233 -0.52098596 47.8381 -1.388696312904358 0.4142410457134247
