Car 0.0 0 -1.7776864767074585 706.7876586914062 185.37782287597656 832.5841064453125 270.4247131347656 4.264689 1.4097145 1.6035715 3.0223927 1.7027274 14.7221775 -1.575204610824585 0.8769981861114502
Car 0.0 0 1.6589672565460205 535.0859375 179.1795654296875 580.3971557617188 217.09475708007812 3.6481788 1.4269338 1.5394174 -2.129024 1.702925 29.601442 1.5871678590774536 0.8684322834014893
Car 0.0 0 -2.023221492767334 810.4401245117188 203.92747497558594 1242.0 375.0 4.027062 1.3863345 1.5799931 2.7635891 1.7073424 5.4142966 -1.5512691736221313 0.8604350090026855
Car 0.0 0 -1.6863316297531128 657.7877807617188 174.84176635742188 704.3617553710938 212.02664184570312 4.2390876 1.5979682 1.6507012 3.1799319 1.696146 33.368744 -1.5913218259811401 0.855341374874115
Car 0.0 0 0.5098585486412048 226.5606231689453 185.1687469482422 436.7023620605469 263.8125305175781 3.688898 1.4475129 1.5533259 -5.6234474 1.715259 14.632383 0.1429462432861328 0.7740532159805298
Car 0.0 0 -2.45328950881958 0.0 168.8523406982422 257.5985412597656 290.9930725097656 3.491276 1.4336979 1.533346 -6.7288284 1.3870839 9.343789 -3.077404260635376 0.7735645174980164
Car 0.0 0 0.5103135704994202 116.37822723388672 190.16783142089844 408.6774597167969 288.50390625 4.0827575 1.4501479 1.621004 -5.656364 1.7592019 11.916263 0.06712961196899414 0.7638620734214783
Car 0.0 0 0.2663807272911072 330.2689514160156 176.37405395507812 478.13916015625 230.73193359375 3.840285 1.508033 1.6088715 -5.9372573 1.6146 20.944576 -0.009847142733633518 0.6378570199012756
Car 0.0 0 0.796572208404541 0.0 178.5828399658203 247.82757568359375 361.8994140625 3.7819467 1.4514987 1.5603695 -5.688871 1.5128573 6.7251296 0.09445595741271973 0.5754064917564392
Car 0.0 0 0.049712806940078735 464.1737060546875 177.54556274414062 541.9005126953125 207.79806518554688 3.8249667 1.4824331 1.6089481 -5.420213 1.7275003 36.646065 -0.09712967276573181 0.5673336386680603
