Pedestrian 0.0 0 3.1906726360321045 264.20928955078125 155.51596069335938 320.6485595703125 274.4990234375 0.7551067 1.724834 0.61366296 -4.687668 1.3494698 10.830719 2.7822036743164062 0.4888046979904175
Pedestrian 0.0 0 -1.1267366409301758 373.3731994628906 182.86260986328125 446.3511962890625 299.662841796875 0.87309545 1.6563169 0.74954593 -2.8780484 1.6788459 10.692331 -1.389674186706543 0.3477214574813843
Pedestrian 0.0 0 0.8166998624801636 315.1632995605469 145.47854614257812 362.5806884765625 230.5987091064453 0.7732857 1.8288245 0.62497026 -5.8397684 1.0561233 15.883519 0.46437788009643555 0.3110833168029785
Pedestrian 0.0 0 2.5667567253112793 405.260009765625 177.07630920410156 469.6696472167969 284.8502502441406 0.7553381 1.682664 0.72002745 -2.7208643 1.6148963 11.734439 2.3389129638671875 0.3013436794281006
Pedestrian 0.0 0 -3.0266294479370117 516.3527221679688 168.04043579101562 541.3623657226562 218.678955078125 0.7801316 1.7268764 0.77347594 -2.5315359 1.2689518 24.886078 -3.1280057430267334 0.2913011610507965
Pedestrian 0.0 0 -1.4567712545394897 664.1463012695312 175.9609375 686.5484008789062 226.6283721923828 0.7450107 1.7070001 0.6853671 2.5157537 1.5214664 24.635538 -1.355005145072937 0.28406456112861633
Pedestrian 0.0 0 -1.4482475519180298 433.18975830078125 184.9814910888672 490.4002380371094 300.5091552734375 0.9190755 1.6440567 0.73579085 -2.1119153 1.69974 10.733736 -1.6425209045410156 0.24995116889476776
Pedestrian 0.0 0 -2.7700247764587402 370.97271728515625 185.95765686035156 407.72222900390625 257.48162841796875 0.6743733 1.7344218 0.6832314 -5.291129 1.8485552 17.830889 -3.0584876537323 0.21547909080982208
Pedestrian 0.0 0 -1.6451835632324219 720.4552001953125 173.39149475097656 750.933837890625 242.5784912109375 0.7528963 1.7550222 0.72058105 3.441499 1.5505192 18.632103 -1.4625340700149536 0.1873224675655365
Pedestrian 0.0 0 3.1509523391723633 254.6411895751953 167.2541046142578 309.6696472167969 278.5971374511719 0.78665483 1.7164847 0.60612273 -5.150616 1.4981686 11.506461 2.730072498321533 0.1700165867805481
Pedestrian 0.0 0 -1.9443374872207642 0.0 129.55552673339844 69.05567932128906 266.3172912597656 0.8224514 1.724248 0.6410757 -7.686478 1.0706846 9.536188 -2.622745990753174 0.16392377018928528
Cyclist 0.0 0 -1.7677737474441528 641.2166137695312 168.03024291992188 659.709228515625 205.08987426757812 1.8187398 1.7167099 0.529435 2.3138714 1.0936762 34.20868 -1.7002366781234741 0.4375099241733551
Cyclist 0.0 0 -2.830016851425171 382.89251708984375 185.87403869628906 463.4202575683594 299.43060302734375 0.94920665 1.5998336 0.81974787 -2.6525311 1.6683278 10.591794 -3.0754027366638184 0.1200365424156189
Cyclist 0.0 0 -3.0274031162261963 514.6228637695312 168.6792755126953 542.6381225585938 218.72525024414062 0.8829202 1.706136 0.79145545 -2.538589 1.2701339 24.887642 -3.1290535926818848 0.10556488484144211
Car 0.0 0 -1.9982843399047852 772.1655883789062 129.259521484375 1107.010986328125 339.3753662109375 3.8589485 1.6746628 1.6376799 3.1283147 1.2596886 7.683959 -1.6116527318954468 0.8900331854820251
Car 0.0 0 -1.4712910652160645 519.0535278320312 174.2806854248047 560.351806640625 206.906982421875 3.6551874 1.4549932 1.5860873 -2.8693194 1.1339884 33.871326 -1.5558016300201416 0.18333700299263
Car 0.0 0 -1.5248948335647583 683.1599731445312 179.191162109375 743.5925903320312 238.13552856445312 3.070863 1.490591 1.5082839 3.1147664 1.433386 19.818142 -1.3690026998519897 0.16693951189517975
Car 0.0 0 2.9385621547698975 471.3043518066406 168.5950164794922 533.7605590820312 192.11727905273438 3.8458674 1.5104717 1.6216868 -6.5404124 0.6824895 47.530327 2.801815986633301 0.1650111824274063
