Pedestrian 0.0 0 2.133532762527466 784.097900390625 146.36087036132812 872.6854858398438 307.99041748046875 0.8026039 1.7427143 0.64288324 2.5599096 1.3651967 8.247655 2.43448543548584 0.7382480502128601
Pedestrian 0.0 0 -3.0056307315826416 996.2474365234375 137.55860900878906 1130.4359130859375 359.4185791015625 0.85087156 1.6584781 0.6218533 3.7275028 1.3313997 5.8791914 -2.4405741691589355 0.6483976244926453
Pedestrian 0.0 0 -2.955538272857666 592.1849975585938 169.4880828857422 623.2545776367188 227.13844299316406 0.8616207 1.7539603 0.63010764 0.17215587 1.3896269 22.244194 -2.94779896736145 0.6204032897949219
Pedestrian 0.0 0 1.2771620750427246 166.87037658691406 159.65003967285156 249.33966064453125 318.44000244140625 0.6927318 1.6484045 0.62134063 -4.3866515 1.4229422 7.9186397 0.7712795734405518 0.6114166975021362
Pedestrian 0.0 0 0.5660424828529358 56.96370315551758 179.18736267089844 143.28121948242188 302.2256774902344 0.80688155 1.7006786 0.616125 -7.182019 1.6700332 10.252374 -0.045034099370241165 0.6023894548416138
Pedestrian 0.0 0 1.8725528717041016 512.5062866210938 166.70492553710938 544.8287353515625 229.41761779785156 0.9522497 1.7228094 0.6557653 -2.0741184 1.3175217 20.26282 1.7705473899841309 0.5915102362632751
Pedestrian 0.0 0 -1.3361567258834839 675.602294921875 163.70989990234375 723.45458984375 263.4783630371094 0.89122885 1.7668221 0.6893827 1.7801286 1.4530467 13.25834 -1.2026901245117188 0.5694839954376221
Pedestrian 0.0 0 -0.8348309993743896 608.8798217773438 167.38238525390625 644.3197021484375 229.12901306152344 0.7566299 1.7412599 0.69676566 0.69885635 1.3442878 20.768618 -0.8011940717697144 0.4696073830127716
Pedestrian 0.0 0 -0.11100658774375916 769.4456176757812 138.3201141357422 805.302001953125 209.63035583496094 0.84566134 1.8300974 0.5902883 4.8216767 0.72311074 18.784008 0.1402590274810791 0.42618852853775024
Pedestrian 0.0 0 -1.8637866973876953 733.8050537109375 178.63931274414062 770.7493896484375 254.870361328125 0.7182226 1.7184966 0.65271807 3.437566 1.655222 16.57756 -1.6593217849731445 0.41023606061935425
Pedestrian 0.0 0 -1.6580060720443726 676.0147705078125 166.7877960205078 693.1460571289062 208.69830322265625 0.8260991 1.7262917 0.63968 3.452458 1.1212838 30.007204 -1.5434554815292358 0.3307028114795685
Pedestrian 0.0 0 -1.804093599319458 1176.9224853515625 133.79539489746094 1238.0 250.87631225585938 1.132524 1.6633406 0.515415 9.104594 0.9869287 10.824272 -1.1047730445861816 0.306011825799942
Pedestrian 0.0 0 -1.4375728368759155 947.0156860351562 141.02267456054688 985.622314453125 223.75088500976562 0.97309506 1.7971944 0.6542046 8.194169 0.91908604 16.188805 -0.9690072536468506 0.276908278465271
Pedestrian 0.0 0 1.1297590732574463 127.73684692382812 142.021240234375 214.29600524902344 246.53802490234375 1.7657208 1.7448137 0.6169721 -7.687422 1.087037 12.734984 0.586663007736206 0.10776156187057495
Cyclist 0.0 0 1.1297590732574463 127.73684692382812 142.021240234375 214.29600524902344 246.53802490234375 1.7657208 1.7448137 0.6169721 -7.687422 1.087037 12.734984 0.586663007736206 0.4814293086528778
Cyclist 0.0 0 -1.493369460105896 1193.15283203125 171.8488006591797 1238.0 305.09075927734375 1.6417967 1.5891025 0.353506 7.9209065 1.4753419 9.270427 -0.7863106727600098 0.4155634045600891
Cyclist 0.0 0 -1.8076534271240234 1174.072265625 133.14524841308594 1238.0 252.47361755371094 1.5472116 1.6708943 0.4724043 9.114453 0.995126 10.853696 -1.1091368198394775 0.28763413429260254
Cyclist 0.0 0 1.8627455234527588 512.1182250976562 166.60855102539062 544.5624389648438 230.20370483398438 0.9868126 1.7438015 0.65531725 -2.0806122 1.336628 20.240675 1.7603117227554321 0.170401468873024
Cyclist 0.0 0 1.2653942108154297 768.229736328125 138.34014892578125 803.012939453125 210.47833251953125 0.90508366 1.8409393 0.6365551 4.777929 0.7406945 18.798819 1.5142853260040283 0.10986632853746414
Cyclist 0.0 0 -2.925854206085205 589.0149536132812 168.60922241210938 622.2229614257812 227.24087524414062 0.91320866 1.7827942 0.6441739 0.107227035 1.3919473 22.253748 -2.9210357666015625 0.10277188569307327
Car 0.0 0 1.7833070755004883 450.2069091796875 165.88853454589844 527.507080078125 223.24771118164062 4.097165 1.6888511 1.6371578 -3.5614643 1.2303264 23.241932 1.6312553882598877 0.30934610962867737
