Pedestrian 0.0 0 -0.17065924406051636 1097.932861328125 175.8699951171875 1125.2933349609375 218.52774047851562 0.8602007 1.7937249 0.66593903 21.425869 1.9252298 30.889095 0.43578457832336426 0.2553064227104187
Pedestrian 0.0 0 -3.3658626079559326 1073.981689453125 177.09869384765625 1100.323974609375 222.107177734375 0.73212564 1.7178551 0.6255739 18.49249 1.8856479 28.03734 -2.7827916145324707 0.16360054910182953
Pedestrian 0.0 0 -1.0212271213531494 1163.5498046875 169.2733154296875 1197.170166015625 219.5711212158203 0.79985255 1.744858 0.60138106 20.070852 1.6209999 25.448303 -0.3534198999404907 0.16104555130004883
Pedestrian 0.0 0 -3.609724760055542 1123.4547119140625 141.4269256591797 1166.38916015625 207.1962432861328 0.813566 1.8730389 0.6051538 15.447635 0.9783881 20.912233 -2.9735021591186523 0.15536020696163177
Pedestrian 0.0 0 -1.5988152027130127 1205.9840087890625 154.0287628173828 1228.3780517578125 206.30593872070312 0.6898607 1.8330185 0.5913059 21.620718 1.1732988 25.750828 -0.9003825187683105 0.14924009144306183
Pedestrian 0.0 0 1.5882518291473389 1207.5445556640625 205.6531219482422 1242.0 317.6809387207031 1.5244367 1.6551324 0.5360532 10.139027 2.2280018 11.843646 2.2962610721588135 0.1305335909128189
Pedestrian 0.0 0 1.801325798034668 1216.82373046875 147.3798828125 1242.0 205.18789672851562 0.74934393 1.8820978 0.615693 20.614185 1.0530764 23.95834 2.5118370056152344 0.1274976283311844
Pedestrian 0.0 0 -1.8283231258392334 1190.810546875 184.20938110351562 1223.8797607421875 231.64080810546875 1.5002731 1.7419415 0.61348444 22.867504 2.190916 27.693352 -1.1380829811096191 0.11645454168319702
Cyclist 0.0 0 1.5961806774139404 1203.9818115234375 203.5331268310547 1242.0 315.3792419433594 1.6151778 1.6326371 0.61260235 10.087013 2.168047 11.776147 2.3044726848602295 0.28944942355155945
Cyclist 0.0 0 -1.8283231258392334 1190.810546875 184.20938110351562 1223.8797607421875 231.64080810546875 1.5002731 1.7419415 0.61348444 22.867504 2.190916 27.693352 -1.1380829811096191 0.13596896827220917
Cyclist 0.0 0 0.6250794529914856 1090.52734375 176.8657684326172 1128.7181396484375 219.52125549316406 1.2028322 1.7825564 0.63373256 21.379396 1.9587495 30.949364 1.2295949459075928 0.1096765547990799
Car 0.0 0 -1.7582910060882568 985.6646118164062 186.8539581298828 1242.0 375.0 3.6002202 1.4996209 1.589331 4.5933948 1.6720382 6.897479 -1.1707828044891357 0.848824143409729
Car 0.0 0 -1.667909860610962 919.28857421875 188.7953643798828 978.1756591796875 235.31698608398438 4.190261 1.5721984 1.6654522 13.095217 2.2449446 28.17818 -1.232875108718872 0.8116986155509949
Car 0.0 0 0.5792308449745178 952.6610107421875 184.11013793945312 1031.166748046875 210.64585876464844 4.0121207 1.5035673 1.7508625 23.666994 2.2385402 44.90843 1.06424880027771 0.1256335973739624
Car 0.0 0 1.280475378036499 1071.5196533203125 183.9447021484375 1137.3399658203125 216.58164978027344 4.020095 1.4846894 1.6513554 24.848475 2.0787792 36.458447 1.8787152767181396 0.12095874547958374
