Cyclist 0.0 0 0.22095608711242676 82.42781066894531 167.8704833984375 153.27847290039062 217.60934448242188 1.9441396 1.7076038 0.7853851 -17.39843 1.536871 25.49231 -0.37792617082595825 0.3956972658634186
Car 0.0 0 -2.4619953632354736 820.8878784179688 180.1240234375 1012.5942993164062 259.6986083984375 3.6262817 1.4737383 1.598987 6.463027 1.6521604 15.695431 -2.0713772773742676 0.8505937457084656
Car 0.0 0 -1.8040893077850342 641.7252807617188 184.091552734375 702.3394165039062 227.28086853027344 3.4600368 1.5099964 1.5733064 2.2982516 1.975035 28.004446 -1.722205400466919 0.8487770557403564
Car 0.0 0 0.4690260887145996 51.59642791748047 165.486572265625 376.20159912109375 284.7740173339844 4.2589517 1.7706373 1.7601693 -6.2330465 1.661637 11.635679 -0.022759491577744484 0.7254951000213623
Car 0.0 0 -2.4675354957580566 0.0 199.4115447998047 277.4498291015625 328.84075927734375 3.9471505 1.4368774 1.5896952 -6.6581993 1.8114461 9.269409 -3.0904369354248047 0.677213191986084
Car 0.0 0 1.4476228952407837 622.3284912109375 183.18064880371094 663.84423828125 215.2907257080078 4.1647315 1.5238726 1.6590952 1.6369971 2.0953372 37.759396 1.4909491539001465 0.6259042024612427
Car 0.0 0 3.497921943664551 243.95274353027344 191.96163940429688 424.4342956542969 252.072509765625 4.1263294 1.4691409 1.6407636 -7.205896 1.9946616 18.99503 3.1353368759155273 0.6042051911354065
Car 0.0 0 -2.6494338512420654 189.79751586914062 187.67349243164062 396.4904479980469 259.6629638671875 4.039554 1.5112858 1.6485227 -7.217284 1.8715005 16.533957 -3.0610153675079346 0.559330403804779
Car 0.0 0 3.359203815460205 338.193603515625 187.88308715820312 470.5680847167969 238.75473022460938 3.9239213 1.5689502 1.6745561 -6.730584 2.0841134 23.762365 3.083188056945801 0.550075888633728
Car 0.0 0 -2.2436752319335938 0.0 189.2216033935547 149.4620361328125 366.022705078125 3.6903615 1.4806926 1.5924101 -6.975985 1.6693583 7.264952 -3.0087850093841553 0.4334506690502167
Car 0.0 0 1.77682363986969 488.6966857910156 187.00271606445312 530.1082763671875 215.9621124267578 3.9491017 1.5372286 1.6320599 -5.8773212 2.4068725 42.302586 1.6387721300125122 0.4077986776828766
Car 0.0 0 1.6661046743392944 507.4230651855469 180.47586059570312 533.6104125976562 203.52574157714844 3.5345817 1.5751234 1.5555278 -6.4788113 2.1466 52.27495 1.54279625415802 0.3902278542518616
Car 0.0 0 -2.818915843963623 395.6259460449219 184.5276336669922 492.82000732421875 221.44595336914062 3.7376077 1.4984368 1.6131079 -7.096484 2.014489 30.888395 -3.044743061065674 0.3721824288368225
