Pedestrian 0.0 0 -2.4961767196655273 113.9748306274414 152.45852661132812 200.47476196289062 292.99603271484375 0.6911973 1.6849418 0.5955159 -5.6060615 1.3504261 8.795799 -3.063612461090088 0.7111401557922363
Pedestrian 0.0 0 -1.6386139392852783 839.821533203125 172.825439453125 868.5963134765625 243.61587524414062 0.76884323 1.7407794 0.6314127 6.2418485 1.5536549 17.836254 -1.3019810914993286 0.21674712002277374
Pedestrian 0.0 0 -0.45233219861984253 821.017333984375 188.5825653076172 871.1030883789062 279.247314453125 0.7168198 1.7364763 0.66649383 4.7155786 1.9022665 13.979871 -0.12700511515140533 0.17965972423553467
Pedestrian 0.0 0 -0.9319125413894653 56.45121383666992 190.10781860351562 99.96481323242188 250.95423889160156 0.8077347 1.712319 0.65726084 -15.242856 1.9969951 20.424849 -1.5730348825454712 0.17315664887428284
Pedestrian 0.0 0 -0.7379128932952881 982.6370239257812 191.1927490234375 1121.7303466796875 370.0 0.6587412 1.6182277 0.5799655 3.263722 1.705008 5.275067 -0.1838514506816864 0.13509806990623474
Pedestrian 0.0 0 -1.5468083620071411 844.895751953125 148.5010528564453 881.4322509765625 251.5664520263672 1.0539019 1.7706803 0.5947483 4.6188307 1.2225798 12.741219 -1.1990317106246948 0.12225716561079025
Pedestrian 0.0 0 -2.2012882232666016 1112.0228271484375 186.4570770263672 1224.0 370.0 0.68690956 1.6627651 0.6490287 4.3174615 1.7122282 5.3030844 -1.5179835557937622 0.11703640967607498
Pedestrian 0.0 0 2.9020726680755615 636.614990234375 173.2074737548828 699.7404174804688 271.6246337890625 1.0349476 1.7545086 0.6234701 1.1071444 1.6261454 12.987419 2.987114429473877 0.11553453654050827
Cyclist 0.0 0 -2.2795755863189697 0.0 175.01612854003906 76.95454406738281 260.3248291015625 1.8479267 1.6544658 0.6771344 -11.749029 1.5497442 14.198067 -2.9708666801452637 0.21378298103809357
Cyclist 0.0 0 2.1681067943573 936.8131103515625 138.94398498535156 1036.628662109375 251.72128295898438 1.6860257 1.7450883 0.5985626 6.2237625 1.1037186 11.590909 2.660877227783203 0.18152041733264923
Cyclist 0.0 0 -2.3970980644226074 1140.5440673828125 161.4408721923828 1224.0 263.4289245605469 1.499944 1.6424103 0.5282356 10.068894 1.3371369 12.15995 -1.705493450164795 0.1435122787952423
Cyclist 0.0 0 -1.430833101272583 73.8934555053711 152.87371826171875 123.43964385986328 248.05633544921875 1.7169834 1.6568611 0.5201296 -9.457329 1.1776106 13.183943 -2.053100109100342 0.12061301618814468
Car 0.0 0 1.82471764087677 48.4039421081543 185.30946350097656 132.42538452148438 229.14601135253906 3.9784338 1.4701844 1.5763005 -19.055676 1.6652746 26.316444 1.1980011463165283 0.18615132570266724
Car 0.0 0 -1.277891755104065 486.127197265625 143.6839599609375 581.1022338867188 206.19302368164062 4.17233 1.66634 1.6702347 -2.03265 0.68649757 21.052366 -1.3741455078125 0.13504628837108612
Car 0.0 0 -1.0838630199432373 291.4671936035156 197.03549194335938 406.5271911621094 255.20547485351562 3.601633 1.4161988 1.5806309 -7.2074223 1.9341768 20.181534 -1.426875114440918 0.1203334853053093
