Pedestrian 0.0 0 -0.8397269248962402 946.8297119140625 138.39198303222656 1038.8062744140625 287.46771240234375 0.8518883 1.7570354 0.5775421 4.741141 1.2624245 8.743597 -0.3428598642349243 0.6186559796333313
Pedestrian 0.0 0 -1.5299676656723022 838.6592407226562 173.71351623535156 867.7561645507812 243.11312866210938 0.7873444 1.7058667 0.6639661 6.240193 1.5406501 17.862772 -1.193880319595337 0.25479188561439514
Pedestrian 0.0 0 -0.4245826005935669 821.3497314453125 189.22445678710938 869.129150390625 279.52886962890625 0.6661286 1.7262594 0.69105864 4.6924996 1.9048681 13.960944 -0.10032959282398224 0.13395075500011444
Pedestrian 0.0 0 1.744628667831421 525.1993408203125 166.5220947265625 565.2889404296875 263.976318359375 0.7347525 1.7338294 0.617634 -1.1303185 1.4867882 12.967075 1.6576801538467407 0.13166415691375732
Pedestrian 0.0 0 -1.8386895656585693 1121.1689453125 188.61744689941406 1224.0 370.0 0.6614577 1.6704713 0.67113566 4.33036 1.7383791 5.323376 -1.155794382095337 0.12208858132362366
Cyclist 0.0 0 0.47692424058914185 31.14884376525879 190.3993377685547 115.51667022705078 250.49801635742188 1.8346391 1.6754369 0.6817254 -15.315969 1.9689411 20.356909 -0.1680932492017746 0.24203690886497498
Cyclist 0.0 0 -2.238436698913574 0.0 175.81288146972656 71.8828125 260.08367919921875 1.8223084 1.6365272 0.6024542 -11.793128 1.5471358 14.210751 -2.9311296939849854 0.13161593675613403
Car 0.0 0 2.2426576614379883 0.0 184.33428955078125 125.69499206542969 234.8404083251953 4.2190323 1.5302874 1.6478121 -18.477901 1.672715 23.859236 1.5836883783340454 0.2515699863433838
Car 0.0 0 1.3799526691436768 1189.107666015625 195.3704376220703 1224.0 370.0 3.8063357 1.4825524 1.5778426 5.903275 1.6470937 5.7262816 2.1805689334869385 0.1171826645731926
Car 0.0 0 -1.405004620552063 296.15899658203125 195.96685791015625 377.6124572753906 254.51451110839844 3.6601932 1.4217608 1.5814409 -7.561687 1.9066354 20.141558 -1.7641496658325195 0.11145623028278351
