Pedestrian 0.0 0 1.0161865949630737 777.6800537109375 122.88733673095703 937.0455322265625 370.0 0.6630074 1.680756 0.6050296 1.3762865 1.3810772 4.0856667 1.341105341911316 0.46720340847969055
Pedestrian 0.0 0 1.3702094554901123 635.3876953125 138.4252166748047 663.4722900390625 199.98916625976562 1.1391406 1.8738135 0.6603893 1.3486414 0.5947478 22.12539 1.4310885667800903 0.28554487228393555
Pedestrian 0.0 0 -1.6758471727371216 435.1816711425781 149.4640655517578 458.0447998046875 208.16928100585938 0.82098895 1.8228155 0.6236034 -5.06345 0.8606946 22.438026 -1.8977932929992676 0.25340303778648376
Pedestrian 0.0 0 1.7691409587860107 471.3309631347656 146.50164794921875 492.7720031738281 195.4771270751953 0.9448166 1.865557 0.64723915 -4.784682 0.57201135 27.408213 1.5963114500045776 0.2382114827632904
Pedestrian 0.0 0 -0.9721120595932007 170.15774536132812 159.18508911132812 209.1501007080078 223.86700439453125 0.7523233 1.7946272 0.6400856 -11.781631 1.2048125 20.009008 -1.504267692565918 0.23094871640205383
Pedestrian 0.0 0 -2.3724911212921143 385.36273193359375 178.40304565429688 470.58929443359375 309.2987060546875 0.9458243 1.6713847 0.6244758 -2.4328842 1.6462849 9.528936 -2.6224663257598877 0.20785242319107056
Pedestrian 0.0 0 0.7879647016525269 292.16448974609375 137.35169982910156 329.0003356933594 198.87448120117188 0.8700754 1.8175806 0.5809734 -8.909145 0.5444057 21.318218 0.39211273193359375 0.18989846110343933
Pedestrian 0.0 0 -1.7109295129776 550.0534057617188 137.2311553955078 568.9459228515625 184.2107391357422 1.0686269 1.887015 0.62766683 -1.8943175 0.15054253 28.98196 -1.7761986255645752 0.17204315960407257
Pedestrian 0.0 0 -1.1916444301605225 105.16557312011719 147.85211181640625 169.67721557617188 256.40753173828125 0.9401848 1.7251723 0.59082973 -7.796573 1.2079844 11.752203 -1.7773916721343994 0.16717347502708435
Pedestrian 0.0 0 -0.6929570436477661 279.5404968261719 133.287353515625 377.73382568359375 235.9148712158203 1.7389212 1.722328 0.48889074 -4.9809303 0.93163955 12.74011 -1.0656499862670898 0.10627178102731705
Cyclist 0.0 0 2.910799741744995 386.849609375 141.58486938476562 486.8015441894531 234.2219696044922 1.8188382 1.7402458 0.66975915 -3.3622258 1.0108367 13.985648 2.6748714447021484 0.6007001399993896
Cyclist 0.0 0 -0.6985174417495728 279.2568359375 133.15357971191406 377.8387451171875 236.56668090820312 1.7532603 1.7336495 0.4870549 -4.979415 0.94156873 12.73438 -1.0712597370147705 0.5046637654304504
Cyclist 0.0 0 1.3255789279937744 635.121826171875 139.2913360595703 664.24755859375 200.69667053222656 1.1980402 1.8648678 0.63420856 1.3552904 0.61492765 22.114902 1.3867864608764648 0.26885712146759033
Cyclist 0.0 0 -2.279956817626953 364.6318359375 170.66934204101562 473.86822509765625 304.6788024902344 1.4842074 1.7119337 0.6326468 -2.6114144 1.5880256 9.706966 -2.542759418487549 0.18156689405441284
Cyclist 0.0 0 -1.3044968843460083 296.75360107421875 136.30601501464844 326.86627197265625 198.28268432617188 1.2869862 1.8185107 0.5249212 -8.899591 0.52334297 21.412823 -1.6983956098556519 0.17406724393367767
Cyclist 0.0 0 -0.7277941107749939 956.208740234375 108.42507934570312 1224.0 370.0 1.8334432 1.7389226 0.5718986 3.2566772 1.3125402 4.579181 -0.10959617793560028 0.16781273484230042
Cyclist 0.0 0 -1.7109295129776 550.0534057617188 137.2311553955078 568.9459228515625 184.2107391357422 1.0686269 1.887015 0.62766683 -1.8943175 0.15054253 28.98196 -1.7761986255645752 0.16385753452777863
Cyclist 0.0 0 1.754867434501648 470.8621826171875 146.14764404296875 492.80364990234375 195.69190979003906 1.0678843 1.8839709 0.6559573 -4.793793 0.57919633 27.4188 1.5817809104919434 0.13172799348831177
Car 0.0 0 1.8786969184875488 0.0 45.64463806152344 290.6771545410156 370.0 4.0333695 1.6122625 1.6164709 -3.085874 1.2030119 4.3173704 1.2581348419189453 0.4515768885612488
