Pedestrian 0.0 0 -0.8801178932189941 900.138671875 151.06350708007812 950.5518188476562 227.87310791015625 0.9773562 1.8328028 0.6662146 7.6995845 1.313204 17.732763 -0.4704797863960266 0.29233717918395996
Pedestrian 0.0 0 2.446500778198242 902.4468994140625 141.70314025878906 936.8936157226562 197.1999969482422 0.9838681 1.9344772 0.57169265 10.92504 0.84899676 25.56325 2.850379705429077 0.2521958351135254
Pedestrian 0.0 0 3.022292375564575 408.2901611328125 152.6130828857422 434.4803771972656 205.02369689941406 0.8606613 1.8864522 0.60459244 -6.9497476 1.1582646 26.40745 2.764953851699829 0.23668429255485535
Pedestrian 0.0 0 -2.651658773422241 1162.4893798828125 131.38421630859375 1242.0 287.8589172363281 0.76396126 1.792792 0.6636597 7.268884 1.3180141 8.743206 -1.958077311515808 0.2326221764087677
Pedestrian 0.0 0 1.4857436418533325 721.4149780273438 135.88795471191406 741.3104858398438 192.51644897460938 1.5008461 1.8561019 0.53432405 4.051731 0.64483064 24.416212 1.6501893997192383 0.10065419226884842
Cyclist 0.0 0 1.4857436418533325 721.4149780273438 135.88795471191406 741.3104858398438 192.51644897460938 1.5008461 1.8561019 0.53432405 4.051731 0.64483064 24.416212 1.6501893997192383 0.22587844729423523
Car 0.0 0 1.7962896823883057 462.6793212890625 183.71620178222656 539.4375 236.19857788085938 3.9806283 1.5143999 1.6403574 -3.5240176 1.9026207 23.713469 1.6487611532211304 0.8715823292732239
Car 0.0 0 -1.7371070384979248 704.6154174804688 167.23135375976562 800.764404296875 239.64012145996094 3.846534 1.5975931 1.6851361 3.353589 1.4738957 17.856127 -1.5514580011367798 0.8399757146835327
Car 0.0 0 -1.3485811948776245 555.5133056640625 178.19068908691406 609.108642578125 212.74057006835938 4.3028593 1.5127599 1.6562241 -1.2920815 1.7854979 34.55695 -1.385953664779663 0.7895375490188599
Car 0.0 0 1.888428807258606 681.9693603515625 174.378173828125 745.1624755859375 210.9676971435547 3.709809 1.446628 1.582682 4.423965 1.5161071 30.705507 2.0315213203430176 0.6384350657463074
Car 0.0 0 0.6627293229103088 1023.5582885742188 0.0 1242.0 375.0 3.980347 1.5585775 1.640807 3.352141 1.2627403 2.5546107 1.5823359489440918 0.5768972635269165
