Pedestrian 0.0 0 1.6234910488128662 540.7794799804688 173.92906188964844 554.4304809570312 211.1450653076172 1.870244 1.758848 0.56655604 -3.0646784 1.8129088 35.096375 1.5363901853561401 0.10845175385475159
Cyclist 0.0 0 1.615515112876892 540.9717407226562 173.76788330078125 554.4711303710938 211.19863891601562 1.8920064 1.7686353 0.5729352 -3.0588346 1.8146596 35.09454 1.5285749435424805 0.7956879138946533
Car 0.0 0 -2.033478021621704 813.3489990234375 194.2097930908203 1242.0 375.0 3.4465823 1.4065757 1.5221303 2.796809 1.6259373 5.669976 -1.5752317905426025 0.9101793766021729
Car 0.0 0 0.6962613463401794 0.0 183.26499938964844 289.1329040527344 326.39923095703125 3.9708376 1.4170566 1.5698208 -6.0167365 1.548546 8.1789255 0.06201481819152832 0.8161548972129822
Car 0.0 0 0.558665931224823 0.0 173.6640167236328 291.3990478515625 275.4154968261719 3.5560012 1.3998454 1.5094163 -6.896533 1.413108 10.714388 -0.013246720656752586 0.7944945693016052
Car 0.0 0 -3.6010234355926514 876.336669921875 172.23780822753906 1202.7149658203125 277.8129577636719 3.9058154 1.4480612 1.5887638 6.173842 1.4399673 10.8033905 -3.0818440914154053 0.7772119641304016
Car 0.0 0 -2.675708532333374 129.0393829345703 182.86544799804688 374.66656494140625 268.8854064941406 3.7023067 1.4503155 1.5721176 -6.4517465 1.6443864 13.154083 -3.131706953048706 0.7528549432754517
Car 0.0 0 -2.70174503326416 199.82176208496094 177.86671447753906 410.20025634765625 251.85092163085938 3.8692682 1.4942124 1.6064509 -6.5300403 1.6089442 15.575024 -3.0987467765808105 0.743964672088623
Car 0.0 0 2.7392449378967285 710.09716796875 178.09503173828125 835.9393310546875 222.77157592773438 3.8135912 1.4142411 1.558255 5.3894615 1.5985814 24.212591 2.958263635635376 0.7127089500427246
Car 0.0 0 -0.3309805691242218 791.8643188476562 181.24688720703125 983.6260375976562 249.3469696044922 3.6993217 1.4273254 1.5556645 6.0589743 1.6252562 16.153553 0.02786564826965332 0.7069644331932068
Car 0.0 0 2.5347323417663574 735.1098022460938 181.91600036621094 879.0607299804688 234.84950256347656 3.9492583 1.4438545 1.598592 5.839515 1.7330567 21.57952 2.7990074157714844 0.6657004952430725
Car 0.0 0 3.4458532333374023 283.28204345703125 172.6457061767578 449.385986328125 230.62554931640625 4.082219 1.546321 1.6331059 -6.736586 1.541124 20.096205 3.122408390045166 0.6647936105728149
Car 0.0 0 -0.5744640231132507 833.1791381835938 179.3425750732422 1073.5592041015625 262.2963562011719 3.8313022 1.4150896 1.5743291 6.294697 1.5463831 13.513309 -0.1385367512702942 0.6481583714485168
Car 0.0 0 -2.2541983127593994 0.0 205.45028686523438 144.56576538085938 375.0 3.6763117 1.4027063 1.5366236 -6.1590137 1.7112576 5.9048905 -3.0606582164764404 0.637066125869751
Car 0.0 0 1.4416985511779785 634.4124755859375 177.49136352539062 672.7376098632812 205.59011840820312 3.974163 1.4347364 1.5881687 2.3018641 1.702407 39.55056 1.4998334646224976 0.5927716493606567
