Pedestrian 0.0 0 -1.8372392654418945 982.1251831054688 181.21481323242188 1044.19873046875 294.7514343261719 0.75680435 1.6810647 0.6616765 6.182952 1.8163081 11.19206 -1.3325239419937134 0.34751349687576294
Car 0.0 0 1.1702649593353271 776.6064453125 188.4738311767578 1084.16650390625 375.0 3.6560729 1.4968772 1.5515143 2.9656267 1.703321 7.665643 1.5394035577774048 0.8841681480407715
Car 0.0 0 -2.6795337200164795 231.30564880371094 178.8317108154297 403.637451171875 245.1160125732422 3.5163417 1.4971677 1.5734383 -7.0204062 1.649194 17.382605 -3.0633764266967773 0.7938070893287659
Car 0.0 0 0.7449893355369568 989.98828125 0.0 1242.0 375.0 3.8779354 1.434417 1.5693339 2.7487648 1.2470989 2.1459017 1.652937650680542 0.5944445133209229
Car 0.0 0 3.263948917388916 456.1202087402344 180.01828002929688 534.474609375 210.04098510742188 3.8234692 1.4947919 1.615268 -5.905829 1.8733512 37.212975 3.106558084487915 0.5943254828453064
Car 0.0 0 -2.752296209335327 334.572998046875 180.89669799804688 483.11175537109375 233.41424560546875 4.103761 1.5222085 1.648893 -6.2033896 1.782935 22.295683 -3.023665428161621 0.5394008159637451
Car 0.0 0 -1.523311972618103 647.6885986328125 180.3810577392578 683.2606201171875 211.3600311279297 3.6633618 1.4015814 1.5740728 2.7328556 1.7921516 35.48757 -1.4464548826217651 0.5140644907951355
Car 0.0 0 -2.7811942100524902 286.6181945800781 177.7411651611328 455.8073425292969 235.56871032714844 4.1404233 1.5190821 1.6554769 -6.587711 1.6612645 20.021095 -3.099074363708496 0.5000789761543274
Car 0.0 0 1.1144914627075195 1112.3792724609375 163.18267822265625 1242.0 244.93714904785156 3.6632044 1.5184559 1.5418961 12.355733 1.3391846 15.35479 1.7920811176300049 0.3306848704814911
Car 0.0 0 1.4906773567199707 460.4073181152344 179.5767059326172 508.0577087402344 220.6171875 3.728666 1.4754251 1.5533271 -5.079718 1.7608461 28.592396 1.3148521184921265 0.2942761480808258
