Cyclist 0.0 0 1.7328166961669922 380.329345703125 174.65249633789062 437.945556640625 290.99200439453125 1.8325338 1.7482077 0.62481356 -3.3044655 1.7803758 11.814036 1.4600799083709717 0.8899155259132385
Car 0.0 0 -0.620911717414856 907.6867065429688 185.27781677246094 1242.0 337.5414123535156 3.6798093 1.414339 1.5479394 5.256921 1.5601641 7.6383643 -0.018131574615836143 0.8647345304489136
Car 0.0 0 -1.739985704421997 631.668212890625 180.0276641845703 704.4935913085938 230.4562225341797 4.229444 1.4313756 1.626521 1.7262751 1.6849221 23.280893 -1.665971279144287 0.8281835317611694
Car 0.0 0 -2.736557722091675 229.09983825683594 181.79953002929688 416.6752014160156 246.50193786621094 3.9035394 1.4681326 1.6051098 -6.9027805 1.695689 17.464724 -3.112955093383789 0.6594430208206177
Car 0.0 0 -2.708845376968384 295.7392578125 183.49073791503906 444.3087463378906 238.2003173828125 3.618823 1.4239055 1.5447865 -6.6831784 1.7352599 20.123566 -3.029491901397705 0.6364709138870239
Car 0.0 0 -0.5579617023468018 855.8006591796875 162.1816864013672 1190.5565185546875 280.3531799316406 3.813139 1.5099596 1.6101036 5.582488 1.3739498 10.123668 -0.05402170866727829 0.6275331974029541
Car 0.0 0 -0.9585113525390625 1093.9635009765625 207.41600036621094 1242.0 375.0 3.7092872 1.4323336 1.5636009 5.567698 1.7164783 4.9357796 -0.11302287131547928 0.5978021025657654
Car 0.0 0 -2.230710983276367 0.0 201.5468292236328 132.640380859375 375.0 3.8597608 1.4555954 1.5917286 -6.805773 1.7579131 6.5889993 -3.0322911739349365 0.5466131567955017
Car 0.0 0 1.464603304862976 613.7896728515625 176.69046020507812 651.1083374023438 205.6909942626953 3.8088408 1.4454894 1.5823921 1.1121534 1.6606685 38.439598 1.4935277700424194 0.414219468832016
Car 0.0 0 -2.8240199089050293 333.2221984863281 179.242919921875 454.934814453125 224.2581787109375 3.7694604 1.5071557 1.6034367 -7.538245 1.7386745 25.250395 -3.1141364574432373 0.4033832550048828
