Pedestrian 0.0 0 1.392822504043579 567.1438598632812 157.9599151611328 624.7139892578125 283.3788146972656 1.0362505 1.8211616 0.7040897 -0.20337866 1.4955297 10.838766 1.3740607500076294 0.7647814154624939
Pedestrian 0.0 0 -1.5906925201416016 839.7427978515625 173.0872344970703 869.2966918945312 243.10980224609375 0.8238584 1.7195655 0.68470496 6.255657 1.5391256 17.856382 -1.2537221908569336 0.30250898003578186
Pedestrian 0.0 0 -1.8196516036987305 840.8602905273438 146.407958984375 892.2796020507812 250.21560668945312 0.96244127 1.7664571 0.6333699 4.5772514 1.1879729 12.537373 -1.4695985317230225 0.24207884073257446
Pedestrian 0.0 0 1.7718045711517334 523.7575073242188 164.54638671875 565.3446655273438 261.86773681640625 0.7402144 1.7333028 0.6289153 -1.1448826 1.45081 12.990872 1.6839019060134888 0.13904979825019836
Pedestrian 0.0 0 2.5282130241394043 748.845458984375 132.11587524414062 814.6536865234375 239.1850128173828 0.9305144 1.8049293 0.6193181 3.0440388 0.9909376 12.371807 2.7694671154022217 0.13426300883293152
Pedestrian 0.0 0 -3.168187379837036 757.4074096679688 171.27462768554688 788.8535766601562 258.9949951171875 0.5976147 1.7232563 0.61816967 3.339232 1.5436554 14.248045 -2.9379780292510986 0.13303928077220917
Pedestrian 0.0 0 -0.3951597809791565 822.44287109375 191.49705505371094 868.2664794921875 282.5820007324219 0.64066905 1.7409425 0.68487203 4.6950336 1.9654566 13.96125 -0.07075029611587524 0.12445264309644699
Pedestrian 0.0 0 -2.0232796669006348 1118.006103515625 188.5845947265625 1224.0 370.0 0.66813916 1.6729492 0.65357095 4.3294735 1.7399212 5.3025703 -1.338566780090332 0.1217586100101471
Cyclist 0.0 0 -2.362722873687744 0.0 175.48748779296875 91.63838958740234 257.9617919921875 1.9111174 1.6086687 0.79081845 -11.615212 1.5125306 14.270993 -3.045884370803833 0.30169790983200073
Cyclist 0.0 0 0.4690362513065338 30.597373962402344 191.01454162597656 116.00446319580078 252.36585998535156 1.8477882 1.7076842 0.7050824 -15.316579 2.0196424 20.358532 -0.17596206068992615 0.1821201890707016
Cyclist 0.0 0 -1.8674370050430298 840.7623901367188 144.3282470703125 897.72509765625 249.57440185546875 1.306477 1.7559576 0.5770925 4.5873256 1.1541076 12.460032 -1.5146737098693848 0.16295437514781952
Cyclist 0.0 0 -1.2567006349563599 68.72318267822266 157.64239501953125 132.69390869140625 254.85504150390625 1.6522245 1.6964197 0.48808405 -9.41882 1.2991855 13.194715 -1.8766502141952515 0.14075171947479248
Cyclist 0.0 0 -2.255730152130127 1145.8583984375 165.4903564453125 1224.0 266.4110412597656 1.6386579 1.6065186 0.5250618 10.07751 1.3692408 12.072349 -1.5601506233215332 0.13155578076839447
Cyclist 0.0 0 1.3829545974731445 566.0594482421875 158.5983428955078 624.7140502929688 281.8771057128906 1.0671835 1.793398 0.7091311 -0.21289632 1.4764478 10.875992 1.3633822202682495 0.11291610449552536
Car 0.0 0 1.6760845184326172 53.99271774291992 188.9697723388672 120.41580200195312 233.60340881347656 3.8968499 1.4694953 1.5792918 -19.079046 1.809178 26.144783 1.0456726551055908 0.17037154734134674
Car 0.0 0 -1.2367526292800903 298.5287780761719 198.2998046875 397.84515380859375 255.9539794921875 3.5808172 1.4122498 1.5768498 -7.2550173 1.9683145 20.222952 -1.5812026262283325 0.1286609023809433
Car 0.0 0 -1.2696094512939453 483.4230041503906 143.6300048828125 582.3349609375 209.6217041015625 4.288904 1.7522358 1.7225361 -2.0454586 0.7748346 21.043438 -1.366506814956665 0.1227479949593544
Car 0.0 0 1.3857896327972412 1184.049072265625 198.0575408935547 1224.0 370.0 3.7859905 1.4818494 1.578003 5.9344244 1.6782225 5.8311634 2.179964065551758 0.11690754443407059
