Pedestrian 0.0 0 1.3229355812072754 1090.3814697265625 142.59677124023438 1118.9549560546875 196.97994995117188 0.85167515 1.8765281 0.63897353 17.363962 0.83283997 25.40423 1.9225062131881714 0.31603458523750305
Pedestrian 0.0 0 0.9279383420944214 953.1901245117188 177.7119140625 992.8082885742188 239.53749084472656 0.8262783 1.7905935 0.6938846 10.729562 1.9384472 21.436281 1.392012119293213 0.24107806384563446
Pedestrian 0.0 0 1.3055014610290527 1076.9342041015625 164.72119140625 1133.5091552734375 268.9631042480469 0.82106936 1.7924256 0.63814473 8.781822 1.6529409 12.896203 1.9033355712890625 0.19499991834163666
Pedestrian 0.0 0 2.0334248542785645 1129.076171875 178.9844970703125 1187.0828857421875 266.74383544921875 0.91363174 1.7764328 0.6299736 11.460595 1.9097065 15.1557255 2.680875301361084 0.17231404781341553
Pedestrian 0.0 0 -3.358879804611206 985.2742919921875 176.84706115722656 1007.7325439453125 219.8881378173828 0.71093863 1.7902018 0.656717 16.289873 1.9616272 30.496666 -2.8682849407196045 0.17044846713542938
Pedestrian 0.0 0 -0.5056856274604797 970.904296875 174.78176879882812 997.585693359375 222.92022705078125 0.671464 1.7843089 0.6218322 14.002451 1.8579028 27.087957 -0.028589632362127304 0.15368987619876862
Pedestrian 0.0 0 -0.6829681396484375 1056.78759765625 165.49082946777344 1090.2503662109375 217.77926635742188 0.7198515 1.7733059 0.65005714 15.902137 1.5239501 24.831087 -0.11336234956979752 0.14973829686641693
Pedestrian 0.0 0 1.9087451696395874 1108.69482421875 147.99317932128906 1140.4681396484375 208.41802978515625 0.8242268 1.9132568 0.597601 16.591238 1.1264366 23.325357 2.527012348175049 0.14725950360298157
Cyclist 0.0 0 -0.8519144058227539 1070.16748046875 172.7061767578125 1099.388427734375 198.84552001953125 1.8616209 1.8053824 0.63666874 33.12694 1.79553 50.38747 -0.27032387256622314 0.1891924887895584
Car 0.0 0 -1.6888337135314941 816.78515625 184.17955017089844 878.3602294921875 231.09461975097656 4.123052 1.5045185 1.6430448 8.547091 1.9531028 26.371418 -1.3754122257232666 0.8589354157447815
Car 0.0 0 -2.0813679695129395 981.5288696289062 198.87059020996094 1242.0 375.0 3.8078413 1.4567981 1.5943986 3.5169983 1.6786332 4.1167564 -1.3743752241134644 0.7145270705223083
