Pedestrian 0.0 0 1.372201681137085 802.5724487304688 132.9527587890625 840.5595703125 224.77993774414062 0.7752326 1.8200896 0.59687155 4.3665586 0.87929374 14.423586 1.666167974472046 0.31904709339141846
Pedestrian 0.0 0 0.19728370010852814 568.6585693359375 162.88954162597656 595.1338500976562 218.9268798828125 0.7788334 1.852036 0.64409775 -0.80088335 1.2715509 23.744194 0.16356682777404785 0.26270294189453125
Pedestrian 0.0 0 -1.4917752742767334 517.5797119140625 168.23793029785156 532.15771484375 204.1326446533203 0.7993562 1.8037274 0.676591 -4.0827456 1.1889801 35.93558 -1.6049031019210815 0.258736789226532
Pedestrian 0.0 0 1.2615699768066406 785.3071899414062 139.47003173828125 823.3294677734375 225.6815948486328 0.7688633 1.8574193 0.60092014 4.3555665 0.97505057 15.623708 1.5334463119506836 0.23270361125469208
Pedestrian 0.0 0 -3.3278419971466064 772.851806640625 135.641845703125 817.1891479492188 216.6473846435547 0.9198277 1.8882167 0.6080036 4.470718 0.84419173 16.81316 -3.0679500102996826 0.2133457064628601
Pedestrian 0.0 0 -1.7845441102981567 918.08984375 122.21659851074219 990.1950073242188 270.74298095703125 1.0284227 1.7818112 0.6166397 4.393307 1.0842897 9.049648 -1.3325902223587036 0.19311533868312836
Pedestrian 0.0 0 0.026547148823738098 748.8666381835938 136.507568359375 776.497314453125 204.83140563964844 0.7368323 1.8663502 0.6042189 4.3616505 0.66622204 19.691263 0.24452948570251465 0.19130346179008484
Pedestrian 0.0 0 1.6009670495986938 502.3147888183594 177.1477813720703 514.2249145507812 209.6478271484375 0.9407469 1.7910589 0.63199586 -5.404269 1.607716 39.46124 1.4648624658584595 0.1367071568965912
Pedestrian 0.0 0 1.6504745483398438 695.335693359375 146.4725341796875 710.2063598632812 190.52406311035156 0.9662333 1.9194046 0.5793707 4.3184776 0.43823817 31.336525 1.787421703338623 0.12340526282787323
Cyclist 0.0 0 -1.7362165451049805 928.9143676757812 120.80632781982422 1000.9373779296875 272.5339050292969 1.1259757 1.804219 0.6354356 4.5205398 1.0960728 9.034197 -1.2722642421722412 0.12207185477018356
Car 0.0 0 -1.6552337408065796 629.1605834960938 164.8481903076172 665.0939331054688 197.36265563964844 3.80488 1.7036796 1.6518372 2.2643752 0.88497657 38.966263 -1.597187876701355 0.5047444105148315
