Pedestrian 0.0 0 -0.6196259260177612 134.8064727783203 194.9617462158203 181.73193359375 241.32691955566406 1.4763511 1.6909744 0.57662797 -17.46831 2.5693247 27.860247 -1.179660439491272 0.20004229247570038
Pedestrian 0.0 0 2.0838711261749268 245.5249786376953 190.24705505371094 268.4825134277344 225.22019958496094 0.96139324 1.7993268 0.70980316 -18.678696 2.7306511 38.117413 1.6282308101654053 0.1739390790462494
Pedestrian 0.0 0 0.8964793682098389 811.022705078125 180.57327270507812 859.6893920898438 264.3667907714844 0.8727018 1.8187549 0.64275503 5.0254784 1.9988997 16.278591 1.1959141492843628 0.15628811717033386
Pedestrian 0.0 0 -1.3065999746322632 255.87435913085938 180.35008239746094 286.9393310546875 236.9803466796875 1.1580355 1.7284702 0.60969007 -10.737035 1.9722912 22.808487 -1.7465728521347046 0.15499359369277954
Cyclist 0.0 0 -0.6196259260177612 134.8064727783203 194.9617462158203 181.73193359375 241.32691955566406 1.4763511 1.6909744 0.57662797 -17.46831 2.5693247 27.860247 -1.179660439491272 0.3021261990070343
Cyclist 0.0 0 -1.3065999746322632 255.87435913085938 180.35008239746094 286.9393310546875 236.9803466796875 1.1580355 1.7284702 0.60969007 -10.737035 1.9722912 22.808487 -1.7465728521347046 0.1301918923854828
Car 0.0 0 1.8782057762145996 503.35943603515625 181.07080078125 535.1261596679688 199.83848571777344 3.9060612 1.5002686 1.5821967 -7.725162 2.2250645 61.54785 1.7533440589904785 0.4992537200450897
Car 0.0 0 2.1350953578948975 221.66146850585938 189.5218505859375 273.9733581542969 214.38287353515625 3.5571477 1.5755428 1.5878128 -25.09321 2.7748826 50.05156 1.6703704595565796 0.21863076090812683
Car 0.0 0 -0.1628395915031433 917.7460327148438 218.7740020751953 1167.828369140625 326.6947326660156 3.5571556 1.52547 1.5827011 7.3472505 2.4231417 12.72859 0.36066460609436035 0.2020641565322876
Car 0.0 0 1.3886338472366333 671.1513061523438 181.50491333007812 699.8087768554688 201.75927734375 3.9891975 1.5831033 1.677352 6.2368693 2.329932 60.202957 1.4918630123138428 0.14514517784118652
Car 0.0 0 0.973068356513977 887.9404296875 211.10379028320312 1242.0 375.0 3.8962362 1.4489086 1.586562 2.808058 1.7493502 3.668831 1.6263415813446045 0.1363789439201355
