Pedestrian 0.0 0 1.4099891185760498 277.2255859375 176.5742645263672 319.4822998046875 265.6809997558594 0.7038503 1.7634152 0.68796927 -6.3225474 1.6873546 14.469652 0.9980385303497314 0.40490007400512695
Pedestrian 0.0 0 0.5663909912109375 108.1831283569336 112.76980590820312 214.8284454345703 249.1278076171875 1.1058185 1.8328525 0.59650743 -6.175113 0.9241304 9.799316 0.004091501235961914 0.3049513101577759
Pedestrian 0.0 0 -1.6137665510177612 790.5823364257812 163.3589324951172 804.7088012695312 197.31517028808594 0.7515761 1.795088 0.69606614 10.289213 0.8903407 37.81639 -1.3481138944625854 0.24206939339637756
Pedestrian 0.0 0 0.0601731538772583 997.1170043945312 110.45854949951172 1062.537841796875 247.270263671875 0.7418115 1.7997957 0.5697996 5.8090897 0.88005453 9.740712 0.5979208946228027 0.21126306056976318
Pedestrian 0.0 0 1.1232116222381592 878.0579223632812 155.26211547851562 905.464599609375 192.75843811035156 1.7256798 1.7295401 0.5025008 13.549376 0.5668833 33.485054 1.5077111721038818 0.10928969085216522
Pedestrian 0.0 0 -1.830183506011963 983.8040771484375 148.71954345703125 1027.7183837890625 220.68038940429688 1.7299945 1.7721866 0.5588916 10.319093 0.99112356 18.315039 -1.3170939683914185 0.1056620180606842
Pedestrian 0.0 0 -0.05899445712566376 770.8372802734375 155.4280242919922 797.673828125 188.1099853515625 1.4615613 1.8565923 0.55318606 10.271298 0.4336915 40.569935 0.18897032737731934 0.10297130048274994
Cyclist 0.0 0 -1.8180879354476929 981.1159057617188 141.94683837890625 1026.39599609375 214.99024963378906 1.9603101 1.7985083 0.5579563 10.323884 0.85083205 18.423302 -1.3073172569274902 0.4446295499801636
Cyclist 0.0 0 1.1232116222381592 878.0579223632812 155.26211547851562 905.464599609375 192.75843811035156 1.7256798 1.7295401 0.5025008 13.549376 0.5668833 33.485054 1.5077111721038818 0.3483726382255554
Cyclist 0.0 0 -0.05899445712566376 770.8372802734375 155.4280242919922 797.673828125 188.1099853515625 1.4615613 1.8565923 0.55318606 10.271298 0.4336915 40.569935 0.18897032737731934 0.317731648683548
Cyclist 0.0 0 0.5805414915084839 88.30400085449219 113.20207214355469 217.4997100830078 247.27418518066406 1.4125867 1.800984 0.5985332 -6.289848 0.8986458 9.799016 0.009891748428344727 0.22469180822372437
Car 0.0 0 0.355785608291626 565.0315551757812 169.04714965820312 699.755126953125 213.9724884033203 4.5238576 1.507655 1.6977233 0.9479066 1.1248457 25.373585 0.3931262493133545 0.806533694267273
Car 0.0 0 -0.7874888777732849 0.0 211.56129455566406 292.0450134277344 370.0 3.9667997 1.4206007 1.5944113 -3.232827 1.6569241 3.3408914 -1.5564496517181396 0.7156433463096619
Car 0.0 0 1.6550959348678589 452.2319030761719 173.3546600341797 478.5591125488281 194.42337036132812 3.8976545 1.4916556 1.582132 -10.238639 0.987062 52.077568 1.460968255996704 0.48626431822776794
Car 0.0 0 1.9468801021575928 337.26397705078125 181.8984832763672 388.3382873535156 207.2105255126953 4.214107 1.5461696 1.6845678 -15.536675 1.6418604 45.565147 1.6182658672332764 0.23849409818649292
Car 0.0 0 1.844239354133606 0.0 183.6771697998047 34.392024993896484 214.67323303222656 4.1966915 1.5528111 1.6325747 -32.45532 1.7356235 38.12321 1.1389753818511963 0.20080749690532684
