Pedestrian 0.0 0 -2.4055919647216797 178.98483276367188 183.5427703857422 210.35174560546875 229.6117401123047 0.8280241 1.7520466 0.6598207 -16.178473 2.1738698 28.038067 -2.928941488265991 0.3489745557308197
Pedestrian 0.0 0 -2.429399251937866 658.70703125 163.57679748535156 709.9495239257812 217.38275146484375 1.7658209 1.7878826 0.63623035 2.4986987 1.4799746 24.832514 -2.3291146755218506 0.11437389999628067
Cyclist 0.0 0 -2.3192594051361084 656.7479858398438 164.54254150390625 708.5191040039062 218.5409698486328 1.9075762 1.7935354 0.65226364 2.4440074 1.5178316 24.919277 -2.2214951515197754 0.5548434257507324
Cyclist 0.0 0 -1.8672058582305908 643.2533569335938 174.27188110351562 666.7099609375 218.47906494140625 1.6929944 1.6789894 0.44022748 1.7113345 1.736746 28.331863 -1.8068759441375732 0.35593852400779724
Cyclist 0.0 0 -1.8708617687225342 3.631934881210327 184.78659057617188 59.52777862548828 246.3434600830078 1.9066906 1.698404 0.7403503 -16.949202 2.0611587 21.070642 -2.548279285430908 0.28949838876724243
Cyclist 0.0 0 -2.404740571975708 176.68275451660156 183.1040802001953 210.4163360595703 229.57240295410156 0.9470686 1.7689711 0.64764977 -16.237526 2.173971 28.065008 -2.9292523860931396 0.16525454819202423
Car 0.0 0 -1.4012432098388672 447.6963806152344 177.32179260253906 538.1512451171875 247.45404052734375 3.9781961 1.6028798 1.6602945 -2.9659307 1.731688 18.742226 -1.5581903457641602 0.8578401803970337
Car 0.0 0 2.1288130283355713 0.0 196.5262451171875 201.268798828125 299.11224365234375 4.262294 1.5016844 1.6604338 -9.769824 2.0243826 13.74123 1.510751724243164 0.8426054120063782
Car 0.0 0 1.9188625812530518 295.9939880371094 187.34808349609375 364.2882385253906 224.72891235351562 4.0107355 1.5208851 1.635065 -12.722686 2.2236686 32.943386 1.5503103733062744 0.8275115489959717
Car 0.0 0 1.5034384727478027 585.0941772460938 176.322998046875 613.9796142578125 200.87120056152344 4.009209 1.503461 1.600507 -0.74910647 1.7389324 46.835735 1.4874454736709595 0.4360627830028534
