Pedestrian 0.0 0 -0.09263208508491516 694.6513671875 159.7290802001953 716.8212280273438 211.4315643310547 0.73405993 1.8298225 0.59483224 3.3806586 1.3656716 25.844427 0.03743743896484375 0.2726595103740692
Pedestrian 0.0 0 -1.3320252895355225 0.0 173.48240661621094 53.79318618774414 295.6036376953125 1.7058638 1.6980582 0.5359625 -9.025694 1.7087024 10.923467 -2.022578477859497 0.16314828395843506
Pedestrian 0.0 0 -2.21797776222229 636.5502319335938 177.16458129882812 669.0067749023438 212.47752380371094 1.7699239 1.7018019 0.68172896 2.079629 1.9222988 35.9206 -2.160147190093994 0.10139019042253494
Cyclist 0.0 0 -1.3320252895355225 0.0 173.48240661621094 53.79318618774414 295.6036376953125 1.7058638 1.6980582 0.5359625 -9.025694 1.7087024 10.923467 -2.022578477859497 0.3564070165157318
Cyclist 0.0 0 0.31604140996932983 273.0494384765625 191.96160888671875 312.7683410644531 228.49038696289062 1.8121754 1.8767003 0.5987246 -16.66504 2.8899589 37.859062 -0.09862150996923447 0.3397962749004364
Cyclist 0.0 0 -2.239339828491211 632.24267578125 177.12551879882812 665.400634765625 211.6809844970703 1.7442465 1.6683416 0.7241241 1.8866996 1.8871814 35.981846 -2.186953067779541 0.2828438878059387
Car 0.0 0 -1.4400256872177124 502.5865783691406 184.6343231201172 554.0449829101562 224.0808868408203 3.8537552 1.4529853 1.6136341 -3.3334732 1.9696045 29.67615 -1.5518851280212402 0.7950533628463745
Car 0.0 0 1.5440255403518677 359.83099365234375 191.61044311523438 400.6484680175781 230.30494689941406 4.1812577 1.5982898 1.7233591 -10.9930725 2.547688 34.247673 1.2334271669387817 0.5126165747642517
Car 0.0 0 -1.4608564376831055 577.0955810546875 183.13526916503906 608.4874267578125 208.52606201171875 3.841814 1.5184637 1.6228154 -1.105948 2.2131007 46.73802 -1.4845147132873535 0.47740882635116577
Car 0.0 0 1.784973382949829 407.7274475097656 187.3640899658203 441.1211242675781 209.54681396484375 3.9197145 1.5275877 1.638476 -13.940931 2.6594915 54.276196 1.533556580543518 0.3934127688407898
