Pedestrian 0.0 0 1.352273941040039 850.0518798828125 130.4251251220703 893.5038452148438 223.45364379882812 0.92589843 1.8649704 0.6586604 5.3637695 1.0147442 14.962714 1.6964794397354126 0.17842581868171692
Pedestrian 0.0 0 -0.7798124551773071 128.73526000976562 120.46563720703125 219.88832092285156 274.83880615234375 0.6573853 1.7551174 0.65856075 -5.2336254 1.1598554 8.599213 -1.3265438079833984 0.152849018573761
Pedestrian 0.0 0 -2.488978862762451 257.2243957519531 128.25634765625 316.5826416015625 243.0095672607422 0.6289454 1.8094276 0.63171804 -5.3071823 1.1065701 11.753328 -2.913118600845337 0.12539273500442505
Pedestrian 0.0 0 -1.5993129014968872 246.267822265625 124.45156860351562 296.90069580078125 254.09292602539062 0.7373175 1.8034096 0.6434672 -4.990042 1.1304529 10.509003 -2.0426266193389893 0.10674121230840683
Pedestrian 0.0 0 -0.07036066055297852 752.5127563476562 147.9716339111328 784.1939086914062 204.93397521972656 0.99777025 1.8830217 0.5947939 5.2619143 1.0608356 24.215084 0.14361190795898438 0.10558194667100906
Car 0.0 0 -1.0727581977844238 0.0 191.06211853027344 384.52825927734375 375.0 4.0712075 1.449154 1.6133531 -3.0350926 1.6310314 5.126695 -1.6072874069213867 0.8882744312286377
Car 0.0 0 -1.8470731973648071 719.0443725585938 176.02249145507812 932.7681274414062 313.8240661621094 4.1206813 1.4795743 1.6345333 2.611132 1.5325981 9.915155 -1.5895720720291138 0.8777948021888733
Car 0.0 0 -1.6908996105194092 646.548583984375 179.14463806152344 699.3560180664062 221.44046020507812 3.471973 1.448121 1.5484232 2.249174 1.6991782 26.989145 -1.6077555418014526 0.8655122518539429
Car 0.0 0 1.7473514080047607 672.46923828125 169.8455047607422 706.9824829101562 194.45989990234375 3.886031 1.5707592 1.6328996 5.3277254 1.3791312 48.13655 1.8575822114944458 0.17601555585861206
Car 0.0 0 1.9316110610961914 539.0952758789062 177.8766632080078 585.0342407226562 205.07789611816406 3.8327396 1.6096725 1.6464862 -3.0064893 1.9414406 45.533703 1.8656790256500244 0.11718596518039703
Car 0.0 0 1.361507534980774 717.2718505859375 174.7372589111328 774.1856689453125 212.4929656982422 4.1843333 1.5670081 1.6522423 5.948799 1.6571127 32.26842 1.5438141822814941 0.11129648238420486
