Pedestrian 0.0 0 -1.5659068822860718 805.662841796875 155.67559814453125 837.1812744140625 233.441162109375 0.8371998 1.7340795 0.6759315 5.0212746 1.1594439 16.51519 -1.2707480192184448 0.6926019787788391
Pedestrian 0.0 0 0.18893226981163025 404.8805847167969 186.23377990722656 459.3269348144531 284.54205322265625 0.7465364 1.5901957 0.8683346 -2.8804607 1.6742646 12.11052 -0.0445767417550087 0.5925142168998718
Pedestrian 0.0 0 1.883634328842163 291.3729248046875 164.50477600097656 361.3662414550781 297.7356262207031 1.0143489 1.7530885 0.6289079 -3.8396182 1.5307895 9.973036 1.5161255598068237 0.5751969814300537
Pedestrian 0.0 0 -0.42372119426727295 777.9717407226562 143.09046936035156 880.8515625 319.08514404296875 0.83154964 1.7802043 0.6923927 2.3619106 1.393054 7.658591 -0.12457574903964996 0.5365912914276123
Pedestrian 0.0 0 -0.05301502346992493 232.47264099121094 160.4127197265625 303.0743103027344 279.1473083496094 0.97329456 1.785945 0.6797192 -5.3113103 1.4700669 11.33147 -0.49132871627807617 0.39653658866882324
Pedestrian 0.0 0 1.8093607425689697 282.90252685546875 166.42160034179688 333.8375244140625 269.4596862792969 0.820836 1.7920076 0.6777328 -5.307902 1.5310458 12.947041 1.4202889204025269 0.3257944583892822
Pedestrian 0.0 0 0.769423246383667 446.1635437011719 152.4348907470703 470.79852294921875 197.56825256347656 0.83284235 1.8721608 0.6038526 -6.0404186 0.66750485 30.273739 0.5724828243255615 0.2180854082107544
Pedestrian 0.0 0 1.4835673570632935 726.434326171875 163.02455139160156 772.2481079101562 274.8463439941406 1.6929817 1.6990994 0.5792829 2.3567348 1.4196743 11.785471 1.6809335947036743 0.18393446505069733
Cyclist 0.0 0 1.4835673570632935 726.434326171875 163.02455139160156 772.2481079101562 274.8463439941406 1.6929817 1.6990994 0.5792829 2.3567348 1.4196743 11.785471 1.6809335947036743 0.5173729062080383
Car 0.0 0 -1.6885671615600586 650.5817260742188 164.0977783203125 702.03515625 210.2920684814453 3.9946718 1.7914857 1.6534258 3.0260093 1.1176169 29.866468 -1.5875937938690186 0.5533427000045776
Car 0.0 0 2.519613742828369 0.0 0.0 1238.0 374.0 4.005226 1.4762801 1.6134986 -2.729932 1.0850563 1.8943948 1.555461049079895 0.29761776328086853
