Pedestrian 0.0 0 -0.4798888862133026 804.8007202148438 165.76882934570312 833.07958984375 216.48228454589844 0.76527184 1.7696455 0.6120663 7.3511724 1.5227665 25.551167 -0.19975066184997559 0.5043200254440308
Pedestrian 0.0 0 -0.5628228783607483 909.6731567382812 151.1326904296875 947.2839965820312 211.23329162597656 0.91282266 1.8840901 0.6069903 10.094479 1.2035081 22.984575 -0.14899909496307373 0.45130956172943115
Pedestrian 0.0 0 -2.3425283432006836 1170.507568359375 127.29722595214844 1242.0 251.7227783203125 0.81029654 1.8186398 0.6778873 9.136465 1.1531266 10.973611 -1.648231863975525 0.3198799788951874
Pedestrian 0.0 0 -1.7512739896774292 830.4280395507812 166.52987670898438 853.6316528320312 217.65687561035156 0.9222896 1.7696508 0.62232894 8.1388445 1.5511134 25.469023 -1.4419715404510498 0.2604406476020813
Pedestrian 0.0 0 -1.7880198955535889 787.1930541992188 157.17079162597656 819.36083984375 224.2418670654297 1.6341349 1.8544027 0.5502081 5.499912 1.4211465 20.774359 -1.529212236404419 0.1829010397195816
Pedestrian 0.0 0 -1.6664097309112549 731.7808227539062 171.24664306640625 744.5314331054688 205.07025146484375 1.6321968 1.6983924 0.48846215 6.538485 1.6180398 37.06082 -1.4917809963226318 0.1766452193260193
Cyclist 0.0 0 -2.1350526809692383 1044.8548583984375 118.16719818115234 1242.0 355.889892578125 1.885647 1.7647973 0.5642986 4.552351 1.3591733 6.3119555 -1.510222315788269 0.7079359889030457
Cyclist 0.0 0 -1.7880198955535889 787.1930541992188 157.17079162597656 819.36083984375 224.2418670654297 1.6341349 1.8544027 0.5502081 5.499912 1.4211465 20.774359 -1.529212236404419 0.5633074641227722
Cyclist 0.0 0 -1.6859947443008423 731.8145751953125 170.80908203125 745.2821655273438 204.4725799560547 1.673031 1.6859591 0.48767462 6.54423 1.583902 36.983433 -1.510857343673706 0.36468008160591125
Cyclist 0.0 0 -1.7325841188430786 827.3614501953125 166.6990203857422 850.4036254882812 218.29049682617188 1.1966076 1.7897291 0.5934501 8.087019 1.5765682 25.662266 -1.427302598953247 0.17382028698921204
Car 0.0 0 2.761274576187134 843.1580810546875 188.9575653076172 906.7822265625 210.47645568847656 4.332364 1.6024687 1.6313231 20.478636 2.8706033 55.922665 3.112304210662842 0.5029568672180176
Car 0.0 0 1.3647295236587524 868.25341796875 180.83934020996094 896.8819580078125 198.5633087158203 3.9206111 1.4617345 1.5798743 23.895536 2.1867473 63.417202 1.72507643699646 0.43303462862968445
