Pedestrian 0.0 0 -0.6742909550666809 1014.6432495117188 152.6152801513672 1053.0157470703125 214.23696899414062 0.7880083 1.8515518 0.6331522 12.899072 1.2437953 22.047516 -0.14493076503276825 0.22278515994548798
Pedestrian 0.0 0 -0.5743286609649658 826.4528198242188 173.0792236328125 863.119384765625 240.1273193359375 0.714621 1.7603494 0.6145499 6.2386446 1.7668644 19.333248 -0.26218754053115845 0.18297378718852997
Pedestrian 0.0 0 2.314119815826416 129.638671875 180.54953002929688 155.34010314941406 214.95333862304688 1.1060649 1.8064649 0.55743915 -25.130247 2.2263458 38.740158 1.7386679649353027 0.16231435537338257
Pedestrian 0.0 0 -0.729363203048706 1180.323974609375 161.64500427246094 1242.0 298.5075378417969 0.6818719 1.7377403 0.6640555 8.061595 1.5957776 9.499263 -0.025650598108768463 0.15325452387332916
Pedestrian 0.0 0 1.0366549491882324 1209.2218017578125 135.6455078125 1242.0 196.85092163085938 0.93696934 1.9396881 0.62605083 20.028517 0.760855 23.379484 1.745008945465088 0.1459214687347412
Pedestrian 0.0 0 -1.8304129838943481 773.0764770507812 150.451416015625 802.4044799804688 214.9878692626953 0.91635424 1.9020493 0.64162785 5.2971606 1.2421477 21.727417 -1.5912773609161377 0.13344305753707886
Cyclist 0.0 0 -0.830860435962677 0.0 187.78854370117188 38.34182357788086 226.705810546875 1.694331 1.6953304 0.3425699 -27.018381 2.3952525 32.940487 -1.517808437347412 0.31192487478256226
Cyclist 0.0 0 -0.8237566947937012 109.18883514404297 185.29476928710938 148.4096221923828 224.20498657226562 1.7347956 1.6918008 0.41868684 -21.912464 2.2735622 32.82784 -1.4123334884643555 0.25956493616104126
Cyclist 0.0 0 -0.7405686974525452 1071.333740234375 172.38938903808594 1146.0924072265625 246.766845703125 1.403008 1.7311351 0.64023566 11.832686 1.7206795 17.204685 -0.13810515403747559 0.14256121218204498
Car 0.0 0 1.570819616317749 588.6265258789062 176.64927673339844 617.7582397460938 205.09056091308594 4.00051 1.5644363 1.6243336 -0.43527162 1.7975061 42.23061 1.5605130195617676 0.30870214104652405
Car 0.0 0 1.7243602275848389 435.9849853515625 179.44578552246094 483.74383544921875 216.3745574951172 3.59405 1.511975 1.5443168 -6.644457 1.8217136 32.027996 1.5198041200637817 0.21152590215206146
