Pedestrian 0.0 0 1.503650426864624 492.4765625 155.16217041015625 560.8375854492188 317.6797180175781 0.8077647 1.6349123 0.66738206 -0.90577173 1.3817097 7.5665708 1.3845102787017822 0.6942290663719177
Pedestrian 0.0 0 -1.5440623760223389 524.8763427734375 164.02720642089844 565.3740844726562 260.91046142578125 0.80777377 1.7176373 0.71691924 -1.1312425 1.4272352 12.955029 -1.631162166595459 0.26578307151794434
Pedestrian 0.0 0 -1.6128923892974854 839.861572265625 172.99874877929688 868.1091918945312 243.68978881835938 0.7872595 1.737473 0.63712347 6.23821 1.5547018 17.842268 -1.2765463590621948 0.23108476400375366
Pedestrian 0.0 0 -0.8662903904914856 982.0033569335938 196.3542938232422 1120.5147705078125 370.0 0.6639635 1.6220164 0.58527493 3.2632957 1.75071 5.2776556 -0.3125069737434387 0.148276224732399
Pedestrian 0.0 0 0.31406527757644653 453.33807373046875 154.99594116210938 498.6430969238281 240.28041076660156 0.79322845 1.7610918 0.6142812 -2.7619746 1.2360665 14.951775 0.13139891624450684 0.14672449231147766
Pedestrian 0.0 0 -3.0862483978271484 757.8798828125 173.32423400878906 790.0327758789062 260.7552185058594 0.5990375 1.7152734 0.6182799 3.3686857 1.5761255 14.247722 -2.8540751934051514 0.12953680753707886
Pedestrian 0.0 0 -0.2504481077194214 636.7055053710938 170.518798828125 695.8162231445312 269.7955627441406 0.95138097 1.7648089 0.6272641 1.0694722 1.5890193 12.952779 -0.16806797683238983 0.12622511386871338
Pedestrian 0.0 0 -2.0600037574768066 1114.9168701171875 189.27003479003906 1224.0 370.0 0.6760827 1.6663733 0.65951383 4.315189 1.738767 5.298522 -1.376535415649414 0.11576662212610245
Pedestrian 0.0 0 2.7556025981903076 758.97412109375 142.57723999023438 821.3536376953125 247.55567932128906 0.8839444 1.7794152 0.6205465 3.1791916 1.1382617 12.346235 3.0076303482055664 0.10372716933488846
Cyclist 0.0 0 -1.5031274557113647 78.5191879272461 159.79592895507812 118.44783020019531 255.19712829589844 1.7178879 1.6637183 0.49424246 -9.468505 1.3043014 13.185588 -2.125894784927368 0.16863727569580078
Cyclist 0.0 0 1.499117136001587 962.7694702148438 132.802490234375 1011.90771484375 249.78152465820312 1.671164 1.7745862 0.5814307 6.2008166 1.0526692 11.60261 1.9899301528930664 0.1637619286775589
Cyclist 0.0 0 -2.2032923698425293 0.0 176.77386474609375 73.18309020996094 261.2678527832031 1.8543441 1.6280689 0.69017637 -11.775993 1.5579051 14.178617 -2.896383285522461 0.1463363766670227
Car 0.0 0 1.7720510959625244 54.286903381347656 187.735107421875 133.271240234375 231.17002868652344 4.097923 1.4463812 1.6059477 -19.045174 1.7412728 26.469389 1.148346185684204 0.17472176253795624
