Pedestrian 0.0 0 -1.8716392517089844 830.5543212890625 163.44822692871094 881.482177734375 263.0143737792969 0.9546527 1.765981 0.62880594 4.4599237 1.599511 13.279481 -1.5476247072219849 0.6135494709014893
Pedestrian 0.0 0 -2.3378632068634033 530.14599609375 177.50509643554688 556.8304443359375 228.81857299804688 0.62950706 1.7034471 0.64563227 -2.3011453 1.8645343 24.481606 -2.4315826892852783 0.3302406668663025
Pedestrian 0.0 0 2.330374240875244 1182.329345703125 104.88359069824219 1242.0 229.63270568847656 0.93089956 1.8433508 0.61182386 9.381737 0.8393464 11.012298 3.035989284515381 0.2893904447555542
Cyclist 0.0 0 -1.884251356124878 831.046142578125 163.00718688964844 882.597412109375 263.5575256347656 0.9744342 1.7795782 0.6223435 4.4669437 1.6056633 13.258072 -1.5592739582061768 0.10852748155593872
Car 0.0 0 1.5696414709091187 326.8628234863281 186.14910888671875 418.9714660644531 269.6727294921875 4.0053487 1.434603 1.6175057 -5.049272 1.7554008 15.232224 1.2495542764663696 0.8733227252960205
Car 0.0 0 3.586717367172241 191.18238830566406 178.6467742919922 330.1075744628906 226.2662353515625 4.3233204 1.6971396 1.727731 -12.936246 1.9196869 26.798967 3.136993646621704 0.7817984223365784
Car 0.0 0 2.6167492866516113 624.0107421875 173.3997344970703 719.7184448242188 206.78419494628906 4.708673 1.6496983 1.7636374 3.1931148 1.6797918 37.51151 2.7016682624816895 0.742252767086029
Car 0.0 0 2.42313814163208 481.0691833496094 178.84738159179688 572.3674926757812 213.6439971923828 4.2247567 1.497299 1.640206 -3.8869402 1.7967292 33.887836 2.3089370727539062 0.6765015721321106
Car 0.0 0 2.3795053958892822 0.0 202.4582977294922 202.79539489746094 375.0 3.7805536 1.4002978 1.5604473 -3.6298106 1.6097906 3.1717207 1.526857852935791 0.6166859865188599
Car 0.0 0 -2.6141982078552246 177.0382537841797 180.31529235839844 254.58969116210938 204.75636291503906 4.064854 1.5109887 1.6480484 -25.133696 1.996362 46.02065 -3.114072799682617 0.244927778840065
