Pedestrian 0.0 0 3.2679665088653564 187.4347381591797 192.8876953125 286.748291015625 358.393310546875 0.8845531 1.6571088 0.5384506 -3.901245 1.7861366 7.648087 2.796276092529297 0.6440743803977966
Pedestrian 0.0 0 -0.6839245557785034 1012.7244262695312 154.542724609375 1115.3145751953125 307.29150390625 0.7506296 1.6747942 0.64378005 5.238673 1.3805803 8.237131 -0.11746653914451599 0.3145538568496704
Pedestrian 0.0 0 -3.6894030570983887 1097.100830078125 167.95518493652344 1213.7908935546875 361.7195129394531 0.58149207 1.6894445 0.67896724 5.0337586 1.5727295 6.6278515 -3.03985857963562 0.22576506435871124
Pedestrian 0.0 0 -2.0524544715881348 0.0 163.15538024902344 27.492319107055664 218.2802276611328 0.71914345 1.7815057 0.5776517 -19.442413 1.1897461 23.618425 -2.741175651550293 0.12465112656354904
Pedestrian 0.0 0 -1.1495099067687988 893.9457397460938 114.5688247680664 1026.8681640625 354.50439453125 0.6710375 1.7244501 0.7280276 2.7694957 1.2448083 5.6545777 -0.6940721273422241 0.1240898072719574
Car 0.0 0 -1.6072717905044556 1085.852783203125 164.51353454589844 1153.3948974609375 217.62696838378906 3.434171 1.5103377 1.559778 15.963728 1.0284518 22.286196 -0.9856860637664795 0.24030281603336334
Car 0.0 0 0.22725269198417664 0.0 170.087158203125 102.7152328491211 212.42149353027344 3.7820508 1.5477049 1.6403389 -21.75902 1.1315053 27.802223 -0.4368104040622711 0.22431088984012604
Car 0.0 0 1.7617180347442627 0.0 188.77012634277344 40.197227478027344 254.7418670654297 4.1649423 1.5084832 1.6381737 -16.385355 1.7256137 19.124918 1.0533158779144287 0.14265277981758118
Car 0.0 0 -1.0455087423324585 964.23828125 162.8738250732422 1078.4783935546875 209.41151428222656 4.1295414 1.537781 1.6494764 14.892459 0.92338836 25.470594 -0.5164210200309753 0.13542258739471436
Car 0.0 0 -1.6474206447601318 544.5921020507812 173.23895263671875 602.7460327148438 224.1104736328125 3.7712727 1.536623 1.6104494 -1.0119811 1.288211 23.663485 -1.6901601552963257 0.12354088574647903
