Pedestrian 0.0 0 1.4309217929840088 980.5256958007812 125.4912338256836 1026.6806640625 224.1162567138672 0.7888039 1.8923211 0.6989502 7.7533627 0.9839281 14.332891 1.926789402961731 0.40025269985198975
Car 0.0 0 -1.8759965896606445 746.0863037109375 171.9259796142578 1015.6661376953125 350.72021484375 4.0742955 1.5878427 1.6533966 2.7363758 1.579959 8.448822 -1.5627810955047607 0.8641369938850403
Car 0.0 0 -1.8117389678955078 693.5813598632812 181.55943298339844 824.5872192382812 269.45269775390625 3.9380972 1.4660051 1.6213598 2.758174 1.6648343 14.438608 -1.6229853630065918 0.8483880162239075
Car 0.0 0 0.6207720041275024 0.0 178.32994079589844 298.85107421875 314.7065734863281 3.9405804 1.4837348 1.627242 -6.146417 1.5567646 8.743425 0.008051633834838867 0.7938581109046936
Car 0.0 0 -1.6867585182189941 666.8515014648438 173.877685546875 728.680419921875 224.46803283691406 3.5496054 1.5218432 1.584247 2.7432609 1.5581331 23.548958 -1.5707894563674927 0.7373161315917969
Car 0.0 0 0.8514494299888611 0.0 212.34571838378906 180.36358642578125 375.0 3.8172998 1.4236772 1.56922 -6.1046243 1.815438 6.2219567 0.07556962966918945 0.6983053684234619
Car 0.0 0 -1.6108818054199219 648.1370239257812 177.4887237548828 681.61328125 206.92828369140625 3.5922623 1.4242122 1.5732905 2.7575593 1.6758728 37.298637 -1.5370842218399048 0.6672060489654541
Car 0.0 0 0.16337665915489197 374.51971435546875 167.08969116210938 484.1772766113281 211.11166381835938 3.8112838 1.6078361 1.653203 -6.811708 1.3976617 27.328232 -0.08090103417634964 0.5434590578079224
Car 0.0 0 -2.4123637676239014 52.45195388793945 193.00372314453125 334.8493347167969 299.07904052734375 3.78019 1.4440812 1.5896138 -6.573912 1.796299 11.430146 -2.9343018531799316 0.5303500890731812
Car 0.0 0 0.3829557001590729 338.157470703125 182.52688598632812 488.060302734375 234.6761016845703 4.1380954 1.5011845 1.6512941 -6.051185 1.8137367 22.223291 0.1171104907989502 0.5071336030960083
