Pedestrian 0.0 0 2.7139952182769775 632.6095581054688 142.5251007080078 740.7993774414062 308.2891845703125 1.0962499 1.7906696 0.5520141 0.87593216 1.3821338 8.067107 2.8221521377563477 0.6107150912284851
Pedestrian 0.0 0 -1.7008048295974731 838.8699951171875 174.28378295898438 870.6633911132812 243.6954345703125 0.76515883 1.7083375 0.66032946 6.2562118 1.5569432 17.839037 -1.3635034561157227 0.3206830322742462
Pedestrian 0.0 0 0.0029663369059562683 641.1581420898438 170.20362854003906 684.1853637695312 267.3078918457031 0.7702824 1.7400616 0.61776304 1.0160556 1.5571976 13.004013 0.08094191551208496 0.1897980272769928
Pedestrian 0.0 0 -3.299351215362549 756.2072143554688 172.15023803710938 792.842041015625 259.1488952636719 0.6278468 1.7136041 0.6089068 3.3670783 1.5507698 14.248614 -3.0672988891601562 0.12757086753845215
Pedestrian 0.0 0 -2.087195873260498 1115.0496826171875 187.56288146972656 1224.0 370.0 0.6839334 1.6666212 0.6487698 4.322383 1.7252762 5.3047457 -1.4034868478775024 0.12752659618854523
Pedestrian 0.0 0 -0.42633846402168274 822.3381958007812 186.99598693847656 868.7342529296875 277.046142578125 0.65162295 1.7267038 0.65973043 4.7008657 1.8600056 13.965914 -0.10165470838546753 0.12531451880931854
Pedestrian 0.0 0 -0.6714978814125061 984.6080932617188 190.0399627685547 1123.2945556640625 370.0 0.65565985 1.6249251 0.5776942 3.2722013 1.7022064 5.27126 -0.11595146358013153 0.11851575970649719
Cyclist 0.0 0 0.3438590168952942 35.45459747314453 190.1306610107422 110.11280059814453 251.20596313476562 1.5853944 1.6954352 0.6705747 -15.328949 1.981867 20.353313 -0.30165034532546997 0.2808999717235565
Cyclist 0.0 0 -2.094555377960205 0.0 182.17930603027344 62.85283279418945 264.712158203125 1.7607362 1.5865105 0.63441145 -11.874792 1.6233238 14.211361 -2.790620803833008 0.2524377107620239
Cyclist 0.0 0 2.6811602115631104 638.1588745117188 143.60557556152344 748.4805297851562 308.29296875 1.1294603 1.7802339 0.54083943 0.95522475 1.3831022 8.082566 2.798797845840454 0.11700700968503952
Car 0.0 0 2.2718214988708496 0.0 186.33978271484375 126.43278503417969 236.72019958496094 4.1660333 1.513527 1.6315339 -18.455864 1.7294768 23.841719 1.6130741834640503 0.1948668211698532
Car 0.0 0 -1.2669460773468018 484.071044921875 143.3700714111328 582.1875610351562 208.11590576171875 4.2341723 1.7204183 1.7038473 -2.039691 0.735391 21.029696 -1.3636345863342285 0.12058302760124207
