Pedestrian 0.0 0 1.4516832828521729 540.0271606445312 135.38674926757812 597.0326538085938 272.5546569824219 0.9108047 1.7841275 0.6714635 -0.56407654 1.1990188 9.698984 1.3935904502868652 0.7061646580696106
Pedestrian 0.0 0 1.311774492263794 312.1339111328125 139.1959686279297 418.17425537109375 370.0 0.6930131 1.7003479 0.6382854 -1.9714394 1.4003161 5.626232 0.9747421741485596 0.5281176567077637
Pedestrian 0.0 0 1.3212567567825317 743.43798828125 129.30426025390625 812.4903564453125 257.4090881347656 0.88376343 1.7838899 0.77716637 2.4497874 1.0726453 10.28881 1.555006504058838 0.5170444846153259
Pedestrian 0.0 0 2.0016088485717773 634.0321655273438 138.6009063720703 663.4795532226562 199.18524169921875 0.874866 1.8536305 0.6132413 1.3449188 0.5732485 22.158178 2.0622308254241943 0.5047395825386047
Pedestrian 0.0 0 1.1722679138183594 222.7344970703125 126.17406463623047 291.2142639160156 240.8015594482422 1.1244781 1.799928 0.6267961 -5.8138723 0.9485364 11.701809 0.7111551761627197 0.3566172122955322
Pedestrian 0.0 0 0.8052871823310852 888.6463012695312 131.4416046142578 1034.807373046875 368.8641662597656 0.80670375 1.7206253 0.65751487 2.7470813 1.3668064 5.603434 1.2611041069030762 0.31945833563804626
Pedestrian 0.0 0 -2.4777984619140625 1030.5731201171875 98.53540802001953 1224.0 370.0 0.7935041 1.6607587 0.67231107 2.6976745 1.3033162 3.5629518 -1.8297395706176758 0.3139156401157379
Pedestrian 0.0 0 -1.3402411937713623 631.7279663085938 119.4891357421875 769.2716064453125 370.0 0.7935117 1.6807121 0.61129665 0.51084185 1.3785244 3.9957204 -1.2130837440490723 0.28957605361938477
Pedestrian 0.0 0 -2.8605542182922363 636.02294921875 139.8319091796875 699.8604736328125 271.375 0.7292493 1.7757146 0.73018503 0.85367084 1.2284026 10.010981 -2.775486469268799 0.26014673709869385
Pedestrian 0.0 0 -1.4187963008880615 94.5957260131836 158.2557373046875 127.93223571777344 228.3885955810547 0.75261724 1.8021307 0.615452 -13.04285 1.2321332 18.63698 -2.0294129848480225 0.25736844539642334
Pedestrian 0.0 0 -1.3220211267471313 387.5249938964844 148.92593383789062 406.38885498046875 190.26161193847656 0.7833344 1.9428383 0.69052714 -9.908696 0.46025997 33.6318 -1.6085374355316162 0.23280420899391174
Pedestrian 0.0 0 -1.0296416282653809 287.7998962402344 142.93238830566406 368.7057189941406 245.35267639160156 1.7527514 1.711305 0.53043133 -4.9766707 1.0852506 12.717262 -1.4026533365249634 0.1572924256324768
Pedestrian 0.0 0 -1.5239503383636475 273.0963439941406 125.36678314208984 300.8128662109375 202.43719482421875 1.6684008 1.7903293 0.54485744 -7.802946 0.511203 17.295532 -1.947763442993164 0.12285605072975159
Pedestrian 0.0 0 0.7552998065948486 323.01177978515625 140.90447998046875 376.3985900878906 201.1925048828125 1.5892098 1.7731336 0.5220736 -7.74423 0.61015356 21.344496 0.40724921226501465 0.12244458496570587
Cyclist 0.0 0 2.070995807647705 288.74853515625 141.48910522460938 365.7738952636719 243.427978515625 1.7496467 1.7000103 0.5125894 -4.9837985 1.051085 12.686391 1.696671724319458 0.6860466599464417
Cyclist 0.0 0 -2.3590621948242188 352.4231262207031 170.37832641601562 483.2213439941406 303.1739807128906 1.8062243 1.6884645 0.6395594 -2.6352296 1.5614462 9.709671 -2.6240808963775635 0.31291481852531433
Cyclist 0.0 0 -1.5239503383636475 273.0963439941406 125.36678314208984 300.8128662109375 202.43719482421875 1.6684008 1.7903293 0.54485744 -7.802946 0.511203 17.295532 -1.947763442993164 0.28539443016052246
Cyclist 0.0 0 -2.5574216842651367 391.4228820800781 174.2877197265625 506.2420654296875 292.7648620605469 1.5699761 1.6552498 0.6273882 -2.3537683 1.5701256 10.444929 -2.779069662094116 0.2515161633491516
Cyclist 0.0 0 0.7552998065948486 323.01177978515625 140.90447998046875 376.3985900878906 201.1925048828125 1.5892098 1.7731336 0.5220736 -7.74423 0.61015356 21.344496 0.40724921226501465 0.24415649473667145
Cyclist 0.0 0 -1.6382609605789185 289.1864013671875 178.91050720214844 344.5843505859375 313.14013671875 1.6960183 1.6399277 0.56530935 -3.9536154 1.622188 9.518479 -2.03193998336792 0.24362169206142426
Cyclist 0.0 0 1.5707851648330688 241.0942840576172 130.76551818847656 283.3708190917969 245.37371826171875 1.3860204 1.7816261 0.59876084 -5.738595 1.0101429 11.740441 1.1161468029022217 0.1988856941461563
Cyclist 0.0 0 1.32883620262146 742.4315795898438 127.87702178955078 813.3948974609375 258.35015869140625 0.96885467 1.802992 0.78477913 2.4374795 1.0774707 10.253416 1.562227725982666 0.10339122265577316
Car 0.0 0 1.8639426231384277 0.0 43.6706657409668 286.63812255859375 370.0 3.9258885 1.5330296 1.6008577 -3.098273 1.1007371 4.3536425 1.245440125465393 0.4852769076824188
