Pedestrian 0.0 0 0.41263508796691895 530.885986328125 166.42491149902344 581.097900390625 253.1790008544922 0.8796374 1.7646856 0.61056495 -0.98505205 1.459281 15.045949 0.3472588062286377 0.7500836849212646
Pedestrian 0.0 0 -1.4216233491897583 739.4878540039062 160.94850158691406 801.147705078125 302.52703857421875 0.829994 1.6398121 0.62410945 2.0384789 1.4031255 8.818033 -1.1944425106048584 0.7316662073135376
Pedestrian 0.0 0 -1.6754000186920166 561.7699584960938 163.33892822265625 591.9922485351562 240.03260803222656 0.925439 1.7377269 0.6086837 -0.6175408 1.3274462 16.774427 -1.7121977806091309 0.69426429271698
Pedestrian 0.0 0 -2.0058531761169434 624.3114013671875 166.19747924804688 671.4068603515625 252.96902465820312 0.8832227 1.7461573 0.6681646 0.9212496 1.4394593 14.985972 -1.9444563388824463 0.6829552054405212
Pedestrian 0.0 0 -1.733560562133789 600.517822265625 163.03903198242188 633.990234375 240.58924865722656 0.96618605 1.7556524 0.63017166 0.32422993 1.3389298 16.782883 -1.7142438888549805 0.6142548322677612
Pedestrian 0.0 0 1.8373641967773438 332.605224609375 166.072998046875 366.72796630859375 236.4229278564453 0.71661717 1.7506034 0.65442103 -6.422685 1.3679007 18.253443 1.499031901359558 0.5501487255096436
Pedestrian 0.0 0 1.7880938053131104 653.3515625 141.12997436523438 738.4823608398438 322.5820617675781 0.9831004 1.7349933 0.6830909 0.9510918 1.3503596 7.443897 1.9151732921600342 0.5128853917121887
Pedestrian 0.0 0 -1.2913070917129517 1145.0023193359375 136.40304565429688 1238.0 309.86993408203125 0.8294511 1.6997764 0.61289674 6.174644 1.259248 7.524026 -0.6040967702865601 0.39914456009864807
Pedestrian 0.0 0 -1.659034252166748 971.4631958007812 156.42388916015625 1014.3991088867188 245.3781280517578 0.74106497 1.7444947 0.6988218 7.885749 1.2539736 14.56352 -1.1627614498138428 0.27551987767219543
Pedestrian 0.0 0 -1.716461181640625 1106.5928955078125 118.45613861083984 1177.30615234375 257.62628173828125 0.6819992 1.7917523 0.668042 7.2358484 0.9814236 9.704365 -1.0757639408111572 0.27053776383399963
Pedestrian 0.0 0 -1.6164727210998535 995.00927734375 141.2222137451172 1038.29248046875 241.0272216796875 0.7000534 1.770272 0.65426785 7.576815 1.0571254 13.199656 -1.0953781604766846 0.2601238191127777
Cyclist 0.0 0 0.5688021779060364 193.0648956298828 161.8543701171875 282.6970520019531 238.39292907714844 1.8173732 1.7517806 0.6401123 -8.548588 1.3033506 16.846817 0.0992279052734375 0.4125903248786926
Cyclist 0.0 0 -1.7409586906433105 600.8394775390625 162.89065551757812 634.2742309570312 241.3358612060547 0.992184 1.7724104 0.6174531 0.33061558 1.3531601 16.764383 -1.7212399244308472 0.1774226874113083
Cyclist 0.0 0 -1.2619810104370117 1135.49755859375 138.58843994140625 1238.0 312.617919921875 0.93230414 1.6895347 0.626297 6.087158 1.2743064 7.4884906 -0.5794425010681152 0.14980822801589966
Cyclist 0.0 0 -1.6747608184814453 561.865966796875 163.33697509765625 591.9071655273438 241.04664611816406 0.9810959 1.7563635 0.59832895 -0.61750424 1.3470638 16.760586 -1.711586833000183 0.12452802062034607
Car 0.0 0 1.9088740348815918 301.31390380859375 156.77691650390625 516.4240112304688 297.2496643066406 4.476434 1.7072742 1.7286072 -2.683582 1.4081365 11.040961 1.670440673828125 0.7764830589294434
Car 0.0 0 1.6295568943023682 392.7691345214844 156.45457458496094 458.7168884277344 220.39273071289062 4.0202208 1.6818147 1.6351808 -5.0723524 1.0241941 21.015457 1.392723560333252 0.25757133960723877
