Pedestrian 0.0 0 -0.5503332614898682 769.3362426757812 161.18202209472656 804.423095703125 217.79220581054688 0.91454923 1.8345958 0.6615829 5.7942724 1.4566938 23.835646 -0.31186604499816895 0.14324286580085754
Pedestrian 0.0 0 -3.286795139312744 1041.357666015625 114.97749328613281 1082.40087890625 208.82093811035156 0.6201431 1.8525598 0.62829435 9.11589 0.71037954 14.653021 -2.730271816253662 0.12624062597751617
Pedestrian 0.0 0 -2.78530216217041 395.9945373535156 173.22671508789062 417.5063781738281 216.6531524658203 0.6823611 1.7661146 0.61066747 -8.398638 1.7819765 29.679035 -3.0610740184783936 0.12438102811574936
Pedestrian 0.0 0 2.85528564453125 798.7839965820312 144.9463348388672 829.1636962890625 197.48313903808594 0.92879295 1.88164 0.5928272 7.3408937 0.8824665 26.141815 3.1290457248687744 0.12099261581897736
Cyclist 0.0 0 -2.1500539779663086 1117.51806640625 201.0017547607422 1233.751220703125 340.0002746582031 1.6439232 1.6611869 0.39735863 7.5584784 2.0762775 9.79354 -1.4927575588226318 0.5966702103614807
Cyclist 0.0 0 -2.792360305786133 406.4422302246094 170.47113037109375 442.1181335449219 202.21397399902344 1.8659142 1.8192047 0.7270498 -10.787644 1.6829982 41.800976 -3.0449211597442627 0.18336960673332214
Car 0.0 0 -2.009262800216675 772.3231201171875 189.0413818359375 1137.7999267578125 375.0 4.260425 1.4192095 1.6228523 3.055863 1.6389779 7.6047363 -1.6271740198135376 0.8651267290115356
Car 0.0 0 -1.711134433746338 646.71826171875 170.31336975097656 715.7053833007812 230.18045043945312 4.35882 1.8395239 1.7006449 2.259906 1.7618167 24.385447 -1.61872398853302 0.575050413608551
Car 0.0 0 2.371450424194336 511.1624755859375 180.27786254882812 558.899658203125 201.5390167236328 3.597491 1.5559106 1.586309 -5.816372 2.1519775 56.006985 2.267970561981201 0.3765755295753479
Car 0.0 0 -2.8751556873321533 403.818603515625 173.84959411621094 477.82647705078125 199.77684020996094 3.9259884 1.4824034 1.6258935 -9.89191 1.5422165 42.20285 -3.10538911819458 0.16412928700447083
Car 0.0 0 -2.69913387298584 328.473388671875 165.85028076171875 464.20892333984375 218.14451599121094 3.9135659 1.6274016 1.677002 -6.9795694 1.4098034 23.581572 -2.9868946075439453 0.14865610003471375
