Pedestrian 0.0 0 -1.567820429801941 395.57501220703125 176.0554962158203 410.3117980957031 213.64431762695312 0.9096101 1.7465675 0.6618354 -9.8356695 1.9007686 34.141582 -1.8483102321624756 0.23383019864559174
Pedestrian 0.0 0 2.9266483783721924 124.9637451171875 171.48265075683594 173.84820556640625 260.39532470703125 0.7160468 1.763826 0.67860353 -9.502257 1.7369792 14.804012 2.3560094833374023 0.20084959268569946
Pedestrian 0.0 0 -1.6639165878295898 873.52001953125 158.95126342773438 887.0196533203125 195.29681396484375 0.6334869 1.945616 0.62639153 14.573364 1.2017456 39.00951 -1.306387186050415 0.13853083550930023
Cyclist 0.0 0 -1.144171953201294 75.21251678466797 189.661865234375 111.87126159667969 243.9727783203125 1.5935574 1.6586838 0.33751038 -16.741508 2.222046 23.35184 -1.7661665678024292 0.3590720593929291
Cyclist 0.0 0 -1.5690158605575562 395.46807861328125 175.73736572265625 410.3724060058594 213.37884521484375 1.0550146 1.7458324 0.66820276 -9.840698 1.885078 34.153442 -1.8495492935180664 0.13259750604629517
Car 0.0 0 1.7816280126571655 419.9229431152344 178.22219848632812 475.1723937988281 214.8370819091797 4.074332 1.5486168 1.6598198 -7.4276114 1.810912 33.15913 1.561266541481018 0.7676581740379333
Car 0.0 0 -1.4378032684326172 579.9400634765625 175.2919158935547 601.8828125 191.40341186523438 3.7788415 1.4534427 1.5710381 -1.7808694 1.688996 67.64449 -1.464124083518982 0.24573054909706116
Car 0.0 0 1.1252611875534058 851.8426513671875 202.3038330078125 1242.0 375.0 4.099704 1.4521041 1.6213368 2.8019571 1.7273005 4.610054 1.6713908910751343 0.17775216698646545
Car 0.0 0 1.997999668121338 466.2411804199219 174.4180145263672 506.9595947265625 195.15557861328125 3.840799 1.5036346 1.5950435 -9.33276 1.6270013 54.685524 1.8289659023284912 0.1579795926809311
Car 0.0 0 1.9950703382492065 77.63101959228516 196.09133911132812 140.25538635253906 223.34127807617188 3.9378972 1.4653251 1.6982621 -30.812319 2.964655 44.451496 1.3889448642730713 0.15708670020103455
Car 0.0 0 1.4515800476074219 252.75389099121094 196.84576416015625 285.587646484375 220.56805419921875 3.5563617 1.4760329 1.6747359 -24.04554 3.2301602 50.789757 1.009411096572876 0.13849474489688873
