Pedestrian 0.0 0 -3.4764206409454346 1113.69921875 198.77191162109375 1163.76318359375 272.55517578125 0.8136403 1.7731494 0.74843895 13.235481 2.442612 18.14827 -2.846301555633545 0.3965708911418915
Pedestrian 0.0 0 1.1220186948776245 690.6671752929688 187.00965881347656 710.1589965820312 217.10415649414062 1.4900721 1.8161582 0.62255967 5.611673 2.717257 45.104122 1.2457985877990723 0.1948196291923523
Pedestrian 0.0 0 0.93373042345047 1118.9725341796875 42.77327346801758 1242.0 300.6831970214844 0.9917762 1.873311 0.6335412 4.6541276 0.9288366 5.747322 1.614412784576416 0.15239295363426208
Pedestrian 0.0 0 -1.9586924314498901 1190.2169189453125 207.5496063232422 1242.0 297.56878662109375 1.4283408 1.7444371 0.7088051 13.066326 2.5222688 15.376774 -1.2543468475341797 0.12015675008296967
Cyclist 0.0 0 -2.1391804218292236 1162.1607666015625 201.87901306152344 1242.0 291.4207763671875 1.8858546 1.7670263 0.74118537 13.088193 2.4446714 15.853079 -1.4490275382995605 0.33583495020866394
Cyclist 0.0 0 1.1420897245407104 689.995849609375 186.59483337402344 710.2586059570312 216.78257751464844 1.682407 1.8153394 0.610553 5.590863 2.6915553 45.094913 1.2654402256011963 0.31445178389549255
Cyclist 0.0 0 -1.9116806983947754 1185.5855712890625 101.3194351196289 1242.0 213.86581420898438 1.620874 1.7374543 0.44730568 10.093758 0.63348484 11.973424 -1.211256742477417 0.2957230508327484
Cyclist 0.0 0 -1.5508705377578735 109.72508239746094 188.21437072753906 138.0662841796875 252.20220947265625 1.7676404 1.6628486 0.6224674 -13.570623 2.1104834 20.096443 -2.1448090076446533 0.20862720906734467
Cyclist 0.0 0 -3.448397159576416 1111.167236328125 197.6309356689453 1164.1871337890625 271.5946350097656 0.89245623 1.7731336 0.7359336 13.182093 2.4124286 18.113588 -2.819291353225708 0.1171770840883255
Car 0.0 0 1.7000459432601929 433.4689025878906 173.34521484375 475.6321105957031 212.50537109375 4.2058725 1.9569228 1.6581827 -8.21932 1.9848108 38.272404 1.488500714302063 0.2586589455604553
Car 0.0 0 1.6620925664901733 896.6732788085938 182.70947265625 946.7337646484375 220.91046142578125 3.77881 1.4664414 1.6251137 13.3096695 1.9155023 30.79977 2.06999135017395 0.1823013424873352
Car 0.0 0 1.994149923324585 217.25820922851562 186.66473388671875 288.55828857421875 220.2853240966797 4.2417474 1.557658 1.7138239 -18.412722 2.3139539 37.341637 1.5360469818115234 0.13991323113441467
