Pedestrian 0.0 0 -0.48744523525238037 836.5589599609375 148.27317810058594 941.7963256835938 299.7302551269531 1.028399 1.7420688 0.5550107 3.3368049 1.3730782 8.460678 -0.11178459227085114 0.8323556184768677
Pedestrian 0.0 0 -1.5279805660247803 839.5604858398438 174.6114501953125 868.317138671875 245.65676879882812 0.8168389 1.7438592 0.6524427 6.2545085 1.6009184 17.85033 -1.1909618377685547 0.2318345606327057
Pedestrian 0.0 0 -3.4099183082580566 823.0933837890625 185.57733154296875 867.0715942382812 275.9527893066406 0.6716404 1.737221 0.65296423 4.6920733 1.8416733 13.969462 -3.085876941680908 0.1674216389656067
Pedestrian 0.0 0 2.23781681060791 252.22422790527344 170.30889892578125 307.74517822265625 263.24493408203125 0.74408144 1.7368162 0.6551336 -6.306766 1.5479984 13.646444 1.8049012422561646 0.16138677299022675
Pedestrian 0.0 0 -3.360034465789795 830.6937866210938 142.59393310546875 880.360107421875 244.6577606201172 0.7231021 1.7782544 0.5988824 4.429439 1.1194636 12.653925 -3.023319959640503 0.13611412048339844
Pedestrian 0.0 0 2.6621053218841553 747.7798461914062 129.812255859375 812.3713989257812 236.5638427734375 0.9187065 1.8069724 0.6095731 3.010988 0.95063496 12.368665 2.900897264480591 0.13077078759670258
Pedestrian 0.0 0 -0.21453873813152313 636.7692260742188 170.14791870117188 696.3590698242188 269.4050598144531 0.977476 1.7697816 0.62216496 1.0762599 1.5868437 12.974506 -0.1317763328552246 0.12747777998447418
Pedestrian 0.0 0 1.5039544105529785 964.22412109375 137.34298706054688 1014.1866455078125 253.46258544921875 1.7104266 1.7539427 0.595814 6.2160764 1.1037327 11.576622 1.9967238903045654 0.11072049289941788
Cyclist 0.0 0 -2.2950546741485596 0.0 178.7659912109375 78.69283294677734 261.22381591796875 1.909282 1.5964185 0.7450818 -11.77979 1.5644796 14.198336 -2.9876210689544678 0.31288909912109375
Cyclist 0.0 0 1.5039544105529785 964.22412109375 137.34298706054688 1014.1866455078125 253.46258544921875 1.7104266 1.7539427 0.595814 6.2160764 1.1037327 11.576622 1.9967238903045654 0.28850364685058594
Cyclist 0.0 0 0.48166391253471375 39.21413803100586 189.00167846679688 112.79890441894531 248.70639038085938 1.5758379 1.672133 0.6529616 -15.257205 1.924127 20.37348 -0.161117285490036 0.13877147436141968
Cyclist 0.0 0 -0.5086972117424011 840.2802124023438 148.9622344970703 953.1322021484375 300.2143859863281 1.1262764 1.7382476 0.5449469 3.4271574 1.3774878 8.460642 -0.1238272562623024 0.12857584655284882
Car 0.0 0 2.2989892959594727 0.0 188.01742553710938 125.9825439453125 239.0135040283203 4.1934633 1.5157993 1.6312017 -18.483667 1.7931436 23.79078 1.6384773254394531 0.22359411418437958
