Pedestrian 0.0 0 2.984261989593506 227.49607849121094 168.51956176757812 259.9309997558594 233.99441528320312 0.73112494 1.8141085 0.618368 -10.43292 1.6943724 20.453949 2.51259183883667 0.19120699167251587
Pedestrian 0.0 0 1.5004862546920776 455.044677734375 167.69515991210938 467.7828063964844 201.99148559570312 1.1376643 1.8184018 0.59223527 -8.047597 1.5452368 38.881207 1.296389102935791 0.16462931036949158
Pedestrian 0.0 0 -1.2498798370361328 663.8890991210938 176.18336486816406 690.5594482421875 231.39163208007812 0.6757121 1.6988059 0.6567265 2.0719037 1.8059273 22.69386 -1.1588342189788818 0.15149813890457153
Pedestrian 0.0 0 -0.9556499719619751 643.5914916992188 177.56089782714844 666.786376953125 218.77993774414062 0.7709035 1.6572709 0.6194205 1.8148812 1.8540648 29.615112 -0.8944442272186279 0.14851070940494537
Pedestrian 0.0 0 -1.6164873838424683 333.5406188964844 176.39401245117188 348.7433166503906 217.46051025390625 0.85250455 1.6915478 0.558643 -11.337876 1.8430679 30.305935 -1.9744811058044434 0.14557556807994843
Pedestrian 0.0 0 0.1700396090745926 425.3778076171875 169.1993865966797 448.6578674316406 221.680419921875 0.6747194 1.7608634 0.6282229 -5.923937 1.6385999 24.542486 -0.06680485606193542 0.1257409006357193
Pedestrian 0.0 0 -2.361504316329956 282.70068359375 175.83285522460938 311.4960021972656 227.2887420654297 0.6842962 1.7610459 0.6179875 -10.949273 1.8669493 25.150795 -2.772104501724243 0.1055474579334259
Cyclist 0.0 0 1.4857354164123535 454.7711486816406 167.52798461914062 468.006591796875 202.11993408203125 1.2866693 1.8300084 0.58929956 -8.047233 1.5486052 38.869205 1.281585931777954 0.18026480078697205
Cyclist 0.0 0 -1.4307012557983398 629.1082153320312 174.2696533203125 640.429443359375 204.2407684326172 1.6711041 1.7465669 0.44714507 1.4483362 1.8329629 42.98791 -1.3970222473144531 0.10511726140975952
Car 0.0 0 -1.5393650531768799 574.04833984375 175.25567626953125 601.3628540039062 199.46511840820312 3.6384897 1.4387978 1.5935835 -1.390268 1.5952064 45.059925 -1.57020902633667 0.5859833359718323
Car 0.0 0 -1.478218913078308 544.4320068359375 172.96078491210938 570.4560546875 193.0572967529297 3.9353127 1.4664655 1.6109873 -3.9723558 1.4752052 54.653168 -1.550774335861206 0.4305824935436249
Car 0.0 0 -2.1910862922668457 1014.83935546875 211.85482788085938 1242.0 375.0 3.814423 1.400912 1.5671024 3.7801929 1.7225654 3.9413714 -1.4265588521957397 0.1497800499200821
