Pedestrian 0.0 0 0.29235655069351196 807.9178466796875 138.89373779296875 897.5813598632812 277.1235046386719 1.0083638 1.8026448 0.7299825 3.3903227 1.2617346 9.806632 0.6252110004425049 0.6211624145507812
Pedestrian 0.0 0 0.31986451148986816 465.22833251953125 138.1826171875 557.3829956054688 300.03509521484375 0.9167035 1.8077961 0.64958644 -1.1342682 1.3368225 8.295503 0.1839742660522461 0.6116583347320557
Pedestrian 0.0 0 0.9495512843132019 0.0 183.97665405273438 30.489044189453125 227.17466735839844 0.79597837 1.7162408 0.6797519 -23.909222 1.8604096 28.583355 0.252962589263916 0.5374273061752319
Pedestrian 0.0 0 3.088404417037964 461.3482360839844 143.6769561767578 541.4978637695312 289.1766052246094 0.9955454 1.8078928 0.55389327 -1.3997381 1.3520294 9.152848 2.9366509914398193 0.5355444550514221
Pedestrian 0.0 0 2.3508572578430176 136.24456787109375 109.81737518310547 221.88914489746094 242.5325469970703 0.85456276 1.8352575 0.6549149 -6.2129807 0.8594887 10.264432 1.8065555095672607 0.5056148767471313
Pedestrian 0.0 0 0.5191523432731628 975.093017578125 125.63107299804688 1051.52197265625 255.5781707763672 0.744447 1.7835144 0.6188782 5.8237824 1.032112 10.176954 1.0389189720153809 0.40550482273101807
Pedestrian 0.0 0 -1.0978899002075195 279.78265380859375 173.27162170410156 331.3100891113281 259.5517883300781 0.8014054 1.7666904 0.7150676 -6.339096 1.6203054 14.897632 -1.5001927614212036 0.3774545192718506
Pedestrian 0.0 0 -0.8467637300491333 66.73007202148438 166.4225616455078 164.5752716064453 268.9241638183594 1.4949684 1.6831971 0.56143594 -8.567673 1.4536808 12.381069 -1.4520988464355469 0.18471728265285492
Cyclist 0.0 0 -0.2305118441581726 513.9554443359375 152.09042358398438 635.1416625976562 267.21722412109375 1.8090292 1.72843 0.6691367 -0.53393996 1.3035704 11.180276 -0.2782329022884369 0.7000621557235718
Cyclist 0.0 0 -0.7967492938041687 56.830223083496094 166.84136962890625 164.24557495117188 269.6001892089844 1.6149048 1.6639118 0.56300557 -8.583278 1.4443991 12.286461 -1.406532645225525 0.36020350456237793
Cyclist 0.0 0 2.100616455078125 0.0 184.5402374267578 30.564783096313477 227.54629516601562 0.86269075 1.7047887 0.638048 -23.886822 1.8724121 28.590807 1.4046173095703125 0.11160938441753387
Cyclist 0.0 0 0.19166624546051025 812.54345703125 139.9634552001953 899.9014282226562 277.78033447265625 1.0225334 1.7967571 0.72415316 3.4336362 1.269945 9.783674 0.5291922092437744 0.11013860255479813
Car 0.0 0 -0.8578909635543823 0.0 203.46109008789062 324.8631286621094 370.0 3.878754 1.431231 1.589244 -3.2096157 1.6237864 3.9126353 -1.5449002981185913 0.6994404792785645
Car 0.0 0 1.8048348426818848 447.0149841308594 168.97195434570312 485.9865417480469 194.4821014404297 3.7259712 1.5286175 1.574359 -8.622726 0.8391992 44.256893 1.6124119758605957 0.5801897048950195
Car 0.0 0 2.1615543365478516 1160.6080322265625 145.6985626220703 1224.0 184.88954162597656 3.932283 1.5531895 1.6329511 25.347063 0.17546116 29.322996 2.874354362487793 0.29245078563690186
