Pedestrian 0.0 0 0.8839117884635925 271.5702819824219 174.89076232910156 325.2849426269531 264.62213134765625 0.7550431 1.7774526 0.68629557 -6.3163204 1.667971 14.4780445 0.4725351333618164 0.41703879833221436
Pedestrian 0.0 0 3.3262856006622314 113.71052551269531 101.57460021972656 208.09092712402344 242.64556884765625 1.0096006 1.8584216 0.63414234 -6.1680613 0.820358 9.790265 2.764084577560425 0.36045119166374207
Pedestrian 0.0 0 -0.009531736373901367 996.3200073242188 113.98890686035156 1064.0792236328125 250.54638671875 0.78135353 1.8003728 0.55267215 5.805647 0.9251642 9.75217 0.5274384021759033 0.29396718740463257
Pedestrian 0.0 0 1.7774797677993774 362.1247253417969 177.21270751953125 381.1238708496094 211.0478973388672 1.7511039 1.7037911 0.58700997 -12.0506935 1.5396847 36.501804 1.458606243133545 0.11123978346586227
Pedestrian 0.0 0 -1.9287607669830322 877.9146728515625 153.40440368652344 903.8217163085938 192.28758239746094 1.8550744 1.7953423 0.52020496 13.542939 0.5457201 33.575264 -1.5453606843948364 0.10160857439041138
Cyclist 0.0 0 1.774739384651184 362.4561462402344 176.75257873535156 381.1623229980469 210.5762481689453 1.7790158 1.7065306 0.57326514 -12.068407 1.5188859 36.58477 1.4561043977737427 0.49677416682243347
Cyclist 0.0 0 -1.9374107122421265 878.101318359375 153.42384338378906 904.216552734375 191.8817138671875 1.8450372 1.7740636 0.5180011 13.541633 0.5264943 33.538055 -1.5536593198776245 0.3879902958869934
Cyclist 0.0 0 -1.924994945526123 974.1602172851562 132.23876953125 1024.4366455078125 204.86776733398438 1.8158443 1.819362 0.5567967 10.331542 0.6120089 18.646236 -1.4190232753753662 0.3317505717277527
Cyclist 0.0 0 3.361067533493042 111.2336196899414 102.42066955566406 212.74737548828125 244.3591766357422 1.0817006 1.8699793 0.63039744 -6.1494436 0.8429906 9.788203 2.8001341819763184 0.1351415514945984
Car 0.0 0 1.4375146627426147 440.11492919921875 174.4351043701172 481.1590881347656 205.18336486816406 3.733593 1.4892589 1.5713254 -7.4617734 1.1969528 36.26167 1.2345716953277588 0.8145533800125122
Car 0.0 0 1.8382155895233154 203.97622680664062 182.00184631347656 286.1527404785156 226.95925903320312 4.4879937 1.600537 1.7382771 -13.988607 1.665895 27.696634 1.3705239295959473 0.7536930441856384
Car 0.0 0 -0.4462146759033203 1007.0711059570312 152.04379272460938 1180.4808349609375 203.01968383789062 4.3990893 1.5982817 1.7212003 15.969843 0.70762765 23.350681 0.15363311767578125 0.7495649456977844
Car 0.0 0 -0.7928113341331482 0.0 208.1923370361328 292.4403991699219 370.0 3.9423418 1.4246256 1.5915741 -3.2309387 1.6359063 3.364603 -1.5579464435577393 0.7016342878341675
