Pedestrian 0.0 0 1.5418612957000732 729.0774536132812 147.8856658935547 765.9061279296875 234.96954345703125 0.8992365 1.7787415 0.7325921 3.0353062 1.0933883 15.174493 1.7392827272415161 0.6961534023284912
Pedestrian 0.0 0 1.0383634567260742 833.1687622070312 140.50860595703125 897.5743408203125 264.3199157714844 0.74022394 1.7110425 0.5712654 3.7418752 1.145872 10.340991 1.3855547904968262 0.6746584177017212
Pedestrian 0.0 0 -0.22322654724121094 560.72412109375 157.6489715576172 611.672607421875 250.32962036132812 0.902049 1.8030604 0.6270574 -0.35089025 1.3403016 14.386781 -0.24761147797107697 0.6169389486312866
Pedestrian 0.0 0 -2.214989185333252 370.742919921875 188.00665283203125 448.0550231933594 305.2569274902344 0.7296458 1.5564259 0.7677636 -2.7464545 1.6541827 10.118253 -2.480038642883301 0.6060852408409119
Pedestrian 0.0 0 1.5083742141723633 511.0288391113281 160.6332550048828 543.4077758789062 242.0919647216797 0.83651173 1.7887437 0.6742153 -1.7222883 1.3317546 16.23999 1.402716875076294 0.5850969552993774
Pedestrian 0.0 0 1.4331451654434204 590.14501953125 165.0001678466797 610.8467407226562 213.8905029296875 0.93465483 1.7848549 0.64620435 -0.061812177 1.1835347 26.729702 1.4308326244354248 0.5445292592048645
Pedestrian 0.0 0 1.9411038160324097 402.6490478515625 158.26657104492188 451.44366455078125 251.87535095214844 0.85295725 1.7484351 0.65415204 -3.3968606 1.3157401 13.879886 1.701088786125183 0.45823150873184204
Pedestrian 0.0 0 -1.644187331199646 553.4191284179688 164.00685119628906 572.4508666992188 212.91650390625 1.0071682 1.8250499 0.64910614 -1.4916252 1.1733321 27.342722 -1.6986862421035767 0.4357721209526062
Pedestrian 0.0 0 -1.7612303495407104 601.964599609375 159.98658752441406 624.3822631835938 211.02163696289062 0.85792154 1.793232 0.6500492 0.39225775 1.0383705 25.716753 -1.7459784746170044 0.39640018343925476
Pedestrian 0.0 0 0.7693604230880737 419.852294921875 169.9546356201172 469.6129150390625 249.28184509277344 0.91630787 1.7760005 0.66926575 -3.6569438 1.5187361 16.604986 0.5525891780853271 0.35930630564689636
Pedestrian 0.0 0 1.9161072969436646 161.41734313964844 149.83187866210938 324.4508361816406 374.0 1.2764227 1.618739 0.61485547 -2.464637 1.4298688 4.982741 1.4567610025405884 0.31703466176986694
Pedestrian 0.0 0 0.4508171081542969 628.2523193359375 160.02626037597656 685.8945922851562 221.2833709716797 1.6081171 1.7705005 0.6114981 1.6257057 1.1509868 21.427677 0.5265414714813232 0.15189668536186218
Pedestrian 0.0 0 1.0896661281585693 701.8347778320312 174.93893432617188 790.1375732421875 294.5706787109375 1.7116693 1.7027739 0.6067142 2.1513207 1.6107029 11.128631 1.2806247472763062 0.13088154792785645
Cyclist 0.0 0 1.494929313659668 532.8828735351562 164.3194580078125 560.8723754882812 229.40121459960938 1.8133582 1.7714713 0.6544354 -1.6032628 1.3049886 20.495995 1.4168651103973389 0.8015613555908203
Cyclist 0.0 0 1.8880656957626343 151.53684997558594 142.25030517578125 328.2158508300781 374.0 1.6416038 1.6278591 0.59612733 -2.4392803 1.405466 4.9480367 1.430050253868103 0.4505877196788788
Cyclist 0.0 0 1.0896661281585693 701.8347778320312 174.93893432617188 790.1375732421875 294.5706787109375 1.7116693 1.7027739 0.6067142 2.1513207 1.6107029 11.128631 1.2806247472763062 0.2846088409423828
Cyclist 0.0 0 0.4508171081542969 628.2523193359375 160.02626037597656 685.8945922851562 221.2833709716797 1.6081171 1.7705005 0.6114981 1.6257057 1.1509868 21.427677 0.5265414714813232 0.267274409532547
Cyclist 0.0 0 1.432468295097351 590.8456420898438 162.50668334960938 611.6226196289062 211.89529418945312 1.0458157 1.7964042 0.631425 -0.035222713 1.106609 26.687042 1.4311484098434448 0.2343200445175171
Cyclist 0.0 0 -1.7570056915283203 601.7562866210938 159.89578247070312 624.3805541992188 211.48458862304688 0.95750266 1.8069543 0.6405762 0.38705963 1.0513053 25.684153 -1.7419368028640747 0.1241719201207161
Cyclist 0.0 0 1.4939441680908203 729.5704345703125 146.73751831054688 768.4278564453125 234.92025756835938 0.9529549 1.7913986 0.7252258 3.0522008 1.0864538 15.107301 1.6932954788208008 0.11679991334676743
Cyclist 0.0 0 -1.6676385402679443 555.0559692382812 163.52151489257812 575.0643310546875 211.99180603027344 1.047294 1.8016397 0.65801686 -1.4073408 1.1344156 27.264418 -1.7192109823226929 0.11567933112382889
Cyclist 0.0 0 0.7533546090126038 417.53973388671875 170.4145965576172 470.0549011230469 249.53477478027344 1.0050718 1.7692928 0.66106856 -3.6783218 1.5226166 16.601501 0.5353114604949951 0.11024215817451477
