Pedestrian 0.0 0 1.4734615087509155 569.1348266601562 147.95635986328125 624.1561279296875 289.6579895019531 0.9445651 1.7216939 0.6113719 -0.17298709 1.3279642 9.090342 1.4544340372085571 0.8151170015335083
Pedestrian 0.0 0 -1.544670581817627 838.7021484375 175.16744995117188 866.3396606445312 244.6936798095703 0.93980765 1.7123315 0.64063394 6.2588677 1.5825957 17.961447 -1.209367275238037 0.20816342532634735
Pedestrian 0.0 0 -0.587561845779419 52.89473342895508 191.0397186279297 105.56698608398438 251.17495727539062 1.0438378 1.6711682 0.64046985 -15.232496 1.9866263 20.453192 -1.2276939153671265 0.20530733466148376
Pedestrian 0.0 0 -0.31115132570266724 633.6430053710938 171.10060119628906 696.80078125 271.3138122558594 1.0059015 1.7780735 0.6372542 1.0523635 1.612944 12.965094 -0.2301599085330963 0.19673651456832886
Pedestrian 0.0 0 -0.3497781455516815 822.049560546875 189.688720703125 871.1056518554688 279.4752197265625 0.7248959 1.718529 0.6797628 4.713418 1.9060123 13.947778 -0.02389337867498398 0.17532795667648315
Pedestrian 0.0 0 -1.2280956506729126 484.65423583984375 166.63963317871094 535.843505859375 265.80731201171875 1.0257057 1.7703077 0.6418236 -1.7951243 1.5245194 13.184961 -1.3634129762649536 0.13720953464508057
Pedestrian 0.0 0 -2.034477710723877 1114.7894287109375 189.17359924316406 1224.0 370.0 0.6630374 1.6657537 0.6659656 4.327715 1.7376891 5.32397 -1.3519362211227417 0.12934499979019165
Pedestrian 0.0 0 1.5071508884429932 966.1010131835938 142.2432403564453 1014.9452514648438 259.1405029296875 1.7004321 1.7652783 0.5846874 6.2332983 1.1892194 11.566876 2.0014259815216064 0.11490780115127563
Pedestrian 0.0 0 -1.7561862468719482 75.39952087402344 157.88082885742188 126.90814208984375 251.47488403320312 1.5008613 1.6585815 0.5124688 -9.48571 1.25939 13.2285795 -2.3782715797424316 0.1030004620552063
Cyclist 0.0 0 -1.579216480255127 82.76834869384766 159.44618225097656 116.52432250976562 254.56320190429688 1.7216848 1.6642021 0.4864078 -9.493686 1.2974814 13.204126 -2.2025766372680664 0.26900237798690796
Cyclist 0.0 0 1.5071508884429932 966.1010131835938 142.2432403564453 1014.9452514648438 259.1405029296875 1.7004321 1.7652783 0.5846874 6.2332983 1.1892194 11.566876 2.0014259815216064 0.24109366536140442
Cyclist 0.0 0 -2.1090168952941895 0.0 176.98468017578125 63.91989517211914 261.35845947265625 1.8566457 1.6229795 0.6738699 -11.9245205 1.5569934 14.218717 -2.806884288787842 0.20064133405685425
Cyclist 0.0 0 0.3295653462409973 45.92537307739258 191.30015563964844 103.26222229003906 251.673095703125 1.1606855 1.6809853 0.6951291 -15.301061 2.0016317 20.374113 -0.314578652381897 0.1870015263557434
Cyclist 0.0 0 -1.8396844863891602 842.09619140625 143.50502014160156 902.6221313476562 251.72605895996094 1.7008168 1.7471588 0.5406612 4.563802 1.1515523 12.280539 -1.483872652053833 0.14750048518180847
Cyclist 0.0 0 1.4734615087509155 569.1348266601562 147.95635986328125 624.1561279296875 289.6579895019531 0.9445651 1.7216939 0.6113719 -0.17298709 1.3279642 9.090342 1.4544340372085571 0.1175946295261383
Car 0.0 0 1.654184103012085 53.97348403930664 187.0802764892578 117.14002227783203 231.2398681640625 3.8346243 1.463913 1.5631789 -19.103357 1.7272478 26.085981 1.0220928192138672 0.2085385024547577
