Pedestrian 0.0 0 -1.6815874576568604 783.393310546875 148.23597717285156 814.9701538085938 225.06455993652344 0.880757 1.8139557 0.64503354 4.5332713 1.2330718 17.514778 -1.4283198118209839 0.48602449893951416
Pedestrian 0.0 0 -0.28303882479667664 803.7940673828125 96.87454986572266 892.9930419921875 252.92428588867188 0.8957138 1.7970098 0.5195653 2.7638304 0.92241704 8.578708 0.028634309768676758 0.32145920395851135
Pedestrian 0.0 0 2.035128593444824 166.79541015625 135.10939025878906 220.2510528564453 226.53170776367188 0.92169595 1.8499184 0.6220888 -8.736685 1.0865191 15.076389 1.5099232196807861 0.27263233065605164
Cyclist 0.0 0 1.9893211126327515 209.3749237060547 167.1371307373047 353.4731750488281 367.0487365722656 1.8886299 1.7072827 0.56774956 -3.1977797 1.6588174 7.1048756 1.5663986206054688 0.677950918674469
Cyclist 0.0 0 -1.0473357439041138 63.32305908203125 122.10177612304688 162.85789489746094 242.90162658691406 1.7469741 1.7449042 0.4760346 -7.7818775 1.012167 11.309156 -1.6500332355499268 0.2629619836807251
Cyclist 0.0 0 -1.0926358699798584 671.469482421875 168.35464477539062 690.3638916015625 195.7803192138672 1.7110767 1.7511139 0.4919805 4.5881395 1.4641906 46.918613 -0.9951565265655518 0.2015574872493744
Car 0.0 0 1.8132424354553223 459.77801513671875 179.14903259277344 528.8884887695312 223.3896484375 4.1658673 1.5148872 1.6407439 -4.349466 1.7735587 27.459942 1.6561543941497803 0.8005707263946533
Car 0.0 0 2.073946952819824 0.0 186.78260803222656 333.77398681640625 356.7266540527344 4.145937 1.4955407 1.6230253 -4.9926457 1.7055396 8.772896 1.5565587282180786 0.6952559351921082
Car 0.0 0 -1.5589205026626587 675.4926147460938 175.73583984375 717.17333984375 215.6788787841797 3.3967075 1.503728 1.5786594 3.4675121 1.6278778 29.205008 -1.4407436847686768 0.5503740906715393
Car 0.0 0 1.8560295104980469 639.3758544921875 171.882080078125 666.5332641601562 188.77249145507812 3.697484 1.5354193 1.563837 4.0333004 1.4474249 67.59278 1.9156293869018555 0.2468022257089615
