Pedestrian 0.0 0 3.1887049674987793 377.9473571777344 151.84271240234375 408.4862365722656 217.58583068847656 0.80494565 1.8264042 0.59830683 -5.9180503 1.0036485 20.33837 2.9055442810058594 0.5109414458274841
Pedestrian 0.0 0 0.9361587166786194 859.68505859375 166.17535400390625 941.5547485351562 299.62017822265625 0.8300549 1.7494702 0.6798246 4.060818 1.5498927 9.899971 1.3254141807556152 0.46802330017089844
Pedestrian 0.0 0 1.6385260820388794 470.5935363769531 135.863525390625 497.5855407714844 212.96046447753906 0.80626625 1.8783308 0.6141354 -2.9548256 0.767671 17.928957 1.4751869440078735 0.36640986800193787
Pedestrian 0.0 0 -1.7344012260437012 737.4271850585938 158.36167907714844 770.2598266601562 230.2410125732422 0.7006172 1.7964833 0.71218544 3.8452356 1.219371 18.31617 -1.5274697542190552 0.3563728332519531
Pedestrian 0.0 0 -1.431701421737671 701.1474609375 155.80484008789062 714.915283203125 193.53985595703125 0.7132656 1.9092423 0.6049026 5.4530334 0.610041 36.769844 -1.2844727039337158 0.2999940514564514
Pedestrian 0.0 0 -1.0926976203918457 553.4320068359375 159.63641357421875 569.9086303710938 194.22286987304688 0.78625435 1.8929912 0.6199806 -2.2024546 0.6971717 39.7991 -1.1479805707931519 0.2433694452047348
Pedestrian 0.0 0 -2.0238866806030273 677.9200439453125 167.75587463378906 727.4944458007812 250.23634338378906 1.07963 1.7561016 0.6802211 2.1927862 1.4647034 15.910346 -1.8869280815124512 0.23530158400535583
Pedestrian 0.0 0 -0.3478013873100281 635.2869262695312 158.979736328125 646.476318359375 188.56488037109375 0.5490226 1.9695174 0.68453443 2.656871 0.47099343 48.224754 -0.29276353120803833 0.2001105695962906
Pedestrian 0.0 0 2.216400384902954 0.0 141.4276580810547 260.5459289550781 374.0 1.8105072 1.6475041 0.55837625 -2.7049522 1.4763391 4.0100193 1.6229609251022339 0.10971804708242416
Cyclist 0.0 0 1.932948112487793 296.1642761230469 157.7030029296875 429.1935119628906 372.8299255371094 1.7550392 1.687058 0.5572452 -2.138184 1.5018321 6.5199027 1.6160528659820557 0.7452176213264465
Cyclist 0.0 0 2.208515167236328 0.0 146.66566467285156 253.8956756591797 374.0 1.783686 1.6328592 0.5539245 -2.7040505 1.4861196 3.9547331 1.6087782382965088 0.7448769807815552
Cyclist 0.0 0 -1.0255680084228516 944.0578002929688 167.9898223876953 1029.4522705078125 249.48121643066406 1.836579 1.6441162 0.7615277 8.171513 1.3727872 15.285557 -0.5346324443817139 0.3396826386451721
Cyclist 0.0 0 -2.0195348262786865 677.3193359375 167.2799072265625 728.486328125 250.5614776611328 1.1676425 1.7677585 0.67885315 2.1942902 1.4671493 15.904746 -1.882435917854309 0.18993623554706573
Car 0.0 0 1.8408161401748657 588.7373046875 167.13746643066406 638.4112548828125 197.17982482910156 4.1156306 1.545364 1.6702455 0.71904224 0.8074247 39.15853 1.8591763973236084 0.5229109525680542
Car 0.0 0 -1.6088757514953613 649.8111572265625 150.04270935058594 694.2679443359375 193.3714599609375 4.0650444 1.6966611 1.6904348 2.8888521 0.46587268 30.203432 -1.513519287109375 0.24199528992176056
