Pedestrian 0.0 0 1.7751786708831787 275.3218688964844 177.27464294433594 319.3532409667969 265.64788818359375 0.7268217 1.7578738 0.69652784 -6.334182 1.6953458 14.486719 1.3629859685897827 0.416126012802124
Pedestrian 0.0 0 3.337460994720459 116.95101165771484 113.30458068847656 207.98587036132812 253.10479736328125 0.971713 1.8507248 0.61969095 -6.1659713 0.9628408 9.818016 2.776688575744629 0.3533760607242584
Pedestrian 0.0 0 0.003268122673034668 996.0931396484375 113.18685150146484 1064.6585693359375 250.20208740234375 0.7900478 1.8041083 0.55391806 5.807943 0.91945523 9.745669 0.5407052040100098 0.28955623507499695
Pedestrian 0.0 0 -3.211034059524536 775.5042114257812 157.1616668701172 793.033935546875 189.99156188964844 0.93084973 1.8642896 0.6451308 10.268745 0.5403757 40.545876 -2.962987184524536 0.2413046807050705
Pedestrian 0.0 0 -1.2613362073898315 116.72901153564453 151.7443389892578 136.8928985595703 191.56057739257812 0.650802 1.9335667 0.6545404 -23.504997 0.53856593 34.73532 -1.8562450408935547 0.21115796267986298
Pedestrian 0.0 0 -1.9559540748596191 877.6770629882812 155.1211395263672 903.6102294921875 193.3277587890625 1.7862884 1.767095 0.5050636 13.539153 0.5947517 33.59041 -1.5728073120117188 0.1293915957212448
Cyclist 0.0 0 -1.9559540748596191 877.6770629882812 155.1211395263672 903.6102294921875 193.3277587890625 1.7862884 1.767095 0.5050636 13.539153 0.5947517 33.59041 -1.5728073120117188 0.5212149024009705
Cyclist 0.0 0 -1.8949095010757446 975.3842163085938 135.92657470703125 1023.8939819335938 208.7101593017578 1.8896605 1.8210076 0.5379302 10.34974 0.7073983 18.662956 -1.3885716199874878 0.48899638652801514
Cyclist 0.0 0 0.8889454007148743 1011.107666015625 154.39239501953125 1047.711181640625 194.1638946533203 1.7049743 1.8187879 0.51154107 19.898712 0.6263205 33.209156 1.428771734237671 0.18997544050216675
Cyclist 0.0 0 -0.015418201684951782 777.8504028320312 157.2908935546875 795.3130493164062 190.30442810058594 0.9596357 1.8744439 0.60891575 10.401848 0.55806106 40.547997 0.23569846153259277 0.12653449177742004
Cyclist 0.0 0 3.3658645153045654 112.46160888671875 113.8779296875 213.82052612304688 254.88186645507812 1.0860409 1.8647634 0.61284345 -6.150249 0.98536575 9.813819 2.80604887008667 0.10655985027551651
Car 0.0 0 -0.675955593585968 1039.19482421875 154.05319213867188 1201.4346923828125 204.32704162597656 4.080017 1.5513389 1.6586729 16.464094 0.736805 22.741922 -0.04933369159698486 0.791979968547821
Car 0.0 0 -0.779799222946167 0.0 211.7624053955078 292.8476867675781 370.0 3.9550128 1.4239812 1.5937787 -3.239617 1.6621649 3.348584 -1.5486592054367065 0.7253043055534363
Car 0.0 0 1.7474160194396973 0.0 183.53707885742188 45.88214874267578 214.20909118652344 4.061858 1.5567043 1.6201082 -31.854528 1.7326775 38.474686 1.0558722019195557 0.22685392200946808
