Pedestrian 0.0 0 -2.2478091716766357 1023.3894653320312 146.69935607910156 1068.2178955078125 216.37985229492188 0.8548278 1.8237944 0.63202316 11.628355 1.1395895 19.348822 -1.7066656351089478 0.27219250798225403
Pedestrian 0.0 0 0.26153236627578735 407.5642395019531 130.6551055908203 452.5060119628906 219.11895751953125 0.82427895 1.8835353 0.58588827 -3.9476411 0.98541176 15.65885 0.014575481414794922 0.21391664445400238
Pedestrian 0.0 0 -1.3559346199035645 1004.2329711914062 148.98825073242188 1067.090087890625 275.6131896972656 0.74400204 1.7906562 0.6615939 6.2619257 1.4535184 10.698547 -0.8263895511627197 0.2062545120716095
Cyclist 0.0 0 -1.7691044807434082 839.7904663085938 169.7646942138672 882.293701171875 243.47683715820312 1.9933946 1.745355 0.6189115 6.2230525 1.6725644 18.110683 -1.43813157081604 0.21917620301246643
Cyclist 0.0 0 -2.2428996562957764 1022.1145629882812 146.20272827148438 1070.3934326171875 216.5719757080078 0.9955133 1.8329403 0.62041104 11.622923 1.1391004 19.3254 -1.7014274597167969 0.12184597551822662
Car 0.0 0 1.2544595003128052 728.1536254882812 189.45472717285156 970.3517456054688 349.30804443359375 3.9262502 1.4639363 1.6052269 2.60883 1.7173821 9.007926 1.5363616943359375 0.8908249139785767
Car 0.0 0 1.8925085067749023 240.38487243652344 192.2797088623047 449.6368713378906 334.93505859375 3.61295 1.4837229 1.5564204 -3.3949428 1.7971749 9.8113985 1.559383511543274 0.8828216195106506
Car 0.0 0 -1.7724449634552002 685.896240234375 184.14093017578125 797.2142944335938 266.40386962890625 3.459726 1.4608482 1.5855997 2.561996 1.7240856 15.047216 -1.6037983894348145 0.8599252104759216
Car 0.0 0 1.4180095195770264 665.2483520507812 178.67822265625 745.1192016601562 241.20411682128906 3.7625217 1.5225503 1.5938842 2.4651659 1.6983273 19.825497 1.541717767715454 0.7511460781097412
Car 0.0 0 2.87294340133667 717.0328369140625 174.7326202392578 819.8583374023438 210.04388427734375 4.2687125 1.5534512 1.6902542 7.1125445 1.6417286 32.803673 3.0864601135253906 0.6780195236206055
