Pedestrian 0.0 0 1.4900914430618286 785.7039794921875 142.69195556640625 821.7515258789062 233.81576538085938 0.78246254 1.8542498 0.6656865 3.9995987 1.2408496 15.123539 1.7486342191696167 0.367927223443985
Pedestrian 0.0 0 1.0013985633850098 81.71710205078125 162.5052490234375 155.03280639648438 271.7818603515625 0.887148 1.802358 0.66539216 -8.480765 1.6320281 12.377322 0.4006843566894531 0.3563392460346222
Pedestrian 0.0 0 0.2545057535171509 655.89013671875 170.75350952148438 681.272216796875 201.35252380371094 1.4682474 1.859608 0.5319636 3.5675712 1.7323116 44.340057 0.3347921371459961 0.11703266948461533
Cyclist 0.0 0 0.22102928161621094 655.5650024414062 169.98953247070312 682.9432373046875 200.1654815673828 1.6001168 1.833463 0.52611786 3.6078784 1.6597784 44.32652 0.3022434711456299 0.2449379712343216
Cyclist 0.0 0 -1.6781021356582642 682.1375732421875 160.7980194091797 695.4429321289062 199.08111572265625 1.8467046 1.8099805 0.44356248 3.778981 1.2403457 35.03411 -1.5706517696380615 0.17805036902427673
Cyclist 0.0 0 0.9150049090385437 69.85989379882812 159.1031494140625 151.24200439453125 270.51104736328125 1.0204767 1.8360655 0.66009337 -8.598989 1.6098014 12.357442 0.3070662021636963 0.1121811717748642
Car 0.0 0 1.7989206314086914 398.52423095703125 185.9305419921875 501.834228515625 261.3711853027344 3.5602946 1.497343 1.5630851 -3.6294513 1.833426 16.73059 1.5852956771850586 0.8768618106842041
Car 0.0 0 2.9642744064331055 421.07586669921875 180.07379150390625 502.2497863769531 210.0259246826172 4.1373057 1.5508246 1.6818947 -8.188915 1.9634907 39.653103 2.7606234550476074 0.7627041339874268
Car 0.0 0 -1.4777953624725342 0.0 194.39224243164062 130.73268127441406 318.0948486328125 3.0489583 1.5055065 1.566645 -8.4098215 1.8877344 11.081758 -2.1269609928131104 0.48798882961273193
Car 0.0 0 2.059206008911133 473.488037109375 177.2918701171875 527.2797241210938 204.1754150390625 3.962866 1.566808 1.6423615 -6.794262 1.8565052 44.898174 1.9090195894241333 0.21612122654914856
Car 0.0 0 1.5257933139801025 521.9005126953125 180.029296875 549.572021484375 205.06832885742188 3.9311323 1.5315797 1.6248554 -4.9426622 2.0236573 47.37959 1.4218487739562988 0.18507228791713715
Car 0.0 0 2.796358346939087 641.7716674804688 171.55137634277344 697.2423095703125 191.6320037841797 4.014049 1.538689 1.6537333 4.6328616 1.4392321 56.606705 2.878019332885742 0.1706954687833786
