Car 0.0 0 2.0339739322662354 161.38758850097656 196.22637939453125 376.7554016113281 304.0177001953125 4.257654 1.4360178 1.6525229 -5.7438917 1.917955 12.705163 1.6093823909759521 0.8877954483032227
Car 0.0 0 -2.0441548824310303 809.4589233398438 185.19073486328125 1235.552001953125 375.0 4.1801186 1.4279661 1.600371 3.290825 1.5827678 6.917594 -1.6001207828521729 0.8870779275894165
Car 0.0 0 1.3967487812042236 689.1577758789062 179.56077575683594 759.9666137695312 233.0118865966797 3.5725956 1.4755611 1.5325458 3.387608 1.6987896 22.171383 1.5483680963516235 0.8859306573867798
Car 0.0 0 1.9153732061386108 423.4271240234375 183.47059631347656 501.8692626953125 227.28912353515625 4.155436 1.4788648 1.6244296 -5.569667 1.9169855 27.575567 1.716076135635376 0.8819928169250488
Car 0.0 0 -1.8255248069763184 733.8486328125 174.6114959716797 892.2184448242188 279.3321838378906 3.9166749 1.5062051 1.616134 3.2227523 1.5415432 12.399626 -1.5712436437606812 0.8749318718910217
Car 0.0 0 1.8636478185653687 333.9631652832031 189.865234375 434.9565734863281 257.21990966796875 3.450865 1.4795926 1.5261052 -5.6960735 1.9558408 18.451889 1.5642298460006714 0.8680777549743652
Car 0.0 0 -1.6942545175552368 654.6793823242188 176.99273681640625 695.064697265625 208.35093688964844 3.70037 1.4853969 1.583444 3.197808 1.7061844 36.54879 -1.6069825887680054 0.7969585061073303
Car 0.0 0 2.351912021636963 0.0 213.6513671875 120.01820373535156 375.0 3.9522367 1.4065342 1.5859483 -5.87842 1.8318129 5.508428 1.5340322256088257 0.633041501045227
Car 0.0 0 2.243159055709839 1086.8582763671875 168.44802856445312 1242.0 300.6091613769531 3.9214005 1.4133222 1.5617373 8.121886 1.3665628 8.782216 2.989513874053955 0.5771457552909851
Car 0.0 0 1.4482946395874023 674.728759765625 178.5615997314453 730.3353881835938 220.82180786132812 4.0971937 1.4792336 1.6219758 3.4508836 1.716173 27.855965 1.5715497732162476 0.5732873678207397
