Pedestrian 0.0 0 1.514172077178955 526.0010375976562 139.89622497558594 576.239990234375 262.5804443359375 0.9308038 1.8161906 0.72024876 -0.89734226 1.2167635 10.972609 1.4325734376907349 0.7259942293167114
Pedestrian 0.0 0 1.305960774421692 708.5028686523438 131.8996124267578 769.1091918945312 249.2904815673828 0.89711565 1.8264972 0.7537109 2.1090474 1.071976 11.474352 1.4877371788024902 0.5734575986862183
Pedestrian 0.0 0 1.609276533126831 243.2252197265625 120.03795623779297 288.3125915527344 235.34808349609375 1.0009813 1.8154494 0.6390212 -5.648783 0.8651877 11.713296 1.1599262952804565 0.5361283421516418
Pedestrian 0.0 0 1.1095771789550781 992.8128662109375 123.29049682617188 1162.6405029296875 370.0 0.8484238 1.6909928 0.6255164 3.0588653 1.3462677 4.733361 1.683301329612732 0.47581666707992554
Pedestrian 0.0 0 1.0364432334899902 860.3074951171875 136.01815795898438 1006.8159790039062 370.0 0.7865724 1.6824623 0.58603597 2.1626897 1.4057326 4.8452196 1.4562621116638184 0.46684640645980835
Pedestrian 0.0 0 -1.9210755825042725 43.44767761230469 153.50146484375 87.21505737304688 223.6625518798828 0.71851987 1.7759062 0.7002675 -14.066154 1.0941163 18.38008 -2.5742928981781006 0.3938840627670288
Pedestrian 0.0 0 -2.4056944847106934 246.24960327148438 152.06588745117188 368.86993408203125 349.7920227050781 0.8813154 1.7376797 0.6087947 -2.8348794 1.489494 6.640319 -2.809189558029175 0.37954390048980713
Pedestrian 0.0 0 1.5901899337768555 579.9042358398438 125.4809341430664 666.69287109375 370.0 0.7722221 1.7335881 0.5900293 0.08326747 1.3619463 5.189347 1.6062344312667847 0.3723966181278229
Pedestrian 0.0 0 -1.7390905618667603 752.3713989257812 146.5624237060547 785.2562255859375 217.1133270263672 0.9348864 1.7825615 0.6813104 4.203664 0.9266771 18.34563 -1.5138418674468994 0.36013472080230713
Pedestrian 0.0 0 2.735429525375366 637.8593139648438 135.91488647460938 669.4107666015625 195.9440155029297 0.8198124 1.8584154 0.60598123 1.499893 0.4796793 22.30632 2.8025691509246826 0.32160669565200806
Pedestrian 0.0 0 1.57115638256073 649.188720703125 128.55252075195312 697.724365234375 247.51300048828125 0.9555908 1.8274593 0.744398 1.0516573 1.031106 11.366815 1.6634137630462646 0.2620462477207184
Pedestrian 0.0 0 -1.34388267993927 341.797119140625 148.8607177734375 361.95159912109375 193.2327423095703 0.6773682 1.9095929 0.6932807 -11.043523 0.54944116 30.800514 -1.6881539821624756 0.2427351176738739
Pedestrian 0.0 0 1.8844225406646729 299.1450500488281 125.08607482910156 354.54620361328125 228.30215454101562 1.3463227 1.7571139 0.542065 -5.0231085 0.8154147 12.720344 1.5083309412002563 0.23636382818222046
Pedestrian 0.0 0 -3.344722032546997 819.6415405273438 143.13357543945312 904.8939208984375 328.3023681640625 0.6592505 1.7020917 0.62219876 2.4204664 1.3603148 6.8473954 -3.004944086074829 0.22496171295642853
Pedestrian 0.0 0 -2.2881603240966797 354.5383605957031 170.08804321289062 479.76849365234375 301.3343200683594 1.7870512 1.6648867 0.6427815 -2.6534219 1.5344852 9.726637 -2.5544795989990234 0.10247572511434555
Cyclist 0.0 0 1.9266612529754639 295.7564392089844 130.2753448486328 357.9259033203125 234.42063903808594 1.5553352 1.7632093 0.53825235 -5.0267534 0.9145403 12.748387 1.5510739088058472 0.350115031003952
Cyclist 0.0 0 -2.2881603240966797 354.5383605957031 170.08804321289062 479.76849365234375 301.3343200683594 1.7870512 1.6648867 0.6427815 -2.6534219 1.5344852 9.726637 -2.5544795989990234 0.3383534848690033
Cyclist 0.0 0 -2.2495408058166504 341.6564636230469 153.14146423339844 412.8602294921875 225.6964874267578 1.7907225 1.676493 0.6576922 -5.5575476 1.0459403 17.096931 -2.5638279914855957 0.25884386897087097
Cyclist 0.0 0 2.802419424057007 613.8600463867188 129.2511749267578 710.6968994140625 248.1812744140625 1.3746427 1.7896869 0.67211473 0.84676206 1.0201439 11.138219 2.8782966136932373 0.24945960938930511
Cyclist 0.0 0 1.6315240859985352 243.69422912597656 124.964599609375 291.10986328125 238.35670471191406 1.0172698 1.7921146 0.6549611 -5.644723 0.91605675 11.764211 1.1841490268707275 0.23313918709754944
Cyclist 0.0 0 1.1025397777557373 989.3995361328125 110.89690399169922 1181.08447265625 370.0 1.0956566 1.713782 0.6081258 3.052461 1.3107418 4.6844296 1.6800519227981567 0.14938345551490784
Cyclist 0.0 0 -1.742735505104065 751.8408813476562 146.0690155029297 785.4744262695312 217.56581115722656 1.0403401 1.8006195 0.67851734 4.1966367 0.93508196 18.339205 -1.5177747011184692 0.12002718448638916
Cyclist 0.0 0 1.5147682428359985 526.2923583984375 139.2120819091797 577.2697143554688 263.0600280761719 0.9848037 1.8286688 0.72877187 -0.88825136 1.2206974 10.972406 1.4339911937713623 0.11465480923652649
Car 0.0 0 1.8668195009231567 0.0 28.391855239868164 285.1571044921875 370.0 4.0398865 1.5992973 1.6295464 -3.2098806 1.0975139 4.509605 1.2482261657714844 0.4503178000450134
