Pedestrian 0.0 0 -2.3522815704345703 982.4158325195312 138.39297485351562 1120.43408203125 338.7285461425781 0.821671 1.7179638 0.7058293 4.0791364 1.3496873 6.6380053 -1.8012595176696777 0.5578612089157104
Pedestrian 0.0 0 1.954044222831726 402.3214111328125 130.2411651611328 455.9826965332031 243.54220581054688 0.8096782 1.8627883 0.6358973 -2.9683273 1.0213279 12.254252 1.7163933515548706 0.5436854958534241
Pedestrian 0.0 0 -2.4252517223358154 459.6234130859375 172.60595703125 485.954345703125 218.73020935058594 0.7311933 1.7155162 0.65440273 -4.8871365 1.3857527 27.183065 -2.603137493133545 0.49601608514785767
Pedestrian 0.0 0 -1.624222755432129 783.234619140625 158.29470825195312 823.5233154296875 248.2166748046875 0.7629833 1.7571416 0.7390128 4.021909 1.3049443 14.48639 -1.353409767150879 0.45569685101509094
Pedestrian 0.0 0 -1.3724230527877808 553.7657470703125 162.75796508789062 569.9503784179688 202.4184112548828 0.8206174 1.808971 0.598408 -1.8372031 0.9550526 33.210484 -1.4276866912841797 0.42301928997039795
Pedestrian 0.0 0 0.590707540512085 275.135009765625 146.88671875 336.0771789550781 237.78482055664062 0.98070204 1.8043708 0.6019312 -6.0636487 1.1185281 14.64832 0.19823479652404785 0.348908931016922
Pedestrian 0.0 0 3.2699954509735107 433.7951354980469 145.7431640625 477.8066101074219 247.96543884277344 0.7292851 1.856689 0.6521482 -2.7460392 1.2084965 13.396749 3.0678179264068604 0.26988285779953003
Pedestrian 0.0 0 -2.580876111984253 267.525146484375 162.9596710205078 305.0992126464844 233.4181671142578 0.6327818 1.7746466 0.6573318 -8.125471 1.3088515 18.461401 -2.9954943656921387 0.23361647129058838
Pedestrian 0.0 0 -2.9156107902526855 456.72808837890625 150.17880249023438 522.1497192382812 217.1345672607422 1.6873193 1.8118883 0.62003946 -3.1077287 0.96546555 19.804777 -3.0712597370147705 0.16368789970874786
Cyclist 0.0 0 -2.8748462200164795 452.5481262207031 151.12425231933594 521.4010620117188 217.77249145507812 1.7792739 1.8022374 0.6099855 -3.179634 0.98200524 19.820747 -3.0339105129241943 0.40346914529800415
Cyclist 0.0 0 -1.7284971475601196 1064.49951171875 165.0166473388672 1149.0133056640625 311.74249267578125 1.8621945 1.6668353 0.5774254 6.315687 1.4809319 9.122106 -1.1229240894317627 0.2545282542705536
Cyclist 0.0 0 0.590707540512085 275.135009765625 146.88671875 336.0771789550781 237.78482055664062 0.98070204 1.8043708 0.6019312 -6.0636487 1.1185281 14.64832 0.19823479652404785 0.15888611972332
Car 0.0 0 1.6472175121307373 560.48876953125 171.01353454589844 620.5928344726562 223.73399353027344 4.023753 1.559073 1.6435385 -0.29743814 1.2500916 23.300396 1.6344528198242188 0.668772280216217
Car 0.0 0 0.7347118854522705 0.0 0.0 1238.0 374.0 4.1029058 1.4346488 1.6033545 1.8516833 1.3382027 0.6505569 1.967646598815918 0.3044961094856262
Car 0.0 0 -1.536060094833374 983.5943603515625 165.9684600830078 1046.3621826171875 216.59532165527344 3.786292 1.4267552 1.5549537 12.840775 0.9901947 22.259007 -1.0128140449523926 0.2374475598335266
Car 0.0 0 -1.636096477508545 656.719482421875 150.25135803222656 714.4262084960938 202.18362426757812 4.315147 1.6523266 1.6960526 2.822646 0.6591915 25.047598 -1.523878574371338 0.2292395830154419
