Pedestrian 0.0 0 -1.317690134048462 452.706298828125 156.28636169433594 469.14971923828125 195.6697235107422 0.70480007 1.93375 0.6437975 -7.4296346 1.1206255 35.792835 -1.5223569869995117 0.26009389758110046
Pedestrian 0.0 0 2.0312538146972656 0.0 145.8486785888672 40.024139404296875 210.1663055419922 0.8561873 1.8846555 0.64716053 -17.741007 1.0936952 21.629807 1.3443100452423096 0.20558838546276093
Cyclist 0.0 0 2.8014206886291504 475.5293273925781 157.6726531982422 511.7354736328125 191.28326416015625 1.841767 1.8240415 0.723285 -6.470057 1.0005103 39.914383 2.6407201290130615 0.3447286784648895
Car 0.0 0 -2.208063840866089 499.9111328125 165.1082305908203 564.7999877929688 193.84408569335938 4.038063 1.5890096 1.6710552 -4.5894623 1.161049 41.94588 -2.317044258117676 0.4773697257041931
Car 0.0 0 0.8960832953453064 654.7493286132812 158.3661651611328 713.508056640625 184.014404296875 3.8983133 1.5590397 1.641173 4.63959 0.67874855 45.938587 0.9967374801635742 0.4437856078147888
Car 0.0 0 -2.025223731994629 452.19940185546875 161.4113311767578 507.6277770996094 191.69386291503906 3.7122452 1.6454197 1.6456181 -7.499143 1.0240333 41.185047 -2.2053346633911133 0.3418191373348236
Car 0.0 0 1.3349088430404663 413.6231689453125 164.19442749023438 461.8119812011719 194.9822540283203 3.9452667 1.5713495 1.6456035 -9.383996 1.1297404 38.95412 1.0985143184661865 0.3351629674434662
Car 0.0 0 1.6348873376846313 613.51025390625 159.11968994140625 642.448974609375 184.9701385498047 3.8327403 1.6526237 1.6887687 1.2051845 0.77494395 48.10924 1.659933090209961 0.23867492377758026
Car 0.0 0 -2.267909049987793 783.4444580078125 162.98023986816406 834.3711547851562 184.72515869140625 3.871747 1.6030924 1.6603216 15.168522 0.87552994 55.2967 -2.00018310546875 0.2312786728143692
Car 0.0 0 0.5747711062431335 722.154296875 160.9972686767578 780.6973266601562 186.1334686279297 3.6966877 1.6867802 1.6567246 9.801835 0.8914841 50.2958 0.767242431640625 0.2198379933834076
