Pedestrian 0.0 0 -1.4323630332946777 1083.4725341796875 136.29417419433594 1133.433349609375 232.50137329101562 0.87347966 1.7756196 0.67784375 9.532062 1.1012218 13.865115 -0.8300857543945312 0.48462730646133423
Pedestrian 0.0 0 1.5466923713684082 991.6635131835938 150.2716064453125 1041.5567626953125 271.7567138671875 0.868213 1.7760081 0.64219666 6.173504 1.4462308 11.079196 2.055058717727661 0.3807368874549866
Pedestrian 0.0 0 -0.5283547639846802 1087.8555908203125 144.7403564453125 1187.457763671875 300.6112365722656 0.7745869 1.7813606 0.5643516 6.186598 1.4604234 8.56179 0.0973668098449707 0.35307765007019043
Pedestrian 0.0 0 -1.7735521793365479 1215.7755126953125 144.5227813720703 1242.0 215.1849822998047 0.7276122 1.7805974 0.64672583 16.119463 1.0670449 18.654444 -1.0609242916107178 0.2728429138660431
Pedestrian 0.0 0 -2.651344060897827 1188.4630126953125 152.2679443359375 1234.7025146484375 215.87062072753906 0.7883746 1.7817713 0.6878825 17.210638 1.2054298 20.705328 -1.9578555822372437 0.23839643597602844
Pedestrian 0.0 0 0.26182132959365845 471.53387451171875 142.02474975585938 505.92181396484375 210.18695068359375 0.80211926 1.8346407 0.598147 -3.3620389 1.0052047 19.753136 0.09323406219482422 0.22119532525539398
Pedestrian 0.0 0 1.3304280042648315 588.1937255859375 149.0254669189453 612.5008544921875 202.45326232910156 1.003526 1.904672 0.6637605 -0.40228605 1.0555556 26.28907 1.3151267766952515 0.19554848968982697
Pedestrian 0.0 0 0.4321223497390747 493.1551208496094 138.44078063964844 532.2374877929688 196.8677215576172 1.0941529 1.8270258 0.5759175 -3.1440604 0.7512737 22.995047 0.2962372303009033 0.16348373889923096
Pedestrian 0.0 0 0.40846318006515503 359.604736328125 138.8114471435547 409.3117370605469 202.33302307128906 1.304945 1.8564535 0.5310956 -6.7352653 0.86189896 21.416294 0.10376405715942383 0.12484613806009293
Cyclist 0.0 0 -2.1339597702026367 928.3302612304688 133.0296630859375 1018.2239990234375 237.86180114746094 1.8591927 1.7945961 0.5665071 6.5915713 1.1132107 13.302901 -1.673919677734375 0.3453233540058136
Cyclist 0.0 0 1.5666593313217163 505.0303955078125 136.27960205078125 523.1495971679688 195.69155883789062 1.420503 1.8389182 0.55695003 -3.1174302 0.70722574 23.072168 1.4323562383651733 0.2044011652469635
Cyclist 0.0 0 0.40846318006515503 359.604736328125 138.8114471435547 409.3117370605469 202.33302307128906 1.304945 1.8564535 0.5310956 -6.7352653 0.86189896 21.416294 0.10376405715942383 0.1448451429605484
Cyclist 0.0 0 -1.0900852680206299 1076.7327880859375 136.72323608398438 1142.864501953125 232.26783752441406 0.99050367 1.7686417 0.6646191 9.561576 1.1001769 13.879152 -0.48683667182922363 0.14331816136837006
Car 0.0 0 -1.9435304403305054 762.995361328125 178.87594604492188 1060.7054443359375 353.4971923828125 3.9870398 1.4530001 1.6113642 2.9503064 1.538233 8.153389 -1.5963377952575684 0.8651320934295654
Car 0.0 0 0.8049471378326416 887.1067504882812 181.35853576660156 975.0340576171875 215.431640625 3.9755638 1.5227826 1.6456083 15.648331 1.9665377 35.46636 1.2204724550247192 0.16107018291950226
