Pedestrian 0.0 0 -1.241310954093933 553.5693359375 152.2902069091797 628.98828125 301.8850402832031 1.0789958 1.7173363 0.61820316 -0.19599216 1.3951746 8.719572 -1.263784408569336 0.7183226943016052
Pedestrian 0.0 0 -1.5874459743499756 839.586669921875 172.79217529296875 867.6129760742188 243.1174774169922 0.91969603 1.7307763 0.6522395 6.259951 1.5426764 17.935167 -1.251633644104004 0.24629463255405426
Pedestrian 0.0 0 -0.44730082154273987 639.7113037109375 172.06622314453125 702.4085693359375 270.7297058105469 0.95440656 1.7504586 0.6664497 1.1668273 1.6024718 13.018564 -0.35791170597076416 0.15346403419971466
Pedestrian 0.0 0 2.769324779510498 760.3173217773438 133.00086975097656 822.312744140625 239.09005737304688 0.88035166 1.798341 0.6183808 3.1973097 0.9948212 12.339522 3.022860288619995 0.1341426521539688
Pedestrian 0.0 0 -1.3776206970214844 520.69287109375 168.43487548828125 566.7930297851562 267.8423156738281 0.91306776 1.7460061 0.6786968 -1.1483722 1.5357369 12.90315 -1.4663861989974976 0.13114206492900848
Pedestrian 0.0 0 -1.0274652242660522 213.0596160888672 148.4276123046875 266.8296813964844 240.78794860839844 0.8212041 1.7776427 0.6140254 -7.2754083 1.1619843 14.033157 -1.5057590007781982 0.1293165236711502
Pedestrian 0.0 0 -3.1020963191986084 839.75830078125 149.05963134765625 884.2598876953125 249.68141174316406 0.72392064 1.7342973 0.62073714 4.5444593 1.1940435 12.605283 -2.756080389022827 0.1268676519393921
Pedestrian 0.0 0 -1.991760492324829 1117.2755126953125 188.9349822998047 1224.0 370.0 0.6658197 1.6662139 0.65303206 4.3184166 1.7361277 5.306214 -1.3086364269256592 0.12654954195022583
Cyclist 0.0 0 -1.2432398796081543 555.0360717773438 154.36851501464844 628.031982421875 302.57647705078125 1.0436233 1.7001795 0.59751636 -0.19376989 1.4020944 8.69347 -1.2655253410339355 0.19581925868988037
Cyclist 0.0 0 1.6688989400863647 69.30561828613281 161.1508331298828 109.18861389160156 254.07704162597656 1.5378388 1.6509975 0.46304885 -9.753242 1.3088684 13.336835 1.0374729633331299 0.1319326013326645
Car 0.0 0 1.632415533065796 57.782955169677734 191.65826416015625 117.11878204345703 236.0480499267578 3.692522 1.4527884 1.5424904 -19.049744 1.8973088 26.096518 1.0018556118011475 0.24608732759952545
Car 0.0 0 1.9135770797729492 1.672234058380127 194.83267211914062 115.76555633544922 250.8628692626953 3.5798037 1.4399122 1.5781872 -16.186773 1.9088372 21.105907 1.259328007698059 0.1890850067138672
Car 0.0 0 -1.0123299360275269 289.5408020019531 196.1465301513672 409.2257995605469 253.88890075683594 3.5633771 1.4132085 1.5675777 -7.2206964 1.9050295 20.241507 -1.354985237121582 0.1688918024301529
Car 0.0 0 2.2086522579193115 0.0 76.69886779785156 131.28955078125 370.0 3.9638605 1.4898736 1.5883236 -4.5839205 1.198248 4.094965 1.3669750690460205 0.15016332268714905
