Pedestrian 0.0 0 0.2791316509246826 188.77777099609375 137.59716796875 309.7197570800781 340.1529541015625 0.8377951 1.6933823 0.55717146 -3.1737473 1.3364161 6.258753 -0.19017142057418823 0.6557737588882446
Pedestrian 0.0 0 1.4738998413085938 838.883544921875 172.67205810546875 869.6309204101562 245.12672424316406 0.8948707 1.7742944 0.6443466 6.2356696 1.5841994 17.820621 1.8104972839355469 0.40734291076660156
Pedestrian 0.0 0 -1.7217152118682861 262.828369140625 167.9774169921875 308.3161315917969 258.99786376953125 0.9035059 1.6939983 0.6733823 -6.247861 1.4625756 13.716378 -2.149136543273926 0.392317533493042
Pedestrian 0.0 0 -3.347121477127075 823.3322143554688 182.0749053955078 866.760986328125 270.1961975097656 0.6941592 1.696045 0.64249986 4.6933293 1.7296153 13.976219 -3.0231451988220215 0.24188481271266937
Pedestrian 0.0 0 -2.2289278507232666 1108.601318359375 190.6143798828125 1224.0 370.0 0.6973188 1.6547518 0.6654609 4.315326 1.7376798 5.316347 -1.5470880270004272 0.18727637827396393
Pedestrian 0.0 0 -0.7049369812011719 983.0592041015625 196.74456787109375 1124.05029296875 370.0 0.6685288 1.6205932 0.586539 3.275194 1.7515292 5.2798734 -0.14971250295639038 0.1560802310705185
Cyclist 0.0 0 -3.3762941360473633 1061.26708984375 158.0018310546875 1224.0 277.693359375 1.8518839 1.5944357 0.8402851 7.6874714 1.2964051 10.169927 -2.7290263175964355 0.4898289144039154
Cyclist 0.0 0 -1.5209364891052246 1181.361083984375 149.9954071044922 1223.8900146484375 250.31790161132812 1.7607027 1.627917 0.48009208 10.350141 1.1345769 12.275813 -0.8204426765441895 0.28678271174430847
Cyclist 0.0 0 -1.6358319520950317 263.3273010253906 169.06674194335938 306.5180358886719 259.6355895996094 0.95301193 1.6855732 0.70094866 -6.272426 1.4744265 13.739545 -2.0640976428985596 0.14485718309879303
Car 0.0 0 0.985704779624939 0.0 151.87628173828125 151.10943603515625 262.4468994140625 4.017161 1.5059359 1.6212343 -9.382514 1.1177604 10.954581 0.2774536609649658 0.513442873954773
Car 0.0 0 -1.3086140155792236 293.01300048828125 196.54531860351562 383.9899597167969 254.21868896484375 3.5656452 1.4218475 1.5682453 -7.569753 1.9262288 20.303577 -1.6654796600341797 0.18857252597808838
Car 0.0 0 -1.8698614835739136 521.9354248046875 193.3301239013672 628.2957763671875 263.21832275390625 3.6363313 1.4454833 1.5736421 -0.87850606 1.7973703 17.32224 -1.920533537864685 0.1525304764509201
