Pedestrian 0.0 0 2.3294332027435303 289.3330383300781 161.95745849609375 389.0906066894531 323.1011047363281 0.8536563 1.7424754 0.683381 -3.057649 1.532516 8.291853 1.9761501550674438 0.6286454200744629
Pedestrian 0.0 0 -1.5055317878723145 692.3339233398438 180.91714477539062 730.92431640625 288.3014831542969 0.81773514 1.717393 0.5855466 1.7998683 1.709366 11.947562 -1.356008768081665 0.545717716217041
Pedestrian 0.0 0 1.4065017700195312 970.4610595703125 158.9874725341797 1052.743408203125 345.6429748535156 0.7554671 1.7631449 0.5987778 4.0599837 1.5518662 7.2397685 1.9175907373428345 0.5330642461776733
Pedestrian 0.0 0 -2.0867419242858887 663.240966796875 180.1055450439453 689.276123046875 226.669189453125 0.83743966 1.7427508 0.6593737 2.8297515 1.6915929 27.39855 -1.98382568359375 0.5127419233322144
Pedestrian 0.0 0 2.480195999145508 707.0238037109375 176.36102294921875 769.2001342773438 300.2908935546875 0.68829536 1.7333546 0.5624955 1.9407676 1.6627965 10.452434 2.6637814044952393 0.47427091002464294
Pedestrian 0.0 0 -2.1695892810821533 763.7153930664062 160.52508544921875 858.9341430664062 329.7387390136719 0.8220013 1.7296013 0.64182216 2.2215192 1.516573 7.8312764 -1.893178105354309 0.44667431712150574
Pedestrian 0.0 0 -2.196106433868408 40.471099853515625 172.2497100830078 98.69930267333984 260.67193603515625 0.7814575 1.7634556 0.62020963 -10.944323 1.580218 14.737159 -2.834876775741577 0.4034237265586853
Pedestrian 0.0 0 -1.7086580991744995 794.6658935546875 164.782470703125 830.5831298828125 246.27882385253906 0.7291844 1.7768636 0.6743475 4.67838 1.4135951 16.068848 -1.4253439903259277 0.4009712040424347
Pedestrian 0.0 0 -2.0361337661743164 1051.593994140625 171.12872314453125 1166.018798828125 369.40252685546875 0.7863529 1.7408317 0.5808472 4.674314 1.651155 6.734504 -1.4293891191482544 0.34290167689323425
Pedestrian 0.0 0 -1.9714109897613525 688.6693725585938 179.69207763671875 712.5848999023438 226.6314239501953 0.74280775 1.7652358 0.66766924 3.767538 1.6982769 27.45734 -1.8350483179092407 0.3362918496131897
Pedestrian 0.0 0 -1.0211092233657837 114.17481994628906 184.54916381835938 165.95054626464844 266.0854797363281 0.7881916 1.7264597 0.63112843 -10.068467 1.7957718 15.63842 -1.5931340456008911 0.32972410321235657
Pedestrian 0.0 0 -1.0576386451721191 369.1455993652344 178.51577758789062 451.1943054199219 297.740234375 1.0116181 1.7388378 0.83473605 -2.9691708 1.6966257 11.06763 -1.319742202758789 0.31324654817581177
Pedestrian 0.0 0 -1.6826472282409668 632.700927734375 176.303466796875 668.9381713867188 253.17892456054688 1.4804189 1.8063605 0.72058976 1.1600555 1.6854594 17.632315 -1.616950511932373 0.2766183316707611
Pedestrian 0.0 0 -0.2707374095916748 742.6869506835938 172.53933715820312 803.607421875 274.1891174316406 0.9451778 1.801292 0.6130033 3.0676038 1.6437773 13.051797 -0.039894118905067444 0.24366967380046844
Pedestrian 0.0 0 0.7208762168884277 152.14279174804688 185.03195190429688 299.2350158691406 339.1094055175781 1.4483469 1.7263303 0.71104175 -4.52093 1.7724189 8.584436 0.23614239692687988 0.19873028993606567
Cyclist 0.0 0 0.8877483606338501 146.51080322265625 177.23423767089844 301.1878662109375 334.779541015625 1.7433578 1.7429551 0.69009143 -4.5719833 1.6971166 8.601173 0.39917778968811035 0.4040246903896332
Cyclist 0.0 0 -1.5728354454040527 634.8380126953125 174.86077880859375 666.261474609375 251.76150512695312 1.6322812 1.8000957 0.73481363 1.1677405 1.6458887 17.65018 -1.506771445274353 0.35911324620246887
Cyclist 0.0 0 -1.186618447303772 429.9023132324219 187.654541015625 500.70159912109375 272.2708740234375 2.0504913 1.696118 0.80673295 -2.9554615 1.8406214 15.638152 -1.3734058141708374 0.30830246210098267
Cyclist 0.0 0 -1.0468438863754272 365.4245910644531 178.06808471679688 453.3761291503906 298.25787353515625 1.1027162 1.7412591 0.8750336 -2.9726963 1.6928517 11.049948 -1.309645414352417 0.13497625291347504
Cyclist 0.0 0 -1.1100600957870483 40.37171936035156 172.1697235107422 100.04180145263672 260.79638671875 0.97346765 1.7639126 0.62455624 -10.983847 1.5794612 14.828288 -1.747605800628662 0.1330072432756424
Car 0.0 0 1.7190710306167603 543.8970336914062 183.6092071533203 598.1260375976562 224.4805450439453 4.0834002 1.5678533 1.6681767 -1.2090607 1.6627959 29.890339 1.6786432266235352 0.8399579524993896
