Car 0.0 0 -1.9679195880889893 815.4794311523438 180.48117065429688 1097.4678955078125 336.03277587890625 3.8588 1.4202523 1.5801791 3.7517002 1.5332044 8.711966 -1.5612835884094238 0.8893066048622131
Car 0.0 0 2.0748395919799805 0.0 194.3732147216797 328.15472412109375 375.0 4.007203 1.4799569 1.6102251 -4.7151575 1.7792004 7.992817 1.5418614149093628 0.8831683993339539
Car 0.0 0 1.914218544960022 277.37835693359375 189.2602081298828 428.63153076171875 283.1125793457031 3.613962 1.4524587 1.5382028 -4.7125487 1.8036695 13.612911 1.580948829650879 0.8720054626464844
Car 0.0 0 -1.8445351123809814 740.1107177734375 180.05718994140625 888.3385620117188 271.7637939453125 4.171467 1.4519058 1.6045195 3.6560888 1.6114845 13.848281 -1.5864143371582031 0.8425165414810181
Car 0.0 0 1.861628532409668 372.3585205078125 184.52780151367188 481.1615295410156 248.98721313476562 4.158526 1.4284353 1.6175947 -4.687 1.7683276 18.868055 1.618147611618042 0.8001794219017029
Car 0.0 0 1.7465741634368896 501.4684143066406 177.9292755126953 545.12353515625 210.7720489501953 3.4410276 1.485016 1.5209483 -4.1852236 1.7434553 34.927162 1.627315640449524 0.730911374092102
Car 0.0 0 -1.738892674446106 714.4183959960938 178.17581176757812 801.5869750976562 241.84091186523438 3.8373094 1.4792951 1.6009524 3.73775 1.6342977 19.02545 -1.5449028015136719 0.6947368383407593
Car 0.0 0 -1.695804476737976 702.7911987304688 177.59071350097656 763.2974853515625 225.99195861816406 3.5395381 1.4991673 1.578363 4.057705 1.6721748 24.49743 -1.5316568613052368 0.6398248672485352
Car 0.0 0 1.390420913696289 686.359619140625 174.0830535888672 744.2857055664062 213.65560913085938 4.1499114 1.5185097 1.6415724 4.244491 1.5734267 29.9212 1.5313364267349243 0.6092391610145569
Car 0.0 0 1.7898081541061401 514.5607299804688 175.26629638671875 560.6046142578125 205.7285614013672 4.129948 1.5626544 1.650277 -3.938127 1.7022642 39.499737 1.6904364824295044 0.5451052784919739
