Pedestrian 0.0 0 1.8055298328399658 759.1099853515625 163.8294219970703 823.2108764648438 291.19183349609375 0.9623367 1.8093635 0.73098934 2.8201082 1.559644 10.798928 2.060971975326538 0.7279900312423706
Pedestrian 0.0 0 1.7921286821365356 431.7476806640625 173.96498107910156 460.90802001953125 241.20123291015625 0.76385826 1.7876192 0.62236965 -4.230519 1.5884501 19.4801 1.5782780647277832 0.6198539733886719
Pedestrian 0.0 0 -2.8628947734832764 446.5461120605469 179.85130310058594 473.9631042480469 232.5225067138672 0.7286784 1.6786747 0.62049806 -4.586909 1.6272304 23.230959 -3.057835340499878 0.6012757420539856
Pedestrian 0.0 0 1.8656197786331177 548.9654541015625 177.14373779296875 568.2288818359375 218.15953063964844 0.819815 1.806342 0.65051454 -1.92356 1.6154435 32.107338 1.8057810068130493 0.427933007478714
Pedestrian 0.0 0 1.8854620456695557 247.4882049560547 176.30653381347656 297.5830078125 279.79345703125 0.74157625 1.7386389 0.59239316 -5.7376595 1.65267 12.468553 1.4541826248168945 0.36334228515625
Pedestrian 0.0 0 -2.6565566062927246 601.1865234375 181.70567321777344 616.4132080078125 211.60862731933594 0.7505877 1.8453666 0.6122421 0.46555114 1.859037 44.78068 -2.646160840988159 0.32401373982429504
Pedestrian 0.0 0 1.3711161613464355 595.3244018554688 176.97596740722656 607.9586791992188 207.9358673095703 0.7494944 1.8068689 0.607369 0.011370747 1.5436168 42.34806 1.371384620666504 0.27171897888183594
Pedestrian 0.0 0 -2.714308977127075 564.8290405273438 176.93875122070312 580.2506713867188 207.95953369140625 0.72806925 1.8396297 0.6293898 -1.7262906 1.5698993 43.02578 -2.7544097900390625 0.26422756910324097
Pedestrian 0.0 0 -1.1877931356430054 321.8291015625 159.46755981445312 401.58740234375 274.7801513671875 1.3495125 1.7907617 0.80471474 -3.9622033 1.449906 11.850654 -1.510453701019287 0.2628442943096161
Pedestrian 0.0 0 1.5936368703842163 396.80548095703125 171.27719116210938 418.856689453125 228.9369354248047 0.861005 1.797539 0.6610686 -6.18835 1.4799529 22.888437 1.3295800685882568 0.24310661852359772
Pedestrian 0.0 0 -1.6923208236694336 925.5538330078125 140.81849670410156 984.5526123046875 272.7786560058594 0.7188727 1.8211738 0.6773217 5.038632 1.261052 10.361089 -1.2396905422210693 0.2351454794406891
Pedestrian 0.0 0 1.2232409715652466 1158.9947509765625 101.28156280517578 1238.0 262.47369384765625 0.7960142 1.8227079 0.6753008 7.1992545 0.91697544 8.609534 1.919666051864624 0.21852944791316986
Pedestrian 0.0 0 1.8592157363891602 4.450107097625732 192.3053436279297 109.58734130859375 336.7552490234375 1.6470865 1.6188115 0.61424243 -6.8490667 1.7696428 9.057864 1.2117928266525269 0.11985068023204803
Cyclist 0.0 0 1.8592157363891602 4.450107097625732 192.3053436279297 109.58734130859375 336.7552490234375 1.6470865 1.6188115 0.61424243 -6.8490667 1.7696428 9.057864 1.2117928266525269 0.4454209804534912
Cyclist 0.0 0 -1.172255039215088 320.21417236328125 157.95840454101562 407.8245849609375 272.86285400390625 1.6010805 1.7724572 0.8244694 -3.9325907 1.4106178 11.908832 -1.4912052154541016 0.3352828025817871
Cyclist 0.0 0 2.6851983070373535 508.4163818359375 180.23345947265625 552.1905517578125 218.70884704589844 1.8385378 1.7290304 0.8122205 -3.2860188 1.6730552 33.108093 2.586271047592163 0.31303054094314575
Cyclist 0.0 0 1.4115798473358154 410.8701477050781 183.51165771484375 436.1642761230469 232.32469177246094 1.8851537 1.7692889 0.6314921 -6.747758 1.8489935 27.106384 1.167602777481079 0.2767861783504486
Cyclist 0.0 0 -2.945063352584839 475.5399169921875 187.80519104003906 522.8784790039062 230.72943115234375 1.8230565 1.7534958 0.86168665 -4.268033 2.0217097 29.963226 -3.0865538120269775 0.2488054484128952
Cyclist 0.0 0 -2.494556188583374 50.716217041015625 201.2542266845703 302.69940185546875 374.0 1.8354274 1.6919367 0.73098147 -3.7348287 1.8796066 6.3057256 -3.0292885303497314 0.21846529841423035
Cyclist 0.0 0 1.6150226593017578 396.5595397949219 170.25473022460938 419.1216735839844 228.507080078125 0.99914426 1.8064237 0.6512589 -6.171702 1.4588155 22.831724 1.3510195016860962 0.10566415637731552
Car 0.0 0 -1.5889860391616821 632.202880859375 148.7415313720703 713.7776489257812 229.06553649902344 3.991179 1.6338445 1.6584862 1.5709258 0.9687563 16.66147 -1.4949790239334106 0.3977874517440796
