Pedestrian 0.0 0 3.2367608547210693 180.33624267578125 156.3057861328125 253.972412109375 310.1234130859375 0.7243869 1.7521963 0.63093275 -4.633328 1.4665496 8.611497 2.7431464195251465 0.4097815155982971
Pedestrian 0.0 0 0.057998329401016235 509.925048828125 170.12991333007812 537.309814453125 226.10813903808594 0.8172774 1.7339859 0.768449 -2.4733694 1.382897 22.653046 -0.05075571686029434 0.31525611877441406
Pedestrian 0.0 0 -1.4368681907653809 416.3570251464844 177.223388671875 467.61199951171875 286.3583679199219 0.84052384 1.7040641 0.70964724 -2.616212 1.6385868 11.663086 -1.6575311422348022 0.2990048825740814
Pedestrian 0.0 0 -1.1825087070465088 385.3714599609375 188.95547485351562 470.1111755371094 336.4999694824219 0.8673803 1.6365715 0.70065916 -2.0797157 1.7310857 8.4943495 -1.4226205348968506 0.20150762796401978
Pedestrian 0.0 0 0.9954813122749329 140.84091186523438 109.3658676147461 222.7206573486328 244.14710998535156 0.85373354 1.8096437 0.6322235 -5.951013 0.84245855 10.115785 0.4637167453765869 0.17878089845180511
Pedestrian 0.0 0 0.568318247795105 188.86807250976562 167.8437957763672 265.7136535644531 301.0610046386719 0.6922488 1.6918513 0.5824181 -4.950179 1.5197526 9.439854 0.08534836769104004 0.17625422775745392
Pedestrian 0.0 0 -1.262277364730835 732.0333862304688 174.7063751220703 776.1824951171875 254.07138061523438 0.79769933 1.7469947 0.7789345 3.4440339 1.5986732 16.34859 -1.0546507835388184 0.1702084094285965
Pedestrian 0.0 0 2.803147315979004 365.86962890625 174.61636352539062 436.872314453125 308.9424743652344 0.7175861 1.6908197 0.6877403 -2.7037108 1.6055083 9.527241 2.52662992477417 0.16863548755645752
Pedestrian 0.0 0 -0.8050484657287598 307.9659729003906 187.66397094726562 399.8880310058594 339.8380432128906 0.74951476 1.6523261 0.67698485 -2.9017794 1.7291974 8.317874 -1.1407079696655273 0.15085357427597046
Pedestrian 0.0 0 -1.6785893440246582 650.14453125 168.41871643066406 665.7487182617188 207.23568725585938 1.7231324 1.6771384 0.5048514 2.4874222 1.1129068 31.902756 -1.6007778644561768 0.11652535200119019
Cyclist 0.0 0 -1.7777353525161743 645.2686157226562 168.86119079589844 664.7747802734375 207.88064575195312 1.7619487 1.6858199 0.51017934 2.3582015 1.1407274 31.93982 -1.7040364742279053 0.2956448793411255
Cyclist 0.0 0 1.616523027420044 659.6608276367188 178.3453369140625 675.9229125976562 225.17881774902344 1.7396715 1.7039374 0.5335113 2.486159 1.5902075 27.030678 1.7082405090332031 0.2738870084285736
Cyclist 0.0 0 -0.24866265058517456 526.7321166992188 180.86605834960938 569.3164672851562 221.56912231445312 1.6713177 1.6647886 0.6078804 -2.2425694 1.6398505 29.931662 -0.3234459161758423 0.2064076066017151
Cyclist 0.0 0 -0.7701300382614136 677.3052978515625 162.94883728027344 709.833984375 198.02569580078125 1.7366382 1.7569374 0.58041084 4.7116365 0.8286212 36.730183 -0.6425498127937317 0.1589510440826416
Cyclist 0.0 0 0.11552022397518158 348.1891784667969 193.19667053222656 447.64691162109375 337.59881591796875 1.031982 1.5696298 0.78223526 -2.3818102 1.7146326 8.350902 -0.1623186320066452 0.15630722045898438
Cyclist 0.0 0 -1.384731650352478 507.2311706542969 169.5670623779297 537.4239501953125 226.45245361328125 0.9718435 1.7552665 0.78318137 -2.5147567 1.3881745 22.676584 -1.4951770305633545 0.10882241278886795
Car 0.0 0 -2.105482339859009 838.9318237304688 122.49523162841797 1238.0 374.0 3.7624638 1.6086093 1.6120685 3.1224122 1.3313273 5.271767 -1.570751667022705 0.8487975001335144
Car 0.0 0 2.8812975883483887 534.8596801757812 164.60623168945312 611.271484375 191.46495056152344 4.6496572 1.6825595 1.7550316 -1.837525 0.6249779 46.52225 2.841820240020752 0.17928846180438995
Car 0.0 0 2.9889636039733887 453.735107421875 172.83204650878906 518.6652221679688 197.39889526367188 3.8143 1.4926584 1.6150049 -7.2212424 0.96674967 44.9963 2.8298351764678955 0.16232874989509583
