Pedestrian 0.0 0 -1.7503089904785156 1053.6541748046875 165.21241760253906 1074.7069091796875 208.84127807617188 0.6816578 1.7823411 0.6258262 18.778858 1.4705222 29.906532 -1.1896138191223145 0.2922966182231903
Pedestrian 0.0 0 1.4818241596221924 834.8709716796875 137.5272674560547 863.0023193359375 207.6867218017578 0.8657046 1.9050831 0.66664755 6.5953245 0.9461925 20.086666 1.799077033996582 0.2031489610671997
Pedestrian 0.0 0 1.438999056816101 639.1317138671875 173.0391387939453 652.41015625 204.16650390625 1.8676847 1.8154708 0.5477116 2.0922165 1.8271185 43.04489 1.4875662326812744 0.15797801315784454
Pedestrian 0.0 0 -0.8540300130844116 987.3372802734375 159.7701873779297 1007.1371459960938 195.41212463378906 0.7114746 1.8748913 0.61040986 20.55227 1.1869948 38.36415 -0.36221984028816223 0.1269582062959671
Pedestrian 0.0 0 2.131309986114502 37.80488967895508 84.16728973388672 169.51834106445312 248.72894287109375 1.5972704 1.838173 0.56181943 -6.205807 0.84788984 8.868604 1.5207518339157104 0.12043280154466629
Pedestrian 0.0 0 -0.8573528528213501 945.4943237304688 147.01368713378906 1003.848876953125 249.7865447998047 0.7026534 1.8003336 0.6397793 6.5471277 1.3480313 13.066881 -0.3928675949573517 0.1187223419547081
Pedestrian 0.0 0 -1.920461654663086 898.1761474609375 123.87767028808594 935.115966796875 190.58126831054688 1.3850584 1.8654801 0.5383943 8.810368 0.4961317 20.881311 -1.5211976766586304 0.11307156085968018
Cyclist 0.0 0 1.4189234972000122 638.5908203125 173.2122802734375 652.5692749023438 204.48912048339844 1.8717917 1.8219272 0.55262065 2.078673 1.8441193 43.00948 1.4672164916992188 0.7096353769302368
Cyclist 0.0 0 2.131309986114502 37.80488967895508 84.16728973388672 169.51834106445312 248.72894287109375 1.5972704 1.838173 0.56181943 -6.205807 0.84788984 8.868604 1.5207518339157104 0.254136323928833
Cyclist 0.0 0 -0.9681403636932373 1068.0089111328125 138.44061279296875 1194.96875 282.78546142578125 1.4591621 1.7893864 0.64361453 6.8035316 1.363135 9.492188 -0.346260666847229 0.17924363911151886
Cyclist 0.0 0 -1.920461654663086 898.1761474609375 123.87767028808594 935.115966796875 190.58126831054688 1.3850584 1.8654801 0.5383943 8.810368 0.4961317 20.881311 -1.5211976766586304 0.1737954169511795
Cyclist 0.0 0 -0.8935397267341614 1130.0877685546875 130.72532653808594 1211.4581298828125 222.57203674316406 1.3602132 1.8119304 0.58523166 11.349154 0.9811835 14.674652 -0.2352394312620163 0.1556580811738968
Cyclist 0.0 0 -1.746006727218628 1203.421875 177.00735473632812 1235.536865234375 245.0528106689453 1.5366248 1.662867 0.36247882 15.545238 1.773956 18.47803 -1.046595573425293 0.1170654296875
Car 0.0 0 1.6570391654968262 579.65283203125 177.11265563964844 609.2721557617188 201.16970825195312 3.961079 1.4810162 1.6021706 -1.0072131 1.7717284 47.163445 1.6356866359710693 0.331379771232605
Car 0.0 0 2.4056758880615234 133.33702087402344 180.84556579589844 191.19944763183594 202.66033935546875 3.5329916 1.5274738 1.5655632 -33.37571 2.1453326 53.83582 1.850713849067688 0.14721667766571045
Car 0.0 0 1.7390978336334229 405.7005615234375 181.5345916748047 460.31353759765625 221.6998291015625 3.7184167 1.4882759 1.5647389 -7.198942 1.8661798 29.468903 1.4995009899139404 0.12995818257331848
Car 0.0 0 1.8726845979690552 289.47186279296875 173.91461181640625 331.4906005859375 198.52554321289062 3.7973166 1.6223837 1.6179514 -20.602686 1.6986812 49.695652 1.4796751737594604 0.12868227064609528
Car 0.0 0 1.7122039794921875 364.1599426269531 178.97288513183594 432.1251220703125 230.887939453125 4.1172585 1.5693886 1.6425322 -7.1294928 1.7955632 24.471275 1.4287097454071045 0.11997832357883453
Car 0.0 0 1.1603401899337769 649.3556518554688 179.5565643310547 686.3748779296875 200.21273803710938 3.803381 1.5753671 1.5979787 4.6217165 2.1375482 58.42003 1.2392876148223877 0.11480118334293365
