Pedestrian 0.0 0 3.3183398246765137 0.0 138.32608032226562 61.20594024658203 285.3257751464844 0.7932722 1.7797483 0.5929518 -7.5873365 1.3620712 9.186128 2.6279711723327637 0.5040848255157471
Pedestrian 0.0 0 -1.3577947616577148 386.1792907714844 157.76426696777344 404.01776123046875 198.33522033691406 0.70711046 1.9126925 0.6818549 -10.278395 1.2016547 34.392563 -1.6482008695602417 0.2730575501918793
Pedestrian 0.0 0 -1.6720588207244873 1040.5784912109375 156.78321838378906 1064.677978515625 208.31654357910156 0.8136987 1.7800008 0.64337164 15.546353 1.2252616 25.425714 -1.1232683658599854 0.2711322605609894
Car 0.0 0 -1.8846302032470703 695.398193359375 181.0211944580078 927.8442993164062 329.8309326171875 4.3649974 1.5180402 1.6518191 2.3578088 1.6552235 9.844483 -1.649552822113037 0.9105287790298462
Car 0.0 0 2.0236868858337402 28.59075355529785 202.16860961914062 435.1019592285156 375.0 3.5225987 1.426546 1.5071295 -2.752428 1.7462906 6.077072 1.5984073877334595 0.9006857872009277
Car 0.0 0 3.557847499847412 68.32457733154297 195.5238494873047 348.0921936035156 288.33062744140625 4.062563 1.4726712 1.6388105 -7.0539627 1.9098715 12.914828 3.0579333305358887 0.7764116525650024
Car 0.0 0 0.4115377366542816 240.9196319580078 188.90431213378906 429.7635803222656 252.1461944580078 4.0479026 1.4401348 1.609245 -6.7305865 1.8564428 17.791656 0.04987692832946777 0.6729285717010498
Car 0.0 0 1.5637832880020142 633.1710815429688 183.76303100585938 662.4016723632812 211.2852325439453 4.076969 1.5147026 1.6745247 2.222192 2.2029939 43.424686 1.6149121522903442 0.6316174864768982
Car 0.0 0 -2.4465219974517822 283.5102844238281 183.28392028808594 427.4875793457031 239.7352294921875 3.7348151 1.467131 1.5889076 -7.3247414 1.7862681 20.657269 -2.7872748374938965 0.42964744567871094
Car 0.0 0 3.2591018676757812 450.3341369628906 187.248046875 528.2706909179688 217.22703552246094 3.8465128 1.4901246 1.608508 -6.2815046 2.2588315 37.61718 3.0936434268951416 0.3379424214363098
Car 0.0 0 3.261939287185669 436.53228759765625 170.348876953125 520.7023315429688 199.05667114257812 4.436691 1.5588057 1.7119324 -7.2912765 1.423138 40.16186 3.082348108291626 0.28357642889022827
