Cyclist 0.0 0 1.5973607301712036 476.1146240234375 175.65640258789062 502.9452819824219 242.0427703857422 1.8545512 1.7494932 0.6906877 -3.3793848 1.8315281 20.060143 1.4304651021957397 0.863188624382019
Car 0.0 0 3.6730406284332275 0.0 180.4893798828125 265.0936584472656 309.4638977050781 3.9429603 1.4896884 1.6221291 -6.9355917 1.6007963 9.456716 3.04024600982666 0.8092760443687439
Car 0.0 0 -0.41584312915802 782.9641723632812 186.5086212158203 1019.1525268554688 267.5824279785156 3.8366518 1.403207 1.5673746 5.337929 1.6781572 13.642086 -0.04287314787507057 0.8017306327819824
Car 0.0 0 2.5243945121765137 844.8164672851562 187.6779327392578 1163.674072265625 298.04193115234375 3.9908135 1.4405414 1.6024569 5.70326 1.6834258 10.749893 3.0121753215789795 0.7837972640991211
Car 0.0 0 -0.7099921107292175 981.3978881835938 181.1363983154297 1242.0 326.81732177734375 3.6360865 1.4481993 1.567808 6.3478146 1.5519874 8.138323 -0.04757174104452133 0.7714130878448486
Car 0.0 0 -1.7042860984802246 629.3687744140625 177.6294708251953 684.3125 217.3471221923828 4.2654085 1.4532301 1.6400833 1.7691629 1.6607437 29.110155 -1.6435860395431519 0.7494069933891296
Car 0.0 0 0.4974752962589264 23.361942291259766 157.03208923339844 341.8781433105469 268.2730712890625 4.29339 1.7209932 1.7250792 -7.0071793 1.4765725 12.082502 -0.02806684374809265 0.6862443685531616
Car 0.0 0 2.2596583366394043 1090.77001953125 188.40255737304688 1242.0 375.0 3.8243592 1.4580942 1.5890759 6.045843 1.5970004 5.533244 3.08929705619812 0.6569395065307617
Car 0.0 0 -0.3779347538948059 770.2667846679688 171.28744506835938 974.3015747070312 242.55746459960938 3.9213774 1.4886326 1.6055285 5.6437993 1.4562694 15.944319 -0.037728190422058105 0.6559402346611023
Car 0.0 0 0.28124988079071045 365.0259094238281 178.534423828125 484.28765869140625 222.2978515625 3.845487 1.5030507 1.6134577 -6.627666 1.7138871 25.867764 0.03043198585510254 0.6215654611587524
Car 0.0 0 0.3172227144241333 326.34417724609375 176.097412109375 467.4039306640625 226.01315307617188 4.0580425 1.5428101 1.6485666 -6.8546615 1.651909 23.30103 0.031115293502807617 0.5735189914703369
