Pedestrian 0.0 0 -1.148735523223877 2.4468634128570557 176.82986450195312 60.516109466552734 264.9343566894531 0.9118727 1.7024596 0.5902899 -11.659829 1.7855831 14.501867 -1.8259243965148926 0.2667456567287445
Pedestrian 0.0 0 2.4978678226470947 824.4935913085938 122.77159118652344 872.30078125 205.1452178955078 0.86113685 1.8996418 0.64266706 5.5891223 0.74503505 17.07959 2.814124345779419 0.22821283340454102
Pedestrian 0.0 0 0.23467330634593964 339.7704772949219 154.405029296875 370.61907958984375 209.4447784423828 0.8810014 1.8609015 0.60916895 -8.775704 1.2374973 24.742094 -0.10617108643054962 0.21067604422569275
Cyclist 0.0 0 -1.2979706525802612 269.9743957519531 193.49661254882812 320.49261474609375 283.37628173828125 1.8010916 1.7064908 0.5019584 -6.584463 2.16398 15.049033 -1.7104096412658691 0.1986386775970459
Cyclist 0.0 0 -2.2672557830810547 1140.48779296875 86.94328308105469 1242.0 239.9693603515625 1.6678616 1.7493378 0.4564127 7.4716244 0.7675958 9.081339 -1.5787990093231201 0.1740548014640808
Cyclist 0.0 0 -1.2049918174743652 0.372640460729599 175.8777313232422 58.698333740234375 264.8292541503906 1.0217539 1.7047353 0.5843594 -11.647111 1.7680343 14.44053 -1.8837182521820068 0.13813619315624237
Car 0.0 0 1.7815732955932617 423.05804443359375 185.0262908935547 513.761962890625 244.9232177734375 4.366923 1.4880902 1.7039309 -4.036051 1.8802081 21.018734 1.5918608903884888 0.8606141805648804
Car 0.0 0 2.2309179306030273 0.0 195.4889373779297 323.72137451171875 375.0 3.6707551 1.4211954 1.5357665 -3.3947852 1.6228522 4.5633473 1.5913165807724 0.8096958994865417
Car 0.0 0 1.7603017091751099 471.07733154296875 176.8572998046875 528.9609375 218.11898803710938 3.929526 1.5469388 1.6212555 -4.4508195 1.7216722 29.430708 1.6102086305618286 0.7979651093482971
Car 0.0 0 1.7946937084197998 524.3746948242188 173.02667236328125 562.4337768554688 198.017578125 3.897587 1.5389094 1.6182822 -4.2749457 1.550882 46.495285 1.7030078172683716 0.5153061747550964
