Pedestrian 0.0 0 0.23460549116134644 146.8602752685547 196.2398223876953 177.6145477294922 245.62664794921875 0.820371 1.7520306 0.69963735 -16.476225 2.626105 26.49301 -0.32176750898361206 0.3716129660606384
Pedestrian 0.0 0 1.3714982271194458 972.8054809570312 126.16437530517578 1009.5755004882812 206.26002502441406 0.7967204 1.878549 0.6363648 9.128263 0.7838568 17.391638 1.8548394441604614 0.28975194692611694
Cyclist 0.0 0 0.9197460412979126 456.26605224609375 177.4141082763672 488.9957275390625 211.39895629882812 1.8314437 1.664913 0.64308524 -6.9810815 1.9008622 36.42397 0.7303807735443115 0.27014580368995667
Car 0.0 0 -1.8117214441299438 625.8275146484375 180.15982055664062 725.6136474609375 249.9423828125 3.4754941 1.4812623 1.6047554 1.4390558 1.6779271 17.542002 -1.7298698425292969 0.8938108682632446
Car 0.0 0 -0.9000902771949768 701.0166625976562 172.46951293945312 792.4115600585938 213.20860290527344 3.7563105 1.5297949 1.6176146 5.4793067 1.515715 28.931961 -0.7129210829734802 0.8320066332817078
Car 0.0 0 2.406026601791382 554.2698364257812 178.2206268310547 642.7093505859375 213.7976531982422 3.9680624 1.4969097 1.6242212 -0.5178816 1.7564145 32.891483 2.39028263092041 0.8107072710990906
Car 0.0 0 2.045548677444458 774.8535766601562 167.2521514892578 854.5969848632812 205.2263946533203 4.172488 1.570806 1.6739578 9.0753975 1.3394434 31.939388 2.3223962783813477 0.7180721163749695
Car 0.0 0 -1.1831945180892944 891.86669921875 160.94235229492188 956.6502075195312 193.11300659179688 4.0899434 1.5799322 1.6615889 16.314646 0.9952978 37.454823 -0.7723950743675232 0.6393134593963623
Car 0.0 0 2.0603392124176025 839.9547119140625 166.41246032714844 905.6702880859375 199.82850646972656 3.3947484 1.533516 1.5702361 12.673402 1.2382615 34.828434 2.4093260765075684 0.5170255303382874
Car 0.0 0 -2.646684408187866 939.7909545898438 178.1099395751953 1242.0 375.0 4.160177 1.4887176 1.6387665 3.1031034 1.5229115 2.4518523 -1.7445811033248901 0.3381969928741455
