Pedestrian 0.0 0 1.6143739223480225 485.7159118652344 175.64588928222656 509.93731689453125 237.37391662597656 1.7610104 1.7479979 0.6382011 -3.3623595 1.8347821 21.422623 1.4586902856826782 0.13838522136211395
Cyclist 0.0 0 1.5937016010284424 486.8109436035156 174.88587951660156 509.6544189453125 236.39031982421875 1.7653402 1.7446693 0.63437766 -3.3540893 1.8079989 21.442163 1.438534140586853 0.8068056106567383
Car 0.0 0 -0.49951887130737305 771.1791381835938 182.06639099121094 988.266357421875 259.03460693359375 3.8302436 1.4158559 1.5696139 5.328291 1.6160104 14.584993 -0.14925555884838104 0.8320594429969788
Car 0.0 0 2.591710329055786 827.4563598632812 186.23007202148438 1123.220703125 287.3232727050781 4.041385 1.4655645 1.6259197 5.7553477 1.701729 11.719403 3.0482091903686523 0.8265876173973083
Car 0.0 0 3.635878562927246 0.0 173.95558166503906 294.1138610839844 293.83282470703125 3.9831686 1.5572368 1.658511 -6.9567285 1.5750312 10.403519 3.0464766025543213 0.8163140416145325
Car 0.0 0 -1.6905674934387207 630.76513671875 178.7151641845703 682.6287841796875 217.62664794921875 4.329266 1.4736619 1.642373 1.8372469 1.7372944 30.198305 -1.629802942276001 0.7902646064758301
Car 0.0 0 -0.6608462929725647 936.1591186523438 178.74673461914062 1242.0 307.6738586425781 3.625179 1.4651356 1.5676075 6.254852 1.5477521 9.174086 -0.062442757189273834 0.6643795371055603
Car 0.0 0 -0.37131088972091675 763.6324462890625 171.27955627441406 946.8463134765625 237.24070739746094 3.7469494 1.4658303 1.5845279 5.6133657 1.4312001 16.91837 -0.05094892531633377 0.6538906097412109
Car 0.0 0 -2.8481574058532715 339.1470642089844 178.4796905517578 472.952880859375 225.6998291015625 4.0203733 1.5157888 1.64282 -6.820142 1.7117321 24.22316 -3.1226069927215576 0.6113862991333008
Car 0.0 0 2.3888540267944336 1030.9609375 196.75672912597656 1242.0 375.0 3.6347535 1.4520826 1.564351 6.041937 1.6960756 6.554959 3.1335487365722656 0.6005498170852661
Car 0.0 0 -2.740755796432495 376.2559814453125 178.95677185058594 490.4971008300781 220.86831665039062 3.8440595 1.4908183 1.6062968 -6.6351933 1.7295753 27.083277 -2.981015682220459 0.5964699387550354
Car 0.0 0 -2.2838926315307617 0.0 189.55926513671875 98.197021484375 375.0 3.767753 1.4341897 1.5697241 -6.679691 1.5899245 5.903383 -3.1309072971343994 0.5826073884963989
Car 0.0 0 3.6243884563446045 67.91014099121094 151.20664978027344 361.36749267578125 255.8712615966797 4.331623 1.7588879 1.7531658 -7.006022 1.395462 13.022569 3.130812168121338 0.5761605501174927
