Pedestrian 0.0 0 -2.2952098846435547 1014.8256225585938 193.64952087402344 1064.314453125 260.858154296875 0.95127964 1.7523375 0.7053661 11.652925 2.335174 19.67379 -1.7604660987854004 0.49686315655708313
Pedestrian 0.0 0 -3.2240281105041504 942.1001586914062 189.00718688964844 982.25732421875 269.60552978515625 0.7513839 1.7374481 0.72562325 7.8527 2.1114843 16.215067 -2.7730319499969482 0.41043683886528015
Pedestrian 0.0 0 -3.42254376411438 959.5859985351562 198.3233642578125 1008.8464965820312 288.3500671386719 0.72330344 1.7483163 0.6886587 7.5334735 2.2802062 14.647747 -2.947514295578003 0.2884725332260132
Pedestrian 0.0 0 -1.4348934888839722 353.0752868652344 191.55735778808594 397.7995300292969 290.96661376953125 0.8061893 1.7159721 0.67063934 -4.2910657 2.0673246 13.081032 -1.751870036125183 0.18627074360847473
Pedestrian 0.0 0 -1.1423051357269287 690.5914306640625 181.7345733642578 712.0689086914062 216.57440185546875 1.6360239 1.7492434 0.47079733 4.7136917 2.2207956 37.46173 -1.0171360969543457 0.11790300160646439
Pedestrian 0.0 0 1.3117151260375977 1077.4239501953125 125.45669555664062 1175.10986328125 280.7116394042969 1.6779003 1.7968242 0.5946578 6.497302 1.248635 9.237884 1.9246740341186523 0.11070305109024048
Cyclist 0.0 0 -0.9580705761909485 919.3507080078125 190.08688354492188 963.1558227539062 235.28062438964844 1.8154371 1.8074764 0.76512676 13.848424 2.5490506 30.243664 -0.5286705493927002 0.40198004245758057
Cyclist 0.0 0 -2.4716665744781494 887.2824096679688 184.0543975830078 940.9041137695312 234.12835693359375 1.9167719 1.8343209 0.6509731 11.679239 2.282828 27.87093 -2.0748486518859863 0.22634518146514893
Cyclist 0.0 0 -1.1286778450012207 690.537353515625 182.00634765625 712.2355346679688 216.47955322265625 1.6270313 1.7305046 0.46817285 4.716346 2.2163613 37.46033 -1.003434419631958 0.22032462060451508
Cyclist 0.0 0 -2.3067941665649414 1014.9346313476562 193.07232666015625 1064.511962890625 261.0605163574219 0.9685945 1.7716386 0.68790877 11.65193 2.3383448 19.665451 -1.7719018459320068 0.20988012850284576
Cyclist 0.0 0 1.2277249097824097 1060.077392578125 128.11163330078125 1174.009033203125 285.1337890625 1.736737 1.8065276 0.62996924 6.3532643 1.292128 9.218677 1.83114755153656 0.20149129629135132
Car 0.0 0 1.7505730390548706 515.6519165039062 200.32960510253906 568.842041015625 244.23548889160156 3.4563794 1.6131773 1.6506976 -2.848861 2.8450685 30.545351 1.6575754880905151 0.7769474387168884
Car 0.0 0 1.6905701160430908 657.8785400390625 196.36048889160156 689.6642456054688 221.56683349609375 3.6611273 1.524843 1.7397223 4.3626156 3.1953685 49.29273 1.7788443565368652 0.38771358132362366
Car 0.0 0 -0.8208997249603271 124.83525085449219 184.25723266601562 387.2041320800781 299.5854797363281 3.9659076 1.5153266 1.6415592 -5.6625924 1.7398044 12.03955 -1.2605329751968384 0.38016149401664734
Car 0.0 0 1.6333919763565063 563.5606689453125 192.71897888183594 591.5530395507812 216.31689453125 4.266804 1.5354944 1.781234 -2.3569431 3.0463884 52.71414 1.5887099504470825 0.2015296369791031
