Pedestrian 0.0 0 -2.6845991611480713 322.6875915527344 168.63333129882812 360.03485107421875 235.54443359375 0.7279627 1.7716041 0.66173744 -7.289054 1.6602118 19.466528 -3.042879104614258 0.20851582288742065
Pedestrian 0.0 0 -1.202974796295166 56.796077728271484 183.6953582763672 113.54782104492188 268.6274108886719 0.9474876 1.6961161 0.6651551 -11.00673 1.9314063 15.089185 -1.8331904411315918 0.20513209700584412
Pedestrian 0.0 0 -1.3772190809249878 816.5184326171875 159.84902954101562 888.2769775390625 286.9832763671875 1.5868858 1.7578824 0.73492205 3.6164963 1.5784206 10.845423 -1.0553560256958008 0.20294071733951569
Pedestrian 0.0 0 -1.1312263011932373 280.1476135253906 155.65982055664062 329.38653564453125 243.0200653076172 0.98253816 1.8073119 0.6115105 -6.5612526 1.4519559 15.426821 -1.5333633422851562 0.17667558789253235
Cyclist 0.0 0 -1.4673963785171509 811.905517578125 159.67250061035156 874.1144409179688 289.11456298828125 1.7798955 1.762649 0.7088637 3.4578428 1.5835106 10.779985 -1.1569995880126953 0.3369845151901245
Cyclist 0.0 0 -1.0659315586090088 0.0 172.6203155517578 95.225830078125 298.46044921875 1.6796889 1.6246428 0.5861274 -8.099748 1.6219838 10.189415 -1.7375659942626953 0.19196033477783203
Cyclist 0.0 0 -1.2008823156356812 54.764129638671875 182.0343017578125 112.177734375 267.20269775390625 0.9776404 1.6948781 0.659065 -11.00107 1.8936414 15.033712 -1.8326072692871094 0.12669657170772552
Car 0.0 0 1.8039387464523315 273.3551025390625 193.29150390625 420.8164367675781 293.7528076171875 4.221092 1.4796919 1.6625557 -4.82126 1.9301155 13.700448 1.4655675888061523 0.8974096179008484
Car 0.0 0 -1.6403424739837646 410.46807861328125 178.58615112304688 443.3959655761719 206.1622772216797 3.9517884 1.5300727 1.6258287 -10.993674 1.8893831 43.049355 -1.890372395515442 0.5788572430610657
Car 0.0 0 -2.08870005607605 516.4403076171875 158.3959197998047 590.72216796875 201.58396911621094 5.097138 2.3502953 2.0379958 -3.392886 1.563844 41.94298 -2.169417142868042 0.3487844169139862
