Pedestrian 0.0 0 0.9033036828041077 119.46569061279297 155.6049041748047 156.53175354003906 212.62127685546875 0.9415683 1.8538108 0.5643459 -15.661446 1.2933377 23.874 0.32271909713745117 0.3111780881881714
Pedestrian 0.0 0 1.819870114326477 316.8704833984375 168.21861267089844 394.6736145019531 317.3246765136719 1.6305697 1.7143621 0.5460959 -3.226965 1.661424 9.129867 1.48012375831604 0.10603958368301392
Cyclist 0.0 0 1.8347851037979126 315.6614074707031 168.76437377929688 398.0798034667969 319.44537353515625 1.7162548 1.7286484 0.5600253 -3.2156425 1.682089 9.151371 1.4968781471252441 0.8042132258415222
Car 0.0 0 -1.7242215871810913 640.5370483398438 176.5230255126953 717.894287109375 232.05935668945312 4.2372723 1.4560838 1.6210655 1.8927625 1.5761318 21.368124 -1.6358734369277954 0.8712807893753052
Car 0.0 0 -2.7527236938476562 257.2978210449219 181.13534545898438 430.8959655761719 241.32992553710938 3.796868 1.4268063 1.5678157 -6.667424 1.6457745 18.18976 -3.1040639877319336 0.7669137120246887
Car 0.0 0 -2.673297882080078 170.8819580078125 181.03111267089844 386.6172790527344 254.06982421875 3.940668 1.4698964 1.6055698 -7.1047854 1.6570643 15.598431 -3.1007003784179688 0.7495892643928528
Car 0.0 0 -0.8124136328697205 992.142822265625 173.61663818359375 1242.0 375.0 3.8365052 1.4830021 1.6047033 5.330046 1.4904546 5.779647 -0.06746260821819305 0.6436638236045837
Car 0.0 0 0.4360704720020294 318.5210876464844 179.45803833007812 449.24566650390625 229.88128662109375 3.722002 1.5474001 1.6189492 -7.3488035 1.7721277 23.462873 0.1325390338897705 0.6121695041656494
Car 0.0 0 -0.6295771598815918 911.0051879882812 156.79998779296875 1242.0 317.20208740234375 3.820075 1.6256392 1.649993 5.6169524 1.4632933 8.188683 -0.02834930643439293 0.5838498473167419
Car 0.0 0 -1.6873725652694702 618.4708862304688 174.77598571777344 658.9265747070312 205.17276000976562 3.9150555 1.4471831 1.5957502 1.3661857 1.5504576 36.618835 -1.6500816345214844 0.4840296804904938
