Pedestrian 0.0 0 1.2141985893249512 639.1074829101562 149.81895446777344 682.2266845703125 237.91014099121094 0.87059927 1.7772925 0.63010186 1.1887743 1.1393517 14.99518 1.293310284614563 0.7849988341331482
Pedestrian 0.0 0 -1.478590965270996 334.978271484375 165.21812438964844 361.30035400390625 221.53500366210938 0.97833186 1.8022152 0.7289921 -8.319662 1.2822726 23.548597 -1.8182004690170288 0.5148711204528809
Pedestrian 0.0 0 2.871351957321167 508.1601257324219 160.0363311767578 543.3217163085938 229.20118713378906 0.79015297 1.7980012 0.6281394 -2.0493603 1.2412068 19.108612 2.764512300491333 0.4581667482852936
Pedestrian 0.0 0 1.6823893785476685 26.625492095947266 174.7835235595703 98.98341369628906 323.4125061035156 0.69239175 1.6694392 0.61590695 -6.4154563 1.5953504 8.520629 1.0370142459869385 0.4326345920562744
Pedestrian 0.0 0 1.8183984756469727 557.7928466796875 150.82818603515625 609.7080688476562 255.86288452148438 0.883659 1.761822 0.7151866 -0.33790874 1.2486265 12.555924 1.7914927005767822 0.37643909454345703
Pedestrian 0.0 0 -1.6742445230484009 569.3030395507812 188.95599365234375 637.9303588867188 317.195556640625 0.7879887 1.5991155 0.8195796 -0.03395764 1.7029772 9.440923 -1.677841305732727 0.35069525241851807
Pedestrian 0.0 0 1.75050687789917 429.17303466796875 167.52342224121094 442.5863037109375 200.18426513671875 0.84669894 1.8785135 0.61952496 -9.617734 1.0754272 41.750347 1.524093747138977 0.321389764547348
Pedestrian 0.0 0 -2.624483823776245 493.7739562988281 174.4936065673828 526.296142578125 230.35394287109375 0.7870056 1.6987473 0.6425836 -2.8603232 1.4867972 22.28904 -2.75211501121521 0.30492737889289856
Pedestrian 0.0 0 -2.4907114505767822 588.0152587890625 170.758056640625 642.7698974609375 265.4560241699219 0.74277914 1.6850201 0.6964631 0.21937597 1.4951543 13.282548 -2.4741969108581543 0.2422666847705841
Pedestrian 0.0 0 1.5882500410079956 609.6925659179688 148.56594848632812 625.86669921875 198.08441162109375 0.8037925 1.8677492 0.6068511 0.6105724 0.62656426 27.50532 1.6104447841644287 0.234533429145813
Pedestrian 0.0 0 3.059885263442993 462.7500305175781 164.65521240234375 513.3692626953125 214.61166381835938 1.778084 1.7830464 0.5559704 -4.1462903 1.1828761 26.116873 2.902440309524536 0.18036437034606934
Pedestrian 0.0 0 1.7474682331085205 217.5707550048828 153.37393188476562 324.53277587890625 367.3263854980469 1.7192787 1.6822864 0.5929559 -2.9974062 1.4625275 6.552019 1.3184127807617188 0.16131491959095
Pedestrian 0.0 0 -1.2102444171905518 0.0 135.7574462890625 66.4078598022461 243.05746459960938 1.6966902 1.68652 0.46595547 -9.719391 0.96884537 12.166876 -1.8842778205871582 0.10439521074295044
Cyclist 0.0 0 1.7357171773910522 216.21739196777344 152.32821655273438 324.2184753417969 367.715087890625 1.7367158 1.6696172 0.6075137 -2.9719372 1.4448808 6.4833055 1.305901050567627 0.7144591808319092
Cyclist 0.0 0 3.073197841644287 461.8749084472656 163.9198455810547 512.4299926757812 214.30471801757812 1.7809684 1.7987543 0.54987794 -4.1785517 1.172192 26.110516 2.9145100116729736 0.587698757648468
Cyclist 0.0 0 -1.2151670455932617 0.0 135.71791076660156 66.5313491821289 243.73512268066406 1.7143549 1.6965556 0.47175 -9.720196 0.9787842 12.167735 -1.8892064094543457 0.3975910544395447
Cyclist 0.0 0 -1.477281093597412 334.5595703125 164.9695587158203 361.1593933105469 221.51625061035156 1.010857 1.8074015 0.73291606 -8.324379 1.2801387 23.537071 -1.8172225952148438 0.1547451913356781
Cyclist 0.0 0 1.2165075540542603 639.6071166992188 150.77671813964844 682.2625122070312 237.46823120117188 0.8736335 1.757954 0.62478113 1.2006092 1.1361811 15.069172 1.2960127592086792 0.10953785479068756
Car 0.0 0 1.9111745357513428 6.878471374511719 185.7836151123047 305.7013854980469 357.6134948730469 4.068286 1.4804978 1.6117648 -4.8322268 1.5449386 8.4386835 1.3911247253417969 0.8063417077064514
