Pedestrian 0.0 0 1.6459182500839233 351.2757568359375 179.98947143554688 368.5657043457031 222.8123016357422 1.2401893 1.6470577 0.55918545 -9.963003 1.9373462 28.64387 1.3111839294433594 0.1594005972146988
Cyclist 0.0 0 -3.704073667526245 1058.9437255859375 204.92349243164062 1242.0 361.5833435058594 1.9096605 1.7064815 0.7822972 6.4610248 2.1067066 8.522027 -3.055373191833496 0.23212866485118866
Cyclist 0.0 0 -1.5083723068237305 350.3061218261719 179.34315490722656 367.6016540527344 223.0454559326172 1.5625881 1.6654247 0.55292684 -9.9726095 1.9301567 28.566395 -1.844247579574585 0.21022716164588928
Cyclist 0.0 0 -1.7661378383636475 875.6118774414062 159.99984741210938 938.2044067382812 280.06866455078125 1.8296293 1.7857335 0.5807081 4.713889 1.5949168 11.681368 -1.3825842142105103 0.18970969319343567
Cyclist 0.0 0 -1.6969146728515625 711.9094848632812 159.56161499023438 731.4727783203125 207.5963897705078 1.6902587 1.7210944 0.5026482 4.078603 1.2451842 26.701324 -1.545337200164795 0.15679849684238434
Car 0.0 0 2.0365219116210938 159.2378387451172 185.99136352539062 328.838623046875 264.5655212402344 4.1907463 1.4551835 1.6569103 -8.00332 1.788112 16.162617 1.5767420530319214 0.8796411156654358
Car 0.0 0 1.7352625131607056 318.0112609863281 188.11866760253906 349.3395080566406 209.74435424804688 4.0131903 1.5594051 1.6853268 -21.875439 2.8145387 57.17421 1.3698365688323975 0.23786526918411255
Car 0.0 0 2.2997117042541504 102.14231872558594 205.94886779785156 184.5287322998047 239.2404327392578 3.4576066 1.4668689 1.7060779 -24.065474 3.2620554 37.288067 1.7265818119049072 0.18938830494880676
Car 0.0 0 1.9650574922561646 501.37933349609375 177.20094299316406 534.9109497070312 195.6367645263672 3.6430485 1.5082228 1.5774779 -7.8688245 1.8934637 61.917862 1.8386502265930176 0.16433125734329224
Car 0.0 0 1.9139928817749023 451.6853942871094 175.20230102539062 494.6096496582031 198.2599639892578 4.041515 1.5031003 1.6345271 -9.379963 1.671768 49.589195 1.7270481586456299 0.14634227752685547
Car 0.0 0 1.9688729047775269 495.668212890625 177.12429809570312 526.345703125 193.5635986328125 3.7000184 1.4989947 1.5902141 -9.426196 1.9184481 68.81776 1.8327467441558838 0.14562775194644928
