Pedestrian 0.0 0 2.471588373184204 684.078857421875 152.5122528076172 808.3604125976562 342.7812805175781 1.0460799 1.789679 0.6735617 1.4164406 1.5183939 7.293769 2.6633996963500977 0.7998660206794739
Pedestrian 0.0 0 1.6252479553222656 599.9927978515625 171.33935546875 623.629638671875 237.364013671875 0.84373707 1.7531763 0.59924656 0.25713497 1.484543 19.512747 1.6384249925613403 0.6789300441741943
Pedestrian 0.0 0 -1.4761862754821777 552.7705688476562 165.50933837890625 580.32666015625 232.64505004882812 0.9136797 1.8052479 0.67713064 -0.98347664 1.3764282 19.78467 -1.525854468345642 0.6671530604362488
Pedestrian 0.0 0 0.021017668768763542 587.2513427734375 166.43006896972656 614.366943359375 229.47698974609375 0.7699032 1.7891703 0.5691557 -0.042585526 1.3626534 20.674402 0.018957853317260742 0.5600380897521973
Pedestrian 0.0 0 -1.8086059093475342 631.3506469726562 169.3114776611328 650.4141845703125 212.43373107910156 0.79594 1.6944529 0.5872992 1.5519835 1.2165253 28.668669 -1.754523515701294 0.4642709791660309
Pedestrian 0.0 0 2.841742515563965 610.5032958984375 167.39515686035156 638.4768676757812 228.38841247558594 0.6881041 1.7860436 0.59204656 0.6548442 1.3741491 21.409016 2.8723201751708984 0.38562047481536865
Pedestrian 0.0 0 -2.8218600749969482 486.92901611328125 168.93948364257812 524.6011962890625 232.04835510253906 0.97035307 1.8260304 0.5707 -2.8414478 1.4637334 21.152369 -2.955393075942993 0.3748362362384796
Pedestrian 0.0 0 1.5381979942321777 464.3622131347656 169.26271057128906 493.6341857910156 241.78314208984375 1.081652 1.8518677 0.72261447 -3.2707362 1.540557 18.943354 1.367224931716919 0.3735721707344055
Pedestrian 0.0 0 -0.4561325013637543 663.0210571289062 162.49404907226562 694.660888671875 217.8095245361328 0.83936703 1.7849427 0.63621056 2.516689 1.1727467 23.619635 -0.34998229146003723 0.3667565882205963
Pedestrian 0.0 0 -1.159416913986206 575.4365844726562 167.41873168945312 599.5047607421875 215.4276580810547 0.75152093 1.8166049 0.6839677 -0.5535441 1.2848129 27.656181 -1.1794294118881226 0.3592466711997986
Pedestrian 0.0 0 -0.6899410486221313 754.6187133789062 141.75120544433594 803.7859497070312 221.545166015625 0.93888944 1.8478701 0.6505767 4.201844 0.92857397 17.129526 -0.44939231872558594 0.3351689279079437
Pedestrian 0.0 0 1.5419505834579468 402.3066711425781 172.3997802734375 440.2742004394531 270.92877197265625 0.7605192 1.753282 0.6536789 -3.3675773 1.5926198 13.2352085 1.2927967309951782 0.3086349070072174
Pedestrian 0.0 0 1.0998742580413818 623.38818359375 168.55657958984375 641.789794921875 203.20040893554688 0.8886838 1.7886353 0.6269758 1.6231292 1.1212356 37.618843 1.1429941654205322 0.3082709312438965
Pedestrian 0.0 0 -1.5877797603607178 298.6800842285156 187.62977600097656 348.495361328125 313.2016906738281 0.6783026 1.6805791 0.6327976 -3.9518826 1.7716954 10.087474 -1.9611637592315674 0.29133307933807373
Pedestrian 0.0 0 -1.9136476516723633 658.7431030273438 165.0985107421875 681.122314453125 212.8790283203125 0.8060927 1.7500695 0.5924045 2.5273545 1.1503707 26.771595 -1.8195222616195679 0.276825875043869
Pedestrian 0.0 0 1.5651236772537231 429.2754821777344 183.6383514404297 457.9851379394531 264.1463317871094 1.7172692 1.7315007 0.6078013 -3.646154 1.7842152 16.399282 1.346346139907837 0.2323213666677475
Pedestrian 0.0 0 -1.7700862884521484 937.52880859375 130.98074340820312 1007.8453979492188 281.65203857421875 1.4828306 1.8028156 0.5208715 4.7628455 1.1996849 9.37648 -1.300093650817871 0.2059221714735031
Cyclist 0.0 0 1.5658775568008423 430.3806457519531 183.06979370117188 459.1595764160156 263.58148193359375 1.7420441 1.7293613 0.60818255 -3.615177 1.7683594 16.37904 1.3486409187316895 0.5917813777923584
Cyclist 0.0 0 2.551471710205078 948.5632934570312 133.6929931640625 1093.13037109375 262.7677917480469 1.7548857 1.7694846 0.56508934 5.880914 1.1154212 10.1852455 3.0751044750213623 0.34845662117004395
Cyclist 0.0 0 1.5312331914901733 464.6968078613281 170.43653869628906 493.819580078125 242.51040649414062 1.0977865 1.8392675 0.71059245 -3.2633324 1.5581152 18.939667 1.3606070280075073 0.2369101643562317
Cyclist 0.0 0 -0.42195627093315125 655.2681274414062 163.84286499023438 687.1650390625 218.5044403076172 0.84738785 1.7630906 0.65907305 2.265004 1.1946616 23.615007 -0.32633501291275024 0.14074008166790009
Cyclist 0.0 0 2.497121572494507 684.1055908203125 157.57305908203125 808.8783569335938 344.1416320800781 1.0466498 1.7571964 0.6764894 1.4181621 1.533215 7.296029 2.6891021728515625 0.13163523375988007
Cyclist 0.0 0 -1.4835389852523804 552.8235473632812 165.37107849121094 580.1858520507812 233.46627807617188 0.98145294 1.8283877 0.672397 -0.9842065 1.3964809 19.788023 -1.5332355499267578 0.11049879342317581
Car 0.0 0 1.7550699710845947 520.9480590820312 176.96392822265625 552.4251098632812 197.88063049316406 3.9265463 1.4614409 1.5879891 -4.6494985 1.1451441 52.217175 1.6662626266479492 0.4253508448600769
