Pedestrian 0.0 0 -1.5857303142547607 311.5850830078125 186.20166015625 338.1110534667969 251.14556884765625 1.2084583 1.685027 0.6515618 -7.8351665 2.062164 19.681906 -1.9645888805389404 0.22996428608894348
Pedestrian 0.0 0 3.4169600009918213 221.58946228027344 157.22540283203125 267.38861083984375 235.658203125 0.8362705 1.821106 0.612468 -8.717243 1.4585885 17.131966 2.9462740421295166 0.15488439798355103
Pedestrian 0.0 0 1.3580870628356934 743.5271606445312 123.07757568359375 796.7783203125 248.51564025878906 0.90510565 1.880913 0.63033575 2.4322457 1.1348855 11.269131 1.5706589221954346 0.1532905399799347
Pedestrian 0.0 0 -1.9123625755310059 58.969993591308594 164.74392700195312 126.6290283203125 282.3080749511719 0.73749304 1.742081 0.63934565 -8.053198 1.6222627 11.161658 -2.5373764038085938 0.1267174929380417
Cyclist 0.0 0 -1.5606648921966553 310.3363342285156 186.04217529296875 337.1610107421875 251.59512329101562 1.3104011 1.6950291 0.65915126 -7.847975 2.0684536 19.678068 -1.9401521682739258 0.22856667637825012
Cyclist 0.0 0 -1.2138285636901855 194.2846221923828 174.90113830566406 227.33424377441406 228.78013610839844 1.6637896 1.6800878 0.3834519 -12.980543 1.7492942 23.412516 -1.720064640045166 0.15756699442863464
Cyclist 0.0 0 -0.9625016450881958 0.0 159.834228515625 69.05047607421875 249.70535278320312 1.6694844 1.6996919 0.44369498 -11.715042 1.4538127 14.491835 -1.6423370838165283 0.1217595562338829
Car 0.0 0 1.833796739578247 303.6260070800781 189.224609375 459.8845520019531 297.3926086425781 3.8671007 1.4980134 1.6037985 -3.8079998 1.8273855 12.540555 1.5389902591705322 0.8909129500389099
Car 0.0 0 1.7732020616531372 412.2617492675781 171.74684143066406 509.19891357421875 248.6370086669922 4.0639873 1.7750238 1.6621135 -3.7788851 1.749823 18.688473 1.5736881494522095 0.8216758370399475
Car 0.0 0 1.721323013305664 516.97802734375 178.6810302734375 560.3477172851562 210.54766845703125 3.893514 1.4730603 1.5918485 -3.5464067 1.7807177 36.063004 1.6232990026474 0.6627368927001953
