Pedestrian 0.0 0 -2.9457833766937256 429.15948486328125 153.31884765625 514.771728515625 293.9979553222656 0.9701015 1.7108847 0.5478164 -1.7025427 1.381998 8.870782 -3.135404586791992 0.6354097127914429
Pedestrian 0.0 0 -1.5438437461853027 839.4925537109375 173.08982849121094 867.9003295898438 243.16505432128906 0.8024691 1.721499 0.65741694 6.2505407 1.5410552 17.856627 -1.2071329355239868 0.23450139164924622
Pedestrian 0.0 0 -0.4247073531150818 821.6765747070312 190.6248321533203 869.9338989257812 280.3003234863281 0.6778512 1.7134469 0.6869041 4.705031 1.9204977 13.964974 -0.09973536431789398 0.16101747751235962
Pedestrian 0.0 0 -1.5763498544692993 846.94384765625 144.07675170898438 883.6237182617188 249.01947021484375 1.1050671 1.7781631 0.58784765 4.5855427 1.1626511 12.59461 -1.2271802425384521 0.13615044951438904
Pedestrian 0.0 0 -2.4398717880249023 1158.969482421875 166.17298889160156 1224.0 266.6726989746094 0.91428804 1.6445364 0.5787588 10.089953 1.4117471 12.064933 -1.7433829307556152 0.13249358534812927
Pedestrian 0.0 0 -0.6065852046012878 48.06052780151367 190.5396728515625 110.3433609008789 250.8484344482422 1.3327936 1.66157 0.6173406 -15.220204 1.963916 20.447891 -1.2464547157287598 0.12097781896591187
Pedestrian 0.0 0 -0.8199498653411865 983.63916015625 191.10189819335938 1123.5830078125 370.0 0.6603064 1.6243804 0.59086627 3.2756515 1.7108011 5.27325 -0.2641003429889679 0.1189759150147438
Pedestrian 0.0 0 -2.1692891120910645 1112.0146484375 188.47384643554688 1224.0 370.0 0.67797345 1.6665194 0.6582473 4.3120914 1.7321707 5.2994366 -1.4862569570541382 0.11826305091381073
Cyclist 0.0 0 0.9826784729957581 0.0 170.9071807861328 83.24395751953125 256.17156982421875 1.7998937 1.645966 0.7272074 -11.593812 1.4624164 14.257362 0.29995203018188477 0.2384837567806244
Cyclist 0.0 0 3.5020081996917725 39.228729248046875 190.09671020507812 110.8423843383789 250.73147583007812 1.5136946 1.6870278 0.66877043 -15.277507 1.9723412 20.368052 2.8584609031677246 0.22161251306533813
Cyclist 0.0 0 -1.677667260169983 868.172607421875 174.400634765625 927.8618774414062 299.2476501464844 1.9824355 1.66552 0.59193075 4.247142 1.5858234 10.461794 -1.2920275926589966 0.14296959340572357
Car 0.0 0 1.8377543687820435 49.596763610839844 186.17050170898438 134.9265899658203 229.76605224609375 4.01286 1.4599849 1.5715736 -19.03585 1.6904279 26.388021 1.21282160282135 0.23772947490215302
Car 0.0 0 -1.3872164487838745 295.6942443847656 194.29953002929688 377.7422790527344 251.5853271484375 3.5550241 1.4084237 1.5609237 -7.5813284 1.8406266 20.173647 -1.7466914653778076 0.15641456842422485
