Pedestrian 0.0 0 1.1362682580947876 344.45843505859375 169.3147735595703 388.8472900390625 244.80088806152344 0.8624627 1.797617 0.73999035 -5.9068756 1.5328561 17.400023 0.8090002536773682 0.702938973903656
Pedestrian 0.0 0 1.785505771636963 703.8087158203125 146.5684356689453 738.6936645507812 229.4093017578125 0.84534466 1.8442124 0.6273941 2.6390774 1.0904374 16.243734 1.946565866470337 0.34870800375938416
Pedestrian 0.0 0 1.0846318006515503 915.8575439453125 73.06684875488281 1049.2705078125 313.096923828125 0.94525164 1.8152224 0.5873073 3.011762 1.0044717 5.817148 1.5623693466186523 0.21995951235294342
Pedestrian 0.0 0 -2.349395513534546 397.7352600097656 171.23680114746094 422.7455749511719 217.24209594726562 0.6568045 1.7251294 0.6437562 -7.448577 1.3792855 26.95113 -2.6190381050109863 0.21332040429115295
Cyclist 0.0 0 1.7707600593566895 520.3466796875 168.64761352539062 535.8346557617188 199.657958984375 1.9259706 1.7689047 0.529987 -4.4905934 1.0941993 41.310043 1.6624805927276611 0.48456987738609314
Cyclist 0.0 0 -1.1993343830108643 133.42364501953125 173.7765655517578 204.91806030273438 287.3653869628906 1.6660832 1.6385301 0.37461036 -6.815741 1.5432088 11.047438 -1.7521255016326904 0.33227258920669556
Car 0.0 0 -1.611944556236267 592.7943115234375 159.8400421142578 643.89453125 213.49908447265625 3.7066627 1.7559372 1.6378087 0.37790394 1.081405 25.006508 -1.5968334674835205 0.5621253848075867
Car 0.0 0 0.8433370590209961 439.4376525878906 179.17459106445312 493.82379150390625 200.16757202148438 4.116704 1.5041686 1.6443653 -10.301023 1.4104902 52.555824 0.6497890949249268 0.35066425800323486
Car 0.0 0 1.628354549407959 954.8245849609375 185.48428344726562 1031.6192626953125 247.94813537597656 3.601919 1.4322861 1.5514085 10.159299 1.5776403 18.45405 2.1315958499908447 0.2823598086833954
Car 0.0 0 1.444525122642517 570.3328857421875 167.02685546875 620.3909912109375 206.64007568359375 4.007396 1.5718775 1.6272538 -0.49845093 1.0387517 30.150278 1.4279943704605103 0.24507147073745728
Car 0.0 0 0.8050727248191833 1101.477783203125 164.88192749023438 1224.0 293.651611328125 3.8124144 1.5629565 1.5943834 9.511465 1.3750705 10.506153 1.5408210754394531 0.23419886827468872
