Pedestrian 0.0 0 0.1624384969472885 616.0491943359375 160.49398803710938 724.742919921875 331.3871154785156 1.0550824 1.7020459 0.6804917 0.658481 1.5044863 7.497227 0.2500436305999756 0.6782055497169495
Pedestrian 0.0 0 -1.0798511505126953 660.5379638671875 169.97528076171875 714.3990478515625 260.8399353027344 0.801357 1.6364334 0.7113069 1.5088836 1.4485286 13.260467 -0.966550350189209 0.43399208784103394
Pedestrian 0.0 0 -1.5670607089996338 840.2864379882812 173.67904663085938 867.7666015625 244.1009979248047 0.7916815 1.7293806 0.6401726 6.2454534 1.5634733 17.838335 -1.2302842140197754 0.23278379440307617
Pedestrian 0.0 0 -2.1516261100769043 1110.8228759765625 189.38710021972656 1224.0 370.0 0.67859834 1.6591133 0.66655076 4.3133025 1.7323127 5.3116336 -1.4695817232131958 0.15102164447307587
Pedestrian 0.0 0 -0.8491789698600769 982.6622314453125 192.19557189941406 1123.35546875 370.0 0.67679673 1.6224512 0.58648765 3.2705338 1.7176757 5.2698812 -0.29374372959136963 0.144578218460083
Pedestrian 0.0 0 -1.7021015882492065 755.908935546875 129.31301879882812 802.5029296875 237.3047332763672 0.8240189 1.846503 0.69595987 3.0297916 0.9729265 12.531037 -1.4648714065551758 0.13967597484588623
Pedestrian 0.0 0 -0.4321770966053009 821.1475830078125 184.5560760498047 868.4828491210938 274.18505859375 0.6763851 1.7217255 0.6444206 4.686908 1.8055468 13.966219 -0.1083979383111 0.13327720761299133
Pedestrian 0.0 0 -0.613012969493866 55.53581237792969 191.71986389160156 100.39844512939453 252.8553009033203 0.8101207 1.7064594 0.6531081 -15.23163 2.0394757 20.39576 -1.2544653415679932 0.1250273436307907
Pedestrian 0.0 0 -1.2115519046783447 77.3949966430664 200.74610900878906 112.63656616210938 256.9964294433594 1.1469187 1.6614989 0.51923436 -15.851101 2.3094728 21.948402 -1.8370212316513062 0.1057305783033371
Pedestrian 0.0 0 -2.1937031745910645 1142.580078125 154.48251342773438 1224.0 256.7904968261719 1.6639161 1.6397212 0.541219 10.075803 1.2243854 12.17562 -1.502394199371338 0.10452386736869812
Cyclist 0.0 0 -2.1937031745910645 1142.580078125 154.48251342773438 1224.0 256.7904968261719 1.6639161 1.6397212 0.541219 10.075803 1.2243854 12.17562 -1.502394199371338 0.2164597362279892
Cyclist 0.0 0 -1.071912169456482 654.2978515625 166.31016540527344 719.1959228515625 260.1365966796875 1.2414025 1.6593381 0.6983379 1.4984598 1.4100317 13.2079735 -0.9589440822601318 0.1926695853471756
Cyclist 0.0 0 0.15191610157489777 611.5051879882812 160.3673095703125 723.6039428710938 332.4843444824219 1.0923258 1.7100652 0.7074102 0.6296515 1.511732 7.4913907 0.23576903343200684 0.18666096031665802
Cyclist 0.0 0 -1.2115519046783447 77.3949966430664 200.74610900878906 112.63656616210938 256.9964294433594 1.1469187 1.6614989 0.51923436 -15.851101 2.3094728 21.948402 -1.8370212316513062 0.13424284756183624
Cyclist 0.0 0 1.8237155675888062 67.30548095703125 152.72628784179688 124.80986785888672 249.3600311279297 1.5870346 1.6780727 0.4861194 -9.443434 1.1974198 13.100744 1.1991448402404785 0.1253816783428192
Car 0.0 0 1.9694184064865112 51.42947769165039 186.01942443847656 147.96261596679688 228.88401794433594 3.8909922 1.4455785 1.5440816 -18.78303 1.6696281 26.438164 1.3517124652862549 0.22720731794834137
Car 0.0 0 -1.0694000720977783 291.1810607910156 197.25869750976562 406.5208435058594 255.13522338867188 3.5632253 1.4089062 1.5703756 -7.2134166 1.9335222 20.180016 -1.4126994609832764 0.15687140822410583
