Pedestrian 0.0 0 3.152855396270752 532.6788330078125 169.75177001953125 562.1585083007812 227.9143524169922 0.91457903 1.8068695 0.6385177 -1.7275963 1.4430113 22.661278 3.0767669677734375 0.5975925922393799
Pedestrian 0.0 0 -1.5432828664779663 697.234130859375 171.037841796875 718.9216918945312 227.5694122314453 0.85127556 1.8089867 0.6793078 3.4633331 1.4753011 23.46184 -1.3967256546020508 0.5904049277305603
Pedestrian 0.0 0 1.53525972366333 751.1084594726562 155.38021850585938 793.2352294921875 266.36712646484375 0.8382153 1.7942933 0.65540814 2.8169098 1.3733144 12.084795 1.764266014099121 0.5462538599967957
Pedestrian 0.0 0 -0.6697434782981873 1128.818603515625 129.61651611328125 1238.0 360.2237854003906 0.71348906 1.7328929 0.5736986 4.6945167 1.3444135 5.6892743 0.020147085189819336 0.4704468846321106
Pedestrian 0.0 0 -1.1852753162384033 915.1766357421875 157.327392578125 1062.3397216796875 374.0 0.71416694 1.6716601 0.7107738 2.7060485 1.5175406 5.1210866 -0.6991565227508545 0.4349374771118164
Pedestrian 0.0 0 -1.6839786767959595 669.4683837890625 171.78564453125 691.16455078125 227.85562133789062 0.76008356 1.7948837 0.6179468 2.5355737 1.4850117 23.37398 -1.5759227275848389 0.41966718435287476
Pedestrian 0.0 0 0.1536771059036255 810.4359130859375 147.26565551757812 834.6803588867188 198.58995056152344 0.7703085 1.8582453 0.6043288 8.121904 0.6198057 26.445368 0.45165324211120605 0.4035695493221283
Pedestrian 0.0 0 -0.8154999017715454 1071.0679931640625 115.54975891113281 1185.7374267578125 288.7170104980469 0.82999575 1.8241017 0.62473994 5.766434 1.130759 7.9485345 -0.18788281083106995 0.3148582875728607
Pedestrian 0.0 0 1.87546706199646 24.43324089050293 154.1246795654297 85.4029769897461 261.5816955566406 0.95044243 1.7433896 0.5669955 -9.299015 1.300542 12.194985 1.2239962816238403 0.3069240152835846
Pedestrian 0.0 0 -0.4020681381225586 1022.0589599609375 125.145751953125 1118.375732421875 280.8956298828125 0.8090863 1.8318688 0.62350535 5.68681 1.1703984 8.822035 0.17051172256469727 0.2723143398761749
Pedestrian 0.0 0 1.1271700859069824 18.791357040405273 150.7978515625 64.01175689697266 224.1652374267578 0.8704572 1.8083012 0.5840894 -14.189926 1.052768 18.15824 0.4638371467590332 0.26366865634918213
Pedestrian 0.0 0 -2.9577927589416504 472.0804748535156 162.22882080078125 506.30816650390625 226.75173950195312 0.871997 1.8270221 0.6419526 -3.2525253 1.2824861 20.670607 -3.113863229751587 0.2620738744735718
Pedestrian 0.0 0 -2.1064045429229736 713.76220703125 175.14749145507812 764.70166015625 262.45263671875 0.9549546 1.7841681 0.66480404 2.8744497 1.6555885 15.239669 -1.919978380203247 0.24201905727386475
Pedestrian 0.0 0 -0.2292465716600418 607.0509643554688 170.31747436523438 624.263427734375 203.72341918945312 0.81985617 1.8324722 0.68138325 0.7836831 1.2198788 39.81994 -0.20956844091415405 0.23439495265483856
Pedestrian 0.0 0 -1.5356119871139526 353.99285888671875 184.22512817382812 396.03643798828125 292.0940856933594 1.6496913 1.7531958 0.6501751 -3.9875531 1.8056067 12.598647 -1.8421427011489868 0.15327581763267517
Cyclist 0.0 0 -0.9843703508377075 953.4991455078125 168.03976440429688 1072.4937744140625 284.6114501953125 1.781692 1.6759769 0.72704625 6.2953253 1.48377 11.050417 -0.46653497219085693 0.3978388011455536
Cyclist 0.0 0 1.6206775903701782 353.5733337402344 182.0708465576172 396.6441955566406 289.8479309082031 1.7360637 1.7404333 0.63515806 -3.9616873 1.7523826 12.527117 1.3143810033798218 0.32732686400413513
Cyclist 0.0 0 -2.234135150909424 913.4966430664062 142.55291748046875 1004.0518798828125 237.18777465820312 1.8603116 1.767248 0.59708834 7.064101 1.0411966 14.38349 -1.7776122093200684 0.28838396072387695
Cyclist 0.0 0 -0.9935252666473389 7.857193946838379 200.9742431640625 82.1181869506836 289.7183837890625 1.4817392 1.6105077 0.4145926 -10.940193 2.0150955 14.120211 -1.652703881263733 0.23584002256393433
Cyclist 0.0 0 1.87546706199646 24.43324089050293 154.1246795654297 85.4029769897461 261.5816955566406 0.95044243 1.7433896 0.5669955 -9.299015 1.300542 12.194985 1.2239962816238403 0.10311854630708694
Car 0.0 0 2.4714603424072266 0.0 183.39805603027344 341.9129943847656 374.0 3.9300299 1.4093795 1.5659546 -2.7274146 1.4234499 2.7456615 1.6893961429595947 0.6238629817962646
Car 0.0 0 -1.6629116535186768 744.882080078125 163.886962890625 809.3272705078125 217.13084411621094 3.6461794 1.5233545 1.6078354 5.382238 1.0205704 22.468632 -1.4277973175048828 0.26283735036849976
