Pedestrian 0.0 0 -2.8118059635162354 984.8875732421875 140.3677215576172 1104.0675048828125 333.0859069824219 0.8085481 1.7296615 0.6866621 4.2462873 1.361876 6.974863 -2.264941930770874 0.5581647753715515
Pedestrian 0.0 0 1.915675401687622 426.4139099121094 126.71336364746094 475.83056640625 232.36476135253906 0.7999465 1.8478466 0.6453228 -2.7497904 0.89090246 13.001233 1.7072447538375854 0.5561356544494629
Pedestrian 0.0 0 1.8900741338729858 565.25146484375 161.77777099609375 582.3248901367188 200.8599853515625 0.69825023 1.835627 0.62455666 -1.3218367 0.91022307 34.158344 1.851396083831787 0.42307108640670776
Pedestrian 0.0 0 -1.8539056777954102 784.578125 152.57313537597656 826.9385986328125 240.3914337158203 0.7346863 1.7765263 0.6638713 4.189891 1.1925911 14.899303 -1.5797717571258545 0.40889763832092285
Pedestrian 0.0 0 -1.7231794595718384 478.1627197265625 174.50918579101562 497.0308837890625 217.50820922851562 0.88121843 1.6455548 0.5980088 -4.460808 1.3790418 27.998638 -1.881173849105835 0.3891066908836365
Pedestrian 0.0 0 3.356293201446533 304.9408264160156 147.68353271484375 360.78839111328125 235.3296661376953 1.0195907 1.8317894 0.58715165 -5.772366 1.1262653 15.374374 2.9971249103546143 0.37537315487861633
Pedestrian 0.0 0 -2.0167133808135986 635.4782104492188 162.23202514648438 649.4308471679688 193.1591339111328 0.6907708 1.9289649 0.64166975 2.5878282 0.72792387 45.242146 -1.95957612991333 0.3108661472797394
Pedestrian 0.0 0 -1.8716838359832764 651.4816284179688 162.06341552734375 665.01171875 192.4945831298828 0.7383399 1.9184691 0.66891587 3.6199787 0.6938502 45.717037 -1.7926664352416992 0.2377348691225052
Pedestrian 0.0 0 -2.970667839050293 470.0006103515625 148.3604736328125 534.7310180664062 212.4549560546875 1.7656965 1.8107582 0.59958684 -2.8617392 0.8756654 20.620125 -3.1085708141326904 0.13101202249526978
Cyclist 0.0 0 0.11774162203073502 473.2719421386719 148.05812072753906 537.17236328125 212.02296447753906 1.7623835 1.809409 0.59768546 -2.779358 0.8645644 20.63038 -0.01617368310689926 0.3783527910709381
Cyclist 0.0 0 -1.7756786346435547 477.8416748046875 173.41567993164062 498.3143310546875 216.66754150390625 0.93702483 1.6501403 0.60732675 -4.434679 1.3427321 27.948936 -1.933037519454956 0.15205810964107513
Cyclist 0.0 0 3.43845272064209 294.79296875 147.3159637451172 354.475830078125 235.08995056152344 1.0637501 1.8333132 0.5917956 -5.933579 1.1205544 15.334634 3.0692555904388428 0.1493101269006729
Car 0.0 0 1.6571722030639648 574.7422485351562 173.41934204101562 628.9156494140625 219.7592315673828 3.8536665 1.4966283 1.5715574 0.06046604 1.236745 25.186188 1.659572958946228 0.7446361780166626
Car 0.0 0 0.39211034774780273 0.0 0.0 1238.0 374.0 3.9483054 1.4659054 1.5875511 2.4794989 1.2570115 1.1283083 1.5358569622039795 0.2573445737361908
Car 0.0 0 -1.6530159711837769 663.0205688476562 144.36453247070312 723.6956787109375 199.11904907226562 4.556932 1.7833496 1.7588099 3.169825 0.5749429 25.705677 -1.5303231477737427 0.25085896253585815
