Pedestrian 0.0 0 1.9038293361663818 746.1575317382812 145.3720245361328 856.6918334960938 351.3428649902344 0.943067 1.7310199 0.7175201 1.8097519 1.4287801 6.626148 2.1704494953155518 0.7720472812652588
Pedestrian 0.0 0 -1.5539841651916504 611.1065063476562 165.5544891357422 635.0814819335938 232.9205322265625 0.8028162 1.742961 0.62052727 0.54616684 1.331577 18.99798 -1.5252434015274048 0.6948629021644592
Pedestrian 0.0 0 -1.6109719276428223 599.7313232421875 166.04969787597656 622.7757568359375 229.21282958984375 0.8002345 1.7324977 0.6109301 0.23813722 1.3098674 20.10916 -1.5991302728652954 0.6937471032142639
Pedestrian 0.0 0 2.1376802921295166 622.8265991210938 161.174072265625 654.2503662109375 223.35765075683594 0.74601644 1.777766 0.6144782 1.0592481 1.197809 21.01587 2.188040018081665 0.6435710787773132
Pedestrian 0.0 0 1.428945779800415 557.4680786132812 165.8192596435547 589.4833984375 236.13583374023438 0.95102245 1.8234549 0.7232038 -0.7866233 1.417994 19.158651 1.3879104852676392 0.6419790983200073
Pedestrian 0.0 0 -0.004864335060119629 482.6399841308594 158.22457885742188 510.8356018066406 222.2016143798828 0.7816286 1.7866241 0.5415076 -3.0024257 1.1377832 20.384115 -0.15110523998737335 0.6299153566360474
Pedestrian 0.0 0 1.3390271663665771 640.707275390625 166.62770080566406 660.2498779296875 212.34007263183594 0.7792708 1.7576165 0.59689146 1.8917909 1.1868051 28.050217 1.4063681364059448 0.526809573173523
Pedestrian 0.0 0 0.15225014090538025 742.6416015625 156.00704956054688 771.6954345703125 216.2384490966797 0.777075 1.7846905 0.5979509 4.679745 1.0304482 21.699934 0.3646543025970459 0.5261348485946655
Pedestrian 0.0 0 -1.7438486814498901 584.8497314453125 163.92774963378906 607.8554077148438 213.5297088623047 1.0407232 1.8340766 0.6980399 -0.2194396 1.1853656 27.133183 -1.7519359588623047 0.5238404870033264
Pedestrian 0.0 0 -3.4104971885681152 1094.6854248046875 131.44082641601562 1183.7060546875 289.0799560546875 0.68249387 1.7087085 0.5642304 6.046193 1.167456 8.169719 -2.773379325866699 0.5069866180419922
Pedestrian 0.0 0 -1.7235099077224731 963.1029663085938 128.65390014648438 1029.4610595703125 279.8270568847656 0.7145025 1.7162884 0.5888896 4.6548157 1.1176708 8.588353 -1.2268359661102295 0.46758419275283813
Pedestrian 0.0 0 -3.1703755855560303 676.1281127929688 157.5332794189453 703.8665161132812 214.4008331298828 0.86851597 1.8059889 0.6066126 2.8220668 1.0459605 23.152262 -3.0490822792053223 0.4027307331562042
Pedestrian 0.0 0 1.515843152999878 671.8966674804688 158.24826049804688 689.3201904296875 208.05865478515625 0.7608302 1.7893864 0.58893275 2.861419 0.9551432 26.198524 1.6246325969696045 0.3375213146209717
Pedestrian 0.0 0 1.6335028409957886 461.279541015625 172.339599609375 474.1360168457031 210.10911560058594 0.75372237 1.7628893 0.5522784 -6.3242884 1.3362486 33.93317 1.449242115020752 0.2954292297363281
Pedestrian 0.0 0 -1.767496109008789 920.7241821289062 126.27791595458984 969.3602294921875 232.57118225097656 0.6870537 1.800141 0.64331526 5.9606495 0.8662042 12.574332 -1.3248369693756104 0.28846752643585205
Cyclist 0.0 0 -1.6471383571624756 737.0120849609375 190.2295379638672 782.4749145507812 303.8390808105469 1.7606407 1.700313 0.5844877 2.5295951 1.8560923 11.799708 -1.4359569549560547 0.5318942070007324
Cyclist 0.0 0 -0.8266314268112183 981.1328735351562 124.6443862915039 1142.0128173828125 272.2073974609375 1.8777679 1.7687807 0.6225681 5.810282 1.0886177 9.150727 -0.260906845331192 0.4336210787296295
Cyclist 0.0 0 -1.0963401794433594 27.554826736450195 130.126708984375 134.64019775390625 254.79359436035156 1.7883865 1.6958616 0.5334736 -7.7229576 0.9983467 10.693147 -1.7218331098556519 0.34501931071281433
Cyclist 0.0 0 -0.03748665750026703 458.0517272949219 157.93154907226562 532.8242797851562 234.4065399169922 1.768167 1.808662 0.6017841 -2.6129818 1.2524606 17.445602 -0.18616029620170593 0.33390241861343384
Cyclist 0.0 0 -1.7585536241531372 584.5300903320312 163.77468872070312 608.1730346679688 213.59254455566406 1.0811403 1.8400446 0.7011553 -0.21986142 1.1863915 27.127863 -1.766658067703247 0.1572774201631546
Cyclist 0.0 0 -1.5771030187606812 599.99169921875 166.28781127929688 621.6028442382812 229.67483520507812 0.89393926 1.738332 0.5926751 0.22790542 1.3223065 20.145521 -1.5657905340194702 0.14676755666732788
Cyclist 0.0 0 -3.248443603515625 667.8194580078125 157.29656982421875 698.2207641601562 214.00904846191406 0.9128204 1.8066856 0.6209308 2.601955 1.0367396 23.194017 -3.136728525161743 0.13005785644054413
Cyclist 0.0 0 1.4066319465637207 558.00048828125 165.4029541015625 590.4190063476562 235.56488037109375 0.98270065 1.8204305 0.7114322 -0.76841253 1.4039476 19.188675 1.3666082620620728 0.12522540986537933
Car 0.0 0 1.715552806854248 528.200927734375 173.47161865234375 558.1903076171875 195.58279418945312 3.8198688 1.5050465 1.5833225 -4.069891 0.9592354 50.849735 1.6356854438781738 0.2972565293312073
