Car 0.0 0 1.8483977317810059 399.23223876953125 188.4188232421875 478.00543212890625 236.80035400390625 4.048262 1.4511678 1.6044024 -5.880589 2.0358162 25.023752 1.61758553981781 0.8953185081481934
Car 0.0 0 2.0347278118133545 126.53324127197266 201.1062774658203 331.1957702636719 315.0522766113281 3.440439 1.4251639 1.5015782 -5.9394417 1.9476583 11.605166 1.5616904497146606 0.8723093271255493
Car 0.0 0 -1.7681005001068115 688.9415893554688 174.5455322265625 779.210205078125 237.2342987060547 3.9736662 1.5103916 1.6252083 3.1841784 1.5612043 19.504742 -1.606276512145996 0.8675379753112793
Car 0.0 0 1.874376893043518 296.19293212890625 195.38821411132812 419.50762939453125 268.98211669921875 4.199548 1.4430708 1.6325009 -6.0069275 2.0582774 17.564243 1.544848918914795 0.8298860788345337
Car 0.0 0 -3.7162790298461914 970.7939453125 148.04075622558594 1242.0 233.92576599121094 3.9744034 1.5055615 1.621456 9.092666 1.0709438 13.492745 -3.1232903003692627 0.7971602082252502
Car 0.0 0 -1.6917684078216553 673.353271484375 174.42776489257812 734.80810546875 222.3721160888672 3.9565573 1.5167698 1.6192303 3.1226346 1.5758417 24.935102 -1.5671864748001099 0.7942914366722107
Car 0.0 0 2.2747814655303955 0.0 217.57611083984375 184.90736389160156 375.0 3.6327105 1.4322624 1.5412 -5.9497766 1.9732523 6.8974075 1.563011646270752 0.7729824185371399
Car 0.0 0 1.7960541248321533 445.6210632324219 186.6788787841797 500.1570129394531 225.36622619628906 3.5641334 1.4937948 1.5417712 -5.8587193 2.1221166 30.96125 1.6090378761291504 0.750764787197113
Car 0.0 0 2.531907558441162 870.03125 158.31533813476562 1045.8807373046875 220.18345642089844 3.832015 1.4868797 1.588888 8.786332 1.1378293 18.436277 2.9766428470611572 0.7429958581924438
Car 0.0 0 2.553121566772461 938.7105712890625 152.7113800048828 1138.864013671875 222.29833984375 3.547769 1.4513879 1.528586 9.317154 1.0316275 15.913706 3.082796096801758 0.7245308756828308
Car 0.0 0 -0.34704455733299255 811.3695678710938 160.5189666748047 971.72509765625 215.0167694091797 4.061806 1.5318376 1.6296867 8.105107 1.1854796 21.13209 0.019196510314941406 0.6726190447807312
Car 0.0 0 1.460330843925476 660.725341796875 176.7933807373047 700.9312744140625 210.61912536621094 3.5734637 1.5252173 1.5319496 3.3232222 1.7251251 34.74864 1.5556769371032715 0.6197097301483154
