Pedestrian 0.0 0 1.7113906145095825 656.14208984375 171.00856018066406 693.7854614257812 255.60711669921875 0.8583166 1.8148297 0.718596 1.600867 1.5909923 15.909768 1.81167471408844 0.5551199316978455
Pedestrian 0.0 0 2.3337008953094482 854.760498046875 125.25355529785156 926.7537841796875 238.99880981445312 0.9730545 1.8304602 0.61968756 4.8046227 0.9266001 12.041186 2.7133584022521973 0.5117459893226624
Pedestrian 0.0 0 2.634145736694336 813.1467895507812 175.1295166015625 866.0452270507812 257.7496032714844 0.8217843 1.6914419 0.694901 4.967169 1.5622617 15.122347 2.9515087604522705 0.4934846758842468
Pedestrian 0.0 0 -2.391096591949463 470.62249755859375 175.01145935058594 506.8134460449219 228.166259765625 1.0834991 1.7336695 0.58707464 -3.7884247 1.5231346 23.972635 -2.5478315353393555 0.3981301188468933
Pedestrian 0.0 0 0.2719343900680542 638.243408203125 173.92431640625 677.2686767578125 243.10140991210938 0.8909351 1.786987 0.6418078 1.4624379 1.5924656 19.00726 0.3487241268157959 0.3898649215698242
Pedestrian 0.0 0 -1.8033626079559326 623.82763671875 175.27877807617188 647.8057861328125 227.213134765625 0.8466143 1.8020072 0.6680437 1.187141 1.5872111 25.399765 -1.7566583156585693 0.34249258041381836
Pedestrian 0.0 0 -1.2210516929626465 51.96464920043945 185.14598083496094 149.2825927734375 352.6961975097656 0.696352 1.6509074 0.63695407 -5.2595587 1.6925281 7.512029 -1.8318793773651123 0.32899922132492065
Pedestrian 0.0 0 0.33316949009895325 431.11590576171875 175.42274475097656 464.06292724609375 230.48919677734375 0.9282152 1.8122138 0.6119082 -5.159222 1.6133022 23.997398 0.12140202522277832 0.31610170006752014
Pedestrian 0.0 0 1.4531505107879639 765.1807861328125 150.8267822265625 787.7706298828125 208.46983337402344 0.76854324 1.8603101 0.63325053 5.7192874 0.8714915 23.599604 1.6909133195877075 0.31419938802719116
Pedestrian 0.0 0 0.00334736704826355 839.482421875 156.50454711914062 904.3580932617188 285.06829833984375 0.8537529 1.781855 0.6411499 3.8661885 1.4367458 10.403451 0.35915637016296387 0.3038124144077301
Pedestrian 0.0 0 1.5859949588775635 742.7755737304688 153.22509765625 759.1524047851562 201.8224639892578 0.86207193 1.8671677 0.61529374 5.8317714 0.78183377 28.084429 1.7907366752624512 0.27964839339256287
Pedestrian 0.0 0 2.745978593826294 718.6375732421875 141.68663024902344 800.2824096679688 288.8438415527344 0.8167748 1.7785252 0.6525655 1.9364825 1.2986873 9.075067 2.9562106132507324 0.272727370262146
Cyclist 0.0 0 -1.9738664627075195 469.90350341796875 175.14122009277344 505.1863098144531 228.67056274414062 1.5561205 1.7302873 0.60062546 -3.8481653 1.5258409 24.035357 -2.1326234340667725 0.3643241226673126
Cyclist 0.0 0 2.3886287212371826 857.1141967773438 125.44609069824219 931.3062744140625 239.42578125 1.0054113 1.8326361 0.6084993 4.849463 0.9326599 12.012404 2.772324562072754 0.15286795794963837
Cyclist 0.0 0 -1.794334888458252 623.6993408203125 174.96214294433594 647.6021118164062 227.3975372314453 0.9451517 1.8146608 0.6481545 1.1794003 1.589469 25.379486 -1.7478976249694824 0.13376779854297638
Car 0.0 0 2.0795793533325195 0.0 197.46694946289062 392.0002136230469 374.0 4.086347 1.5178388 1.6392616 -3.2461145 1.6988006 6.023006 1.5852574110031128 0.8849877715110779
Car 0.0 0 2.348259925842285 0.9199133515357971 197.6928253173828 98.5785903930664 232.24795532226562 3.7173343 1.4855354 1.5837666 -26.496937 2.3111298 34.640717 1.6952861547470093 0.4136542081832886
