Pedestrian 0.0 0 2.211961269378662 0.5483939051628113 139.37249755859375 108.16987609863281 247.27098083496094 1.6994214 1.6969055 0.5312317 -9.384497 1.1707041 12.19828 1.5562037229537964 0.1371568739414215
Cyclist 0.0 0 2.211961269378662 0.5483939051628113 139.37249755859375 108.16987609863281 247.27098083496094 1.6994214 1.6969055 0.5312317 -9.384497 1.1707041 12.19828 1.5562037229537964 0.5416215062141418
Car 0.0 0 3.6349387168884277 46.084007263183594 179.86444091796875 360.646728515625 280.553466796875 4.081293 1.4681524 1.6193516 -6.3352013 1.5880414 11.466897 3.130195379257202 0.848279595375061
Car 0.0 0 -3.68986439704895 897.5235595703125 186.24267578125 1242.0 317.24365234375 4.0338736 1.471397 1.6286334 5.93291 1.6576676 9.147749 -3.1144986152648926 0.8251610398292542
Car 0.0 0 -0.46130383014678955 810.8322143554688 184.37008666992188 997.756591796875 251.34207153320312 3.6991866 1.4363742 1.5772983 6.6923985 1.7187119 16.72931 -0.08076267689466476 0.7842025756835938
Car 0.0 0 0.39178332686424255 185.31796264648438 185.54591369628906 422.24346923828125 265.5162048339844 3.9248447 1.4349355 1.5910326 -5.863744 1.6958363 14.004349 -0.004746556282043457 0.77255779504776
Car 0.0 0 0.42413464188575745 297.5155029296875 179.91302490234375 476.92926025390625 242.83563232421875 4.112742 1.5100969 1.6527115 -5.7324467 1.7033169 18.633007 0.12567424774169922 0.765850305557251
Car 0.0 0 2.927210807800293 710.7120971679688 177.51730346679688 818.03662109375 220.52883911132812 3.9047315 1.6497476 1.6802343 6.039704 1.8412048 28.711517 3.1345460414886475 0.7370410561561584
Car 0.0 0 -0.4681912660598755 781.1220703125 178.76107788085938 943.6433715820312 241.0709686279297 3.7214243 1.5372834 1.6216635 6.556431 1.7023269 19.056194 -0.13682003319263458 0.6806215047836304
Car 0.0 0 3.3578672409057617 353.8340759277344 169.81759643554688 488.9246520996094 217.97605895996094 4.0121794 1.513495 1.6323658 -6.1229343 1.418427 23.564978 3.103656530380249 0.671475350856781
Car 0.0 0 0.3935984671115875 339.2111511230469 182.2912139892578 487.9167175292969 235.75564575195312 3.8580148 1.4496742 1.5772766 -5.6970706 1.7375774 20.953352 0.12812304496765137 0.6577284932136536
Car 0.0 0 -2.2761921882629395 0.0 189.4248504638672 166.9280548095703 372.9010925292969 3.792358 1.4037786 1.5514373 -6.459662 1.5784824 6.639011 -3.047899007797241 0.5945392847061157
Car 0.0 0 -1.561127781867981 647.1526489257812 179.31626892089844 675.1369018554688 204.7596435546875 3.881724 1.4151099 1.5942626 3.04028 1.8197744 43.14127 -1.4907714128494263 0.5669381022453308
Car 0.0 0 0.22474324703216553 451.17852783203125 177.13710021972656 536.7027587890625 207.89093017578125 4.0637975 1.5243272 1.6482481 -5.9453254 1.749896 36.98164 0.06534290313720703 0.5198532938957214
