Pedestrian 0.0 0 1.4521304368972778 735.0119018554688 166.62210083007812 795.59130859375 289.97308349609375 1.0166322 1.7918061 0.7810729 2.4378514 1.5770007 10.976701 1.6706764698028564 0.6525284051895142
Pedestrian 0.0 0 1.7443721294403076 421.889404296875 175.60198974609375 449.0621337890625 239.29977416992188 0.83969414 1.8098469 0.63480145 -4.837407 1.6434094 20.84395 1.516331672668457 0.6499588489532471
Pedestrian 0.0 0 1.1268905401229858 1058.9654541015625 109.3494644165039 1145.9566650390625 255.48667907714844 0.81310934 1.8476727 0.6584382 6.577852 0.9367791 9.533417 1.7308589220046997 0.5288262963294983
Pedestrian 0.0 0 1.5125913619995117 264.1978454589844 179.8960723876953 302.72369384765625 271.3314208984375 0.83749646 1.7105546 0.6339589 -6.22323 1.68181 13.953458 1.0930695533752441 0.49655580520629883
Pedestrian 0.0 0 1.612762212753296 521.2608642578125 177.43655395507812 536.4644775390625 218.53245544433594 0.82377 1.8071221 0.6416906 -3.2432919 1.6293919 32.01502 1.5118013620376587 0.39410319924354553
Pedestrian 0.0 0 -1.3035794496536255 409.3275451660156 174.9960479736328 435.68072509765625 230.857177734375 0.7733434 1.7512928 0.63561857 -5.7271285 1.5484957 22.911436 -1.5485280752182007 0.3061128258705139
Pedestrian 0.0 0 -1.9566104412078857 582.7132568359375 176.2577362060547 598.1544799804688 207.31228637695312 0.79586476 1.8120928 0.6598753 -0.6500906 1.5069737 42.4088 -1.9719383716583252 0.29527363181114197
Pedestrian 0.0 0 0.49900195002555847 366.9034118652344 172.0789337158203 398.42681884765625 227.95098876953125 0.7845375 1.7834542 0.60649914 -7.1187496 1.4838307 23.302824 0.20251727104187012 0.29271429777145386
Pedestrian 0.0 0 1.8276833295822144 535.8667602539062 177.50193786621094 549.30078125 208.29721069335938 0.7888934 1.8160914 0.6186029 -3.5011914 1.581084 42.802147 1.746065616607666 0.2889248728752136
Pedestrian 0.0 0 -3.3962512016296387 1140.30517578125 140.9625701904297 1238.0 374.0 0.6302142 1.7013361 0.6226902 3.495786 1.494058 4.1130743 -2.691803216934204 0.25614428520202637
Pedestrian 0.0 0 -2.8540055751800537 576.088623046875 176.40896606445312 589.637451171875 206.06314086914062 0.7064421 1.8328805 0.58992374 -1.1503859 1.5189469 44.772976 -2.8796937465667725 0.2556054890155792
Pedestrian 0.0 0 -1.1138122081756592 306.90155029296875 148.7657928466797 389.094482421875 262.8585510253906 1.6493013 1.8281007 0.678468 -4.361003 1.3048967 12.3660555 -1.452854037284851 0.20753753185272217
Pedestrian 0.0 0 -0.17880147695541382 478.4334411621094 176.5770721435547 511.3061218261719 214.7154541015625 1.3941385 1.7449355 0.80080116 -4.979678 1.5206293 33.466 -0.326515793800354 0.1455381214618683
Cyclist 0.0 0 -0.42285507917404175 550.3455200195312 177.7886505126953 576.3670043945312 201.22149658203125 1.8300233 1.7274233 0.664965 -2.824356 1.4544195 53.666084 -0.47543489933013916 0.3748571276664734
Cyclist 0.0 0 -0.24216410517692566 475.5649108886719 175.90077209472656 515.1897583007812 213.8723602294922 1.6880729 1.7344961 0.7876565 -4.957873 1.4796622 33.49464 -0.38911694288253784 0.37367191910743713
Cyclist 0.0 0 -1.1532105207443237 6.494229793548584 32.801483154296875 190.7474822998047 307.00640869140625 1.7171254 1.7296952 0.47497478 -3.7311337 0.7931118 5.4163136 -1.75642728805542 0.3598376214504242
Cyclist 0.0 0 0.37122026085853577 284.2069091796875 151.55560302734375 402.7950134277344 259.74493408203125 1.7847345 1.8017793 0.70160204 -4.4443946 1.3043731 12.333817 0.02536177635192871 0.2819208800792694
Cyclist 0.0 0 -2.941448211669922 450.1838684082031 184.87246704101562 498.1786193847656 226.41139221191406 1.8636029 1.7355332 0.94130933 -5.4186525 1.8824093 30.583532 -3.1168038845062256 0.25176024436950684
Cyclist 0.0 0 1.5997974872589111 263.60498046875 176.7629852294922 300.4989013671875 271.2707214355469 0.9450132 1.7569422 0.628654 -6.210183 1.6701413 13.908193 1.1798474788665771 0.10099229961633682
Car 0.0 0 3.4183132648468018 127.5583267211914 185.7696533203125 340.1043395996094 257.1286315917969 4.07439 1.5152528 1.6473334 -8.348185 1.6221293 16.585836 2.9520034790039062 0.304971307516098
Car 0.0 0 -1.642319679260254 604.0697631835938 148.2772979736328 686.8399658203125 228.7379913330078 4.087167 1.7192581 1.6742619 0.9155633 1.0105948 17.405632 -1.589766502380371 0.27936625480651855
Car 0.0 0 1.5171926021575928 545.0718994140625 177.39857482910156 568.7244262695312 197.56979370117188 3.8835795 1.4973489 1.6070877 -3.4408052 1.1934755 55.342358 1.4550994634628296 0.21143010258674622
