Pedestrian 0.0 0 -1.4468209743499756 701.1138305664062 166.93678283691406 716.6856689453125 206.76551818847656 1.724704 1.7202971 0.4784178 4.3624334 1.4650766 32.05703 -1.311568260192871 0.12622298300266266
Cyclist 0.0 0 -1.4806405305862427 702.3291625976562 166.8147735595703 716.1831665039062 207.02517700195312 1.7328262 1.7385914 0.4589352 4.382168 1.4778293 32.09044 -1.3449231386184692 0.48701372742652893
Cyclist 0.0 0 -1.0767779350280762 0.0 196.2270050048828 30.685678482055664 248.87567138671875 1.6396885 1.7024416 0.5569868 -20.876478 2.5389564 24.950748 -1.7735041379928589 0.19070126116275787
Cyclist 0.0 0 -1.5263426303863525 1179.4556884765625 181.7769317626953 1212.0328369140625 279.79132080078125 1.6461725 1.6759868 0.39399135 10.6917715 1.8490757 13.217978 -0.8462097644805908 0.1607835590839386
Cyclist 0.0 0 -1.680262565612793 1207.20556640625 180.27452087402344 1242.0 294.7803039550781 1.6044067 1.6717141 0.39898452 9.746763 1.7973899 11.407184 -0.9731960296630859 0.14268651604652405
Cyclist 0.0 0 2.5833303928375244 12.457722663879395 201.7976531982422 65.81510925292969 242.66502380371094 1.8682901 1.7763245 0.707833 -26.733492 3.1716127 33.77278 1.9137513637542725 0.1242431029677391
Car 0.0 0 2.1836302280426025 419.84344482421875 187.56912231445312 469.01812744140625 208.2745361328125 4.1388845 1.4634901 1.6707963 -12.913543 2.6596518 56.400364 1.9585479497909546 0.3149273991584778
Car 0.0 0 1.561402678489685 1083.607177734375 178.90072631835938 1125.0819091796875 210.73768615722656 3.8475103 1.5218824 1.6948117 25.51115 1.8525729 37.34481 2.160712718963623 0.142442986369133
Car 0.0 0 2.1807398796081543 6.448246479034424 206.04400634765625 118.71217346191406 247.7632293701172 4.1365047 1.4879644 1.8192552 -23.5304 3.0190055 31.173534 1.5341612100601196 0.14054088294506073
Car 0.0 0 1.9604369401931763 0.0 202.8881378173828 78.23440551757812 238.82115173339844 3.9036725 1.4573774 1.7894795 -27.669888 3.0003567 34.933907 1.2905538082122803 0.11935685575008392
