Pedestrian 0.0 0 -3.442108631134033 872.71826171875 157.23480224609375 891.254150390625 195.70518493652344 0.69088656 1.854009 0.61854696 13.189288 1.1016287 35.099525 -3.0826644897460938 0.20757324993610382
Pedestrian 0.0 0 -1.7198635339736938 668.6618041992188 164.97195434570312 680.4270629882812 194.68653869628906 0.687887 1.8925761 0.6565732 4.109248 1.3909122 46.316525 -1.6313742399215698 0.20254544913768768
Cyclist 0.0 0 -0.5824694633483887 850.4395751953125 183.10833740234375 901.6541137695312 227.547119140625 1.8241764 1.7554792 0.78657544 10.780312 2.181605 29.364672 -0.23062653839588165 0.1917063593864441
Car 0.0 0 -2.006073474884033 828.9824829101562 181.3152313232422 1169.9736328125 372.9909973144531 3.5646214 1.4404511 1.5787148 3.4997184 1.5481997 7.366325 -1.5625460147857666 0.9107984900474548
Car 0.0 0 -1.8862651586532593 735.7799072265625 179.45538330078125 899.94482421875 278.08038330078125 4.009227 1.4578843 1.6077244 3.4661524 1.5957581 12.982392 -1.6253621578216553 0.9092689752578735
Car 0.0 0 1.9209198951721191 345.67034912109375 179.1894989013672 454.1457214355469 248.6476287841797 3.2975352 1.5077407 1.5031077 -5.0743656 1.6781552 17.667063 1.6412270069122314 0.8450092673301697
Car 0.0 0 1.8052303791046143 407.0245666503906 175.52195739746094 487.6229553222656 230.1361083984375 3.8067937 1.5275021 1.5809811 -4.9644823 1.617335 22.280224 1.5859917402267456 0.8288867473602295
Car 0.0 0 -1.729221224784851 719.0973510742188 176.17965698242188 804.6365356445312 238.94387817382812 3.5787473 1.4309417 1.5681943 3.729566 1.524786 18.460182 -1.5298715829849243 0.7895087599754333
Car 0.0 0 0.9125689268112183 1114.323974609375 155.74606323242188 1242.0 239.898681640625 3.6679475 1.4777442 1.5243406 12.102042 1.1776816 14.528102 1.6071158647537231 0.18981201946735382
Car 0.0 0 1.960972547531128 617.1365966796875 172.00250244140625 649.1696166992188 189.0302276611328 3.8126462 1.5094736 1.6013228 2.1305926 1.4343473 66.02708 1.993229866027832 0.16526059806346893
