Pedestrian 0.0 0 -1.3894885778427124 1019.1993408203125 143.0355224609375 1059.035888671875 221.9933319091797 0.86167824 1.8604987 0.6903645 10.393035 1.158238 17.550606 -0.8548424243927002 0.44191691279411316
Car 0.0 0 -2.5710158348083496 17.45134162902832 190.3407440185547 346.04931640625 301.371337890625 3.9656541 1.4722626 1.625452 -6.265825 1.7547873 10.7436 -3.09900164604187 0.8425117135047913
Car 0.0 0 1.4705839157104492 660.7509155273438 176.4359588623047 702.0906372070312 208.276123046875 4.1518354 1.4806622 1.6380905 3.4762416 1.6705598 36.098103 1.5665876865386963 0.773991048336029
Car 0.0 0 3.6032397747039795 120.05765533447266 180.7736358642578 359.8166809082031 269.62042236328125 3.5689871 1.5078708 1.5911707 -6.6866956 1.661973 13.195781 3.1342227458953857 0.7103884220123291
Car 0.0 0 0.7907890677452087 0.0 197.60057067871094 140.83534240722656 375.0 3.8809965 1.4088526 1.5717785 -6.336431 1.6395757 5.8639364 -0.03331763297319412 0.7024893760681152
Car 0.0 0 0.41229963302612305 337.72705078125 183.9044189453125 498.1676025390625 239.711669921875 4.145974 1.4815178 1.6336435 -5.5078526 1.8164111 20.718552 0.1524677276611328 0.6917663812637329
Car 0.0 0 0.2493244707584381 436.27008056640625 178.70689392089844 539.936767578125 215.63230895996094 4.0643744 1.501865 1.6296784 -5.1704373 1.7586732 30.633364 0.08211588859558105 0.6078407764434814
Car 0.0 0 -2.349841356277466 901.2500610351562 185.7454833984375 1242.0 375.0 3.965214 1.4611293 1.5978276 2.666243 1.546157 2.7468739 -1.579337477684021 0.5270407795906067
Car 0.0 0 0.34540802240371704 373.59356689453125 185.93643188476562 510.7335205078125 235.3553924560547 3.9683354 1.4762337 1.6287005 -5.3747587 1.9151207 23.142727 0.11720943450927734 0.481394499540329
Car 0.0 0 -2.943298578262329 441.0377502441406 166.13070678710938 544.50390625 203.763671875 4.404007 1.6670911 1.7317997 -5.3308263 1.369616 32.908707 -3.1038918495178223 0.35204023122787476
