Pedestrian 0.0 0 -1.4725803136825562 266.7951965332031 170.352294921875 305.970947265625 255.84683227539062 0.9027265 1.691401 0.65351176 -6.4894714 1.4721057 14.739382 -1.8873226642608643 0.797934353351593
Pedestrian 0.0 0 -1.8131786584854126 600.9977416992188 162.12210083007812 648.5977172851562 266.6310119628906 0.85965484 1.6869888 0.6073767 0.3389286 1.3754822 12.077372 -1.7851228713989258 0.6413437128067017
Pedestrian 0.0 0 -3.0178678035736084 767.02001953125 144.33401489257812 828.9238891601562 257.87103271484375 0.9039224 1.7688587 0.57832134 3.143295 1.1911277 11.627321 -2.7538418769836426 0.6158537268638611
Pedestrian 0.0 0 1.383545160293579 668.7854614257812 160.09974670410156 718.362060546875 266.51617431640625 0.8948054 1.7452066 0.6791695 1.5145298 1.3955364 12.246192 1.5065938234329224 0.6147027015686035
Pedestrian 0.0 0 -1.0873528718948364 596.22607421875 162.5882110595703 630.1334838867188 223.4369354248047 0.8019571 1.6871313 0.6691537 0.3085306 1.1639223 20.42656 -1.0722496509552002 0.587775707244873
Pedestrian 0.0 0 2.5543532371520996 1005.76708984375 147.72232055664062 1124.425537109375 325.2710266113281 0.7508239 1.6535822 0.6253071 4.4505086 1.3403732 7.0081577 3.1201446056365967 0.5597720742225647
Pedestrian 0.0 0 1.3958569765090942 642.3869018554688 166.06427001953125 688.9263305664062 264.9682922363281 0.8741563 1.7669628 0.7129433 1.1356534 1.4924684 13.298019 1.4810504913330078 0.5391218662261963
Pedestrian 0.0 0 -0.44759896397590637 853.9243774414062 147.104736328125 976.9974975585938 328.85894775390625 0.8772289 1.6192379 0.60575604 2.864246 1.3141932 6.71914 -0.04464326426386833 0.48676419258117676
Pedestrian 0.0 0 1.8215370178222656 1146.228271484375 135.8485565185547 1238.0 308.78179931640625 0.7728181 1.7030156 0.6211095 6.1912746 1.2548177 7.550422 2.5083489418029785 0.46256107091903687
Pedestrian 0.0 0 -0.07759517431259155 357.1988830566406 170.32827758789062 377.011962890625 212.75657653808594 0.72396237 1.7082323 0.6040299 -9.589741 1.2594391 29.336454 -0.39353394508361816 0.39100027084350586
Pedestrian 0.0 0 -1.698113203048706 969.8313598632812 150.90887451171875 1012.3980712890625 240.5985107421875 0.66574955 1.7635995 0.6765438 7.8454413 1.1633248 14.554366 -1.2037205696105957 0.3697876036167145
Pedestrian 0.0 0 -1.393946647644043 623.6026611328125 156.33773803710938 653.5958251953125 229.3383331298828 0.6788394 1.7810585 0.639758 0.899301 1.1683451 17.925922 -1.3438210487365723 0.3220010995864868
Cyclist 0.0 0 -2.534604072570801 199.26361083984375 168.01744079589844 285.5940246582031 243.18089294433594 1.7796123 1.7191223 0.61470705 -8.450754 1.4119627 16.857428 -2.9992971420288086 0.3113754391670227
Cyclist 0.0 0 -1.2127363681793213 596.3233032226562 163.0857391357422 629.5324096679688 224.35955810546875 0.94022876 1.690044 0.65531003 0.3031606 1.1832979 20.367563 -1.1978529691696167 0.13546767830848694
Cyclist 0.0 0 1.6783602237701416 266.7453308105469 171.55088806152344 306.5007629394531 255.67172241210938 0.9622523 1.6664573 0.6527415 -6.503539 1.4706103 14.785036 1.2639596462249756 0.11674045771360397
Cyclist 0.0 0 -1.8191967010498047 600.8602905273438 162.06459045410156 649.5046997070312 268.0332336425781 0.9339122 1.7035953 0.6011291 0.34360334 1.3924367 12.066912 -1.7907295227050781 0.11628956347703934
Cyclist 0.0 0 -0.9217376708984375 353.23345947265625 172.37722778320312 379.73663330078125 214.69253540039062 0.91609424 1.6954734 0.59654737 -9.598241 1.3309466 29.30969 -1.2382080554962158 0.11350154876708984
Cyclist 0.0 0 1.377191424369812 668.5504150390625 159.85028076171875 718.7448120117188 267.8841552734375 0.91713756 1.7663599 0.678829 1.5123584 1.4136755 12.223543 1.500290870666504 0.1059599295258522
Car 0.0 0 1.7638112306594849 463.1701354980469 162.4185333251953 561.3721923828125 237.1832733154297 4.155035 1.6554859 1.665944 -2.1354017 1.2341921 18.037403 1.6459722518920898 0.8380018472671509
Car 0.0 0 1.7562627792358398 380.7890930175781 154.66465759277344 468.2703857421875 226.01455688476562 4.3812113 1.8658215 1.6935608 -5.0688944 1.1652399 21.013163 1.5195600986480713 0.42426618933677673
