Pedestrian 0.0 0 0.9206026196479797 91.19786071777344 168.1776580810547 138.14263916015625 238.2987518310547 0.87476724 1.871626 0.66263527 -13.572842 1.7471663 19.707361 0.3174877166748047 0.23364748060703278
Pedestrian 0.0 0 -1.7032134532928467 415.424560546875 162.03573608398438 430.49310302734375 199.0410614013672 0.8474113 1.8763473 0.6426304 -9.657056 1.3281673 37.096325 -1.9578847885131836 0.16205905377864838
Pedestrian 0.0 0 -1.244948387145996 1049.3199462890625 126.48570251464844 1162.90234375 345.992919921875 0.66240615 1.7617196 0.6338552 4.232774 1.3899351 6.2408338 -0.6489772796630859 0.14497733116149902
Pedestrian 0.0 0 -2.7549426555633545 697.8987426757812 163.1526336669922 735.7109375 214.4469757080078 1.2616167 1.8649373 0.58654296 3.9226985 1.5125775 26.80331 -2.6096229553222656 0.12588082253932953
Pedestrian 0.0 0 -1.6476043462753296 366.1617126464844 179.16986083984375 382.6595458984375 219.9098358154297 0.8066767 1.745231 0.6245386 -10.346278 2.0261037 31.551596 -1.9644715785980225 0.10532861202955246
Cyclist 0.0 0 0.7583288550376892 92.00150299072266 166.4091033935547 146.1856231689453 235.5269775390625 1.0758784 1.8508258 0.6448381 -13.459165 1.6786036 19.722221 0.15948796272277832 0.12293872982263565
Cyclist 0.0 0 0.9921471476554871 702.0756225585938 162.52890014648438 734.6767578125 213.21253967285156 1.2990388 1.8378514 0.5833234 3.9827862 1.4638083 26.873072 1.1392834186553955 0.10398275405168533
Car 0.0 0 3.086076021194458 282.546630859375 184.19137573242188 434.994873046875 240.0889129638672 4.302553 1.5533773 1.7099793 -7.78051 1.9296706 22.312262 2.7505507469177246 0.8610697984695435
Car 0.0 0 1.6884706020355225 481.5619812011719 180.23565673828125 533.1837158203125 220.87109375 4.190235 1.530968 1.647197 -4.2421975 1.860525 30.062521 1.5482836961746216 0.7976890206336975
Car 0.0 0 1.5958346128463745 485.9872741699219 172.82688903808594 506.4759216308594 191.92604064941406 3.7073467 1.5276399 1.5830302 -9.401679 1.5258281 59.650536 1.4395079612731934 0.13582365214824677
