Pedestrian 0.0 0 1.4561630487442017 535.275634765625 114.1501235961914 596.7957763671875 265.1171875 0.86545545 1.8325951 0.6869375 -0.5643762 1.0288514 9.064313 1.393979787826538 0.4868333637714386
Pedestrian 0.0 0 1.835435390472412 187.86605834960938 167.5618438720703 242.82566833496094 262.3662414550781 1.0018643 1.8044199 0.7204002 -7.751684 1.5598013 14.024607 1.3305060863494873 0.4559910297393799
Pedestrian 0.0 0 2.3372206687927246 299.6944274902344 162.42575073242188 360.8374328613281 265.6048889160156 0.835511 1.8276206 0.6554986 -5.097416 1.5091132 13.030541 1.964332103729248 0.2960514724254608
Pedestrian 0.0 0 -2.21364426612854 876.6425170898438 151.7010498046875 935.7588500976562 255.9452362060547 0.72832793 1.7613258 0.642286 5.216789 1.2763829 12.372354 -1.8146154880523682 0.22577254474163055
Pedestrian 0.0 0 -0.6314000487327576 824.7453002929688 173.5099334716797 950.7147827148438 286.04937744140625 1.7968493 1.6786511 0.65400296 4.3803535 1.5760483 11.084543 -0.2550585865974426 0.13913220167160034
Cyclist 0.0 0 -0.6220591068267822 822.0123291015625 172.42694091796875 948.8486938476562 286.2579040527344 1.8135365 1.6991035 0.6479246 4.3446608 1.5802622 11.085893 -0.24854719638824463 0.8139808177947998
Cyclist 0.0 0 1.921750783920288 64.05706787109375 165.14768981933594 92.388427734375 204.837646484375 1.6945126 1.7511687 0.47931114 -23.899145 1.0752745 32.071312 1.2813366651535034 0.25089001655578613
Cyclist 0.0 0 1.812164545059204 189.21389770507812 168.0892791748047 244.58895874023438 263.0362854003906 1.0660583 1.8078464 0.73502934 -7.7427325 1.5731734 14.06763 1.3090193271636963 0.12071140110492706
Car 0.0 0 -1.5378155708312988 566.2693481445312 149.2508087158203 665.05029296875 246.7733612060547 3.6623483 1.5991613 1.6260265 0.21716899 1.0883932 13.457999 -1.5216801166534424 0.2774234116077423
Car 0.0 0 1.8403072357177734 229.6658935546875 185.4961700439453 272.87005615234375 208.94639587402344 3.9664228 1.4751297 1.5969341 -23.683502 1.826697 47.464897 1.377484917640686 0.23713792860507965
Car 0.0 0 2.023336410522461 55.10246658325195 185.76705932617188 119.31121826171875 212.40008544921875 3.920098 1.5048977 1.5847592 -31.282927 1.8407754 42.83377 1.3925411701202393 0.20863044261932373
Car 0.0 0 1.9036757946014404 0.0 188.28770446777344 91.4773178100586 232.59310913085938 3.8322167 1.4957534 1.6105585 -21.032696 1.813878 26.667986 1.2358710765838623 0.18871881067752838
Car 0.0 0 1.5349669456481934 237.46055603027344 184.26768493652344 282.76043701171875 222.05386352539062 3.8952127 1.4908191 1.602644 -14.896659 1.6654791 30.403387 1.0793778896331787 0.16534273326396942
