Pedestrian 0.0 0 1.3894435167312622 1097.8138427734375 155.48916625976562 1145.847900390625 248.0205841064453 0.786126 1.758536 0.63735116 10.007621 1.4288799 14.200344 2.0033469200134277 0.17900727689266205
Cyclist 0.0 0 -1.8374218940734863 691.4044189453125 164.2181396484375 709.9571533203125 200.47854614257812 1.7729752 1.7287424 0.44624516 4.3883896 1.3173792 35.306347 -1.7137614488601685 0.5264670848846436
Cyclist 0.0 0 -2.027838945388794 978.0337524414062 166.2571563720703 1041.2779541015625 237.89280700683594 1.8912531 1.7374147 0.6402042 10.133681 1.5777764 18.45616 -1.5257117748260498 0.22808538377285004
Cyclist 0.0 0 -1.5134923458099365 1001.167236328125 178.47267150878906 1025.1033935546875 242.64291381835938 1.7124649 1.6796646 0.48163724 11.073652 1.8415229 19.884789 -1.0053741931915283 0.1895342767238617
Cyclist 0.0 0 2.157501697540283 43.676536560058594 187.77459716796875 82.58222961425781 229.92889404296875 1.6192265 1.6842581 0.48525056 -22.934725 2.3268564 30.231869 1.5085017681121826 0.15374904870986938
Car 0.0 0 2.1824631690979004 47.315059661865234 192.91015625 171.9611358642578 248.02267456054688 3.7641075 1.620364 1.5980207 -16.857218 2.3536096 24.474714 1.5793203115463257 0.8944697976112366
Car 0.0 0 1.8404722213745117 452.40618896484375 182.28009033203125 480.9175109863281 199.70889282226562 3.9896955 1.5144244 1.5911385 -13.282713 2.4162865 66.95659 1.6446367502212524 0.23221024870872498
Car 0.0 0 2.2504167556762695 0.0 197.65863037109375 88.40335845947266 228.5943603515625 4.1170435 1.4538946 1.7715638 -30.8399 2.8765588 39.299526 1.5850502252578735 0.21572212874889374
Car 0.0 0 2.022768497467041 144.57565307617188 193.93414306640625 227.15711975097656 230.84744262695312 4.24674 1.5093873 1.6832541 -20.004791 2.5720413 34.175625 1.4931888580322266 0.1987653523683548
Car 0.0 0 -1.4452357292175293 948.3406982421875 176.9601593017578 1025.9091796875 232.3389434814453 3.6126716 1.4549522 1.5774869 11.077057 1.5868268 21.174076 -0.9632461071014404 0.18029896914958954
