Cyclist 0.0 0 1.7176755666732788 394.84844970703125 177.71817016601562 446.6326904296875 281.30438232421875 1.8713444 1.7766799 0.66918737 -3.5405185 1.8741158 13.4306135 1.4599238634109497 0.7727729678153992
Cyclist 0.0 0 1.7206082344055176 333.40826416015625 183.50196838378906 390.05340576171875 307.9795837402344 1.7728486 1.7442436 0.57615864 -3.867961 1.9234122 11.189943 1.3878014087677002 0.7691848278045654
Car 0.0 0 -1.9677488803863525 715.5984497070312 182.57223510742188 934.9893798828125 321.56781005859375 3.346566 1.4647871 1.5583508 2.5782688 1.6183664 9.610439 -1.705642819404602 0.9205551743507385
Car 0.0 0 -1.7213261127471924 576.4757690429688 182.81150817871094 630.4592895507812 224.96478271484375 3.6468344 1.5077562 1.6002182 -0.364165 1.930104 28.646166 -1.73403799533844 0.895487368106842
Car 0.0 0 -1.371336579322815 209.6024932861328 196.48545837402344 358.62030029296875 305.7196350097656 3.7822134 1.4608983 1.6107253 -5.5086856 1.938179 12.539929 -1.7852498292922974 0.8010855913162231
Car 0.0 0 1.7626888751983643 302.315673828125 189.0314178466797 402.13714599609375 263.7148132324219 3.8201873 1.5388621 1.5993975 -6.249074 1.9820235 17.74044 1.4240108728408813 0.6844488382339478
Car 0.0 0 -1.788923978805542 641.4293212890625 177.5963897705078 744.7210693359375 249.50791931152344 3.6056523 1.454865 1.6026726 1.7546515 1.5775393 16.725191 -1.684395670890808 0.6743451356887817
Car 0.0 0 -1.6878281831741333 550.0594482421875 181.96728515625 587.3009033203125 212.54335021972656 3.5174787 1.5190955 1.5927877 -2.3011107 2.0335772 38.83154 -1.747017741203308 0.623939573764801
Car 0.0 0 1.6201038360595703 407.5212097167969 188.09913635253906 448.3255310058594 225.30026245117188 4.011984 1.5415008 1.6564543 -8.501479 2.3004305 33.770298 1.3734841346740723 0.4371373951435089
Car 0.0 0 1.626575231552124 541.2699584960938 179.27728271484375 565.4782104492188 199.95599365234375 4.0339127 1.4661139 1.600961 -4.2660637 1.9693503 54.45224 1.5483899116516113 0.3835601508617401
