Pedestrian 0.0 0 -1.901993989944458 1015.5328369140625 117.5143814086914 1059.8551025390625 201.73216247558594 0.8141389 1.8733599 0.64059174 9.724093 0.6427308 16.510143 -1.36971914768219 0.19504135847091675
Pedestrian 0.0 0 1.5381076335906982 879.8174438476562 139.43663024902344 920.5811767578125 252.90638732910156 0.9635163 1.8846982 0.62132186 4.976764 1.3300035 12.540225 1.9159077405929565 0.17776241898536682
Pedestrian 0.0 0 -0.9735864400863647 16.824134826660156 137.07528686523438 102.8579330444336 234.1748046875 1.6435957 1.7169605 0.44195104 -10.36493 1.0846618 13.588434 -1.6252140998840332 0.1285618245601654
Cyclist 0.0 0 -0.976814329624176 16.744714736938477 137.27447509765625 102.98577117919922 234.8009796142578 1.6616905 1.7233093 0.4378762 -10.36423 1.094971 13.589014 -1.6283888816833496 0.4051107168197632
Cyclist 0.0 0 -1.0200073719024658 66.66861724853516 138.10586547851562 139.35153198242188 222.6955108642578 1.6744273 1.730812 0.4834279 -10.978809 1.0201788 15.61144 -1.6329139471054077 0.21040163934230804
Car 0.0 0 1.992445707321167 15.671582221984863 174.4909210205078 391.9370422363281 375.0 4.0445585 1.6462146 1.6723303 -3.6428897 1.6678482 7.321256 1.5307382345199585 0.8307397961616516
Car 0.0 0 1.8877766132354736 298.00146484375 175.44515991210938 481.91436767578125 294.47216796875 4.3706803 1.6916051 1.7322794 -3.6104069 1.7450509 12.5642 1.6079591512680054 0.8198503851890564
Car 0.0 0 -1.349337100982666 651.5411376953125 172.50318908691406 699.521484375 204.71469116210938 3.4796262 1.4860512 1.6063317 3.2045028 1.4702247 35.18723 -1.2585176229476929 0.6822862029075623
Car 0.0 0 -0.5497720837593079 0.0 198.24786376953125 196.2696075439453 375.0 4.0543303 1.4566773 1.6101011 -3.3835695 1.6091475 2.261969 -1.5312868356704712 0.46716073155403137
Car 0.0 0 1.697677731513977 115.83988189697266 202.98544311523438 279.2467346191406 342.07830810546875 3.6800666 1.4750693 1.5748159 -5.8402205 1.9982798 10.516825 1.1907579898834229 0.2241130769252777
