Car 0.0 0 -1.8771697282791138 744.1438598632812 191.0279541015625 977.8028564453125 341.7426452636719 3.8486 1.4099855 1.5959681 2.8164206 1.6893318 9.143286 -1.578360915184021 0.9254648685455322
Car 0.0 0 0.5436537265777588 19.33692169189453 163.8544921875 368.3783874511719 274.5958251953125 4.155643 1.4728119 1.6189905 -5.909231 1.3534802 10.463984 0.029578685760498047 0.8564349412918091
Car 0.0 0 -1.7238448858261108 695.4728393554688 182.4559326171875 784.89306640625 247.43980407714844 4.119393 1.4214437 1.6052055 3.1550198 1.6951401 18.464869 -1.5546131134033203 0.8508003950119019
Car 0.0 0 -1.7063732147216797 657.2172241210938 174.71424865722656 698.998779296875 205.92271423339844 3.9128156 1.5021176 1.604948 3.3955207 1.6028848 36.953106 -1.6147432327270508 0.8148596286773682
Car 0.0 0 1.6627659797668457 546.9580078125 179.21522521972656 586.7696533203125 212.25875854492188 3.5213108 1.4135313 1.5204625 -1.9846483 1.7235296 33.334553 1.6032989025115967 0.7809824347496033
Car 0.0 0 3.4809131622314453 236.3785400390625 183.2405548095703 458.2766418457031 255.5352020263672 4.220941 1.460795 1.6192448 -5.6165247 1.6980696 15.634112 3.1360232830047607 0.7129706144332886
Car 0.0 0 0.49338409304618835 310.4601745605469 183.15289306640625 478.6165466308594 244.48379516601562 3.8412533 1.4388045 1.5652454 -5.519219 1.7192357 18.465431 0.2029416561126709 0.6719505786895752
Car 0.0 0 3.5953102111816406 120.42642974853516 169.0723114013672 365.4769287109375 253.62020874023438 3.655635 1.4403332 1.5458992 -6.57408 1.3762672 13.083796 3.129696846008301 0.6207178235054016
Car 0.0 0 3.1684508323669434 482.34136962890625 177.01641845703125 550.73193359375 204.36524963378906 3.7321706 1.4856639 1.6094717 -5.249489 1.7253054 40.48544 3.039506673812866 0.4790135622024536
Car 0.0 0 -2.8796639442443848 380.95208740234375 175.03501892089844 503.6693115234375 222.039306640625 3.8221812 1.5548649 1.6294895 -5.7514763 1.6329347 24.82656 -3.107314348220825 0.4787064790725708
