Pedestrian 0.0 0 3.425612688064575 375.1181640625 154.17347717285156 407.9529724121094 206.38983154296875 1.0127422 1.8858457 0.63401926 -8.024158 1.211538 26.378996 3.1303186416625977 0.27453288435935974
Cyclist 0.0 0 3.425612688064575 375.1181640625 154.17347717285156 407.9529724121094 206.38983154296875 1.0127422 1.8858457 0.63401926 -8.024158 1.211538 26.378996 3.1303186416625977 0.1279781013727188
Car 0.0 0 1.5684112310409546 415.4228210449219 176.56048583984375 448.9364013671875 207.6071319580078 3.7512634 1.4681983 1.5692828 -9.063612 1.6669518 36.608704 1.3257107734680176 0.3799871504306793
Car 0.0 0 1.8700059652328491 468.6261901855469 175.420654296875 498.3569641113281 194.18194580078125 4.1572924 1.7021786 1.6164067 -11.9388485 1.9529045 68.21686 1.6967475414276123 0.3573543429374695
Car 0.0 0 2.1199684143066406 165.21826171875 191.12033081054688 230.0121307373047 217.34889221191406 4.347054 1.5684088 1.7640533 -27.602076 2.8499973 48.407345 1.60174560546875 0.291228324174881
Car 0.0 0 1.273935079574585 725.1343383789062 186.99830627441406 760.1575927734375 207.51622009277344 4.06631 1.59197 1.7969675 11.151491 2.8304245 61.032257 1.4546562433242798 0.2195715308189392
Car 0.0 0 -2.458829402923584 326.5755615234375 183.88772583007812 389.9867248535156 207.3057403564453 4.040182 1.5439888 1.6628551 -17.61601 2.3378813 50.421314 -2.7949485778808594 0.2047634869813919
Car 0.0 0 1.0247596502304077 790.8068237304688 187.4654083251953 849.8736572265625 216.6549072265625 3.7256322 1.5775241 1.6858357 12.447001 2.4902108 43.03131 1.3063292503356934 0.20464514195919037
Car 0.0 0 1.8371241092681885 341.4078674316406 189.699462890625 376.4628601074219 209.80233764648438 3.9751594 1.4731978 1.6912969 -20.273397 2.8831623 58.33407 1.5026428699493408 0.1943110078573227
Car 0.0 0 1.6649913787841797 757.52734375 180.39328002929688 786.0557861328125 205.4137725830078 3.311308 1.567264 1.5531567 10.78255 2.089227 48.102177 1.8855054378509521 0.19038306176662445
Car 0.0 0 1.9854023456573486 215.75344848632812 176.15565490722656 317.0445556640625 230.82139587402344 3.7153902 1.6189998 1.608909 -11.09254 1.7353716 23.472132 1.543927550315857 0.1863682121038437
