Pedestrian 0.0 0 2.4005794525146484 869.7803955078125 134.2648162841797 904.4594116210938 197.81846618652344 0.78805494 1.8675733 0.5754921 8.252178 0.7339581 21.612606 2.765317916870117 0.35089871287345886
Pedestrian 0.0 0 -1.2679007053375244 0.0 102.52853393554688 57.22795486450195 229.02430725097656 0.98915404 1.833545 0.6289657 -9.054412 0.81454146 11.0322895 -1.9551482200622559 0.2688790261745453
Pedestrian 0.0 0 -0.6819750070571899 979.1672973632812 170.22348022460938 1032.9808349609375 260.67572021484375 0.6614269 1.7111058 0.6391363 7.637429 1.6617017 14.021223 -0.18320617079734802 0.220227912068367
Pedestrian 0.0 0 -2.174949884414673 919.8191528320312 170.8082733154297 971.709228515625 253.3455810546875 0.71413225 1.6667045 0.69281936 6.9102683 1.6257522 14.978575 -1.7427027225494385 0.19775240123271942
Pedestrian 0.0 0 1.7732551097869873 947.460205078125 140.8091583251953 1018.308349609375 277.0033874511719 1.7122569 1.7898413 0.5722766 5.308241 1.3690711 10.326056 2.248089551925659 0.19698825478553772
Pedestrian 0.0 0 -2.103652000427246 849.8919677734375 157.63677978515625 897.1903686523438 239.2573699951172 0.77896446 1.7007217 0.6451739 5.5920005 1.3839996 15.474317 -1.756881594657898 0.19538553059101105
Pedestrian 0.0 0 -2.0266332626342773 1036.068603515625 120.34362030029297 1150.393798828125 265.43682861328125 1.7292471 1.7359201 0.534491 6.2537093 1.1080347 9.521102 -1.4454742670059204 0.14214013516902924
Cyclist 0.0 0 -2.0266332626342773 1036.068603515625 120.34362030029297 1150.393798828125 265.43682861328125 1.7292471 1.7359201 0.534491 6.2537093 1.1080347 9.521102 -1.4454742670059204 0.3825972378253937
Cyclist 0.0 0 1.7733080387115479 946.1007690429688 139.78334045410156 1017.3478393554688 275.63885498046875 1.7193048 1.7806523 0.5746182 5.2809277 1.3475544 10.304751 2.2468857765197754 0.3233039677143097
Cyclist 0.0 0 -1.210681676864624 0.0 108.4619140625 56.36944580078125 235.37252807617188 1.0996383 1.8232093 0.6291331 -9.080061 0.8985047 10.985088 -1.9014215469360352 0.16630885004997253
Cyclist 0.0 0 -3.2864534854888916 987.3574829101562 180.57762145996094 1094.6380615234375 267.9192810058594 1.7632253 1.6639451 0.75883675 8.590649 1.8274095 14.549528 -2.753091812133789 0.15225285291671753
Car 0.0 0 2.0412509441375732 123.66492462158203 181.5532989501953 486.7787170410156 375.0 4.0072603 1.5372943 1.6192836 -2.6721857 1.651086 7.3193297 1.6912001371383667 0.8794715404510498
Car 0.0 0 -1.8544236421585083 764.0162353515625 179.02053833007812 1003.8116455078125 345.0773620605469 3.2627268 1.4578176 1.5761366 2.7518778 1.5418074 8.119074 -1.5276356935501099 0.8022025227546692
Car 0.0 0 1.9033539295196533 637.923583984375 171.5682830810547 676.7630004882812 194.4886932373047 3.7771175 1.5639642 1.6111225 3.3750844 1.4765921 51.28427 1.9690704345703125 0.23282687366008759
