Cyclist 0.0 0 -1.2596290111541748 0.0 203.8293914794922 42.8399772644043 298.2626647949219 1.5663927 1.6424046 0.3442035 -11.437352 2.2717204 13.85683 -1.949663758277893 0.5428462624549866
Car 0.0 0 -1.9623863697052002 680.0772094726562 194.9844970703125 903.3193969726562 332.3705749511719 3.8642461 1.427416 1.6174158 2.2420378 1.80325 10.195712 -1.7459313869476318 0.9066434502601624
Car 0.0 0 1.93160080909729 0.0 211.49298095703125 246.27325439453125 368.1111145019531 3.659126 1.4784082 1.5774517 -6.323748 2.1046653 9.729266 1.3552454710006714 0.8696200251579285
Car 0.0 0 -1.6950006484985352 566.640625 188.68002319335938 627.6524658203125 237.11819458007812 3.980411 1.4657558 1.6370052 -0.57304573 2.0665693 25.284563 -1.717660665512085 0.8418962359428406
Car 0.0 0 1.7222702503204346 382.01123046875 191.5922088623047 424.6294860839844 223.7642059326172 3.7739892 1.5600398 1.6801602 -11.226175 2.6316154 39.267616 1.443809151649475 0.7665448188781738
Car 0.0 0 -1.6786314249038696 553.3554077148438 183.70181274414062 602.1904907226562 224.56439208984375 4.0665593 1.5662644 1.6477021 -1.4859626 2.0637162 30.924702 -1.7266454696655273 0.7392293810844421
Car 0.0 0 2.1023640632629395 0.0 227.45521545410156 124.3614730834961 375.0 4.00425 1.4120055 1.6280386 -5.2386317 1.9649906 5.1554494 1.3089630603790283 0.6969229578971863
Car 0.0 0 1.6693379878997803 1064.2216796875 169.4476318359375 1187.887939453125 255.77728271484375 3.8612037 1.4591497 1.5995938 10.1651535 1.4019331 14.171009 2.2915940284729004 0.6617809534072876
Car 0.0 0 -2.9559390544891357 769.67919921875 172.67417907714844 896.7700805664062 220.4686737060547 4.049993 1.5762285 1.6700343 7.819662 1.5706562 25.47373 -2.6581003665924072 0.46668797731399536
Car 0.0 0 0.6632430553436279 999.8755493164062 154.61199951171875 1242.0 375.0 3.9040496 1.4621018 1.5878468 3.4491093 1.4381095 2.945093 1.5273025035858154 0.4206821024417877
