Pedestrian 0.0 0 1.0436421632766724 949.0201416015625 172.55039978027344 1009.8323974609375 274.7017822265625 0.8777942 1.7758466 0.61476946 6.586131 1.7709265 12.996809 1.5126750469207764 0.3198271095752716
Pedestrian 0.0 0 1.5478147268295288 796.8579711914062 176.85389709472656 810.8659057617188 216.3585662841797 1.6836541 1.6819355 0.55393183 8.4901905 1.8633772 31.779446 1.8088774681091309 0.14661067724227905
Cyclist 0.0 0 1.5478147268295288 796.8579711914062 176.85389709472656 810.8659057617188 216.3585662841797 1.6836541 1.6819355 0.55393183 8.4901905 1.8633772 31.779446 1.8088774681091309 0.361875057220459
Cyclist 0.0 0 -1.6128450632095337 815.0131225585938 170.03138732910156 829.9297485351562 216.93368530273438 1.7478856 1.7562107 0.476718 8.170307 1.650879 27.920147 -1.3281621932983398 0.22192835807800293
Cyclist 0.0 0 1.035749912261963 948.1332397460938 171.9164581298828 1011.595947265625 275.809326171875 0.9658795 1.798295 0.60631275 6.587027 1.782425 12.988245 1.5051034688949585 0.10259275883436203
Car 0.0 0 1.6888437271118164 528.7969970703125 174.59934997558594 595.2290649414062 226.6773681640625 4.2367997 1.5396519 1.6782942 -1.522122 1.6024119 23.63425 1.6245293617248535 0.8416802883148193
Car 0.0 0 1.5078473091125488 711.0784301757812 178.0703582763672 752.9902954101562 214.00636291503906 4.1119685 1.5345283 1.6523609 5.5745435 1.7928889 33.5555 1.6724728345870972 0.7752012014389038
Car 0.0 0 -2.208569049835205 892.6995849609375 164.81869506835938 1242.0 375.0 3.997449 1.4563949 1.5988702 2.9344425 1.437789 3.721848 -1.5409185886383057 0.6993103623390198
Car 0.0 0 1.6802103519439697 593.4520263671875 178.14852905273438 629.5700073242188 206.9700927734375 3.9254515 1.5017556 1.6037282 0.095966935 1.8134227 40.38256 1.6825867891311646 0.6695293188095093
Car 0.0 0 -1.779081106185913 817.5960083007812 187.2625732421875 1006.2908935546875 327.1682434082031 3.4068606 1.417449 1.5371798 3.6799843 1.643301 9.484292 -1.4089549779891968 0.4007607102394104
