Pedestrian 0.0 0 -3.480844020843506 1061.8363037109375 117.24986267089844 1194.9501953125 316.1168212890625 0.86344874 1.734223 0.52609855 4.784948 1.1753116 6.6356273 -2.8560972213745117 0.6923598647117615
Pedestrian 0.0 0 -1.6458721160888672 560.011474609375 164.26416015625 586.3817138671875 230.7124786376953 0.79851025 1.6982555 0.6286 -0.7777424 1.2589276 18.789324 -1.6872413158416748 0.6751828789710999
Pedestrian 0.0 0 -2.093574047088623 631.1559448242188 159.71298217773438 707.1360473632812 291.41754150390625 0.94484425 1.6734488 0.6283936 0.8518905 1.3979555 9.685442 -2.0058441162109375 0.6517120599746704
Pedestrian 0.0 0 -2.4368650913238525 452.58258056640625 169.39865112304688 496.2158203125 249.42706298828125 0.72478074 1.7223212 0.6169368 -2.8474352 1.4631103 15.90591 -2.6140060424804688 0.6004558205604553
Pedestrian 0.0 0 -2.801985740661621 561.5653076171875 150.86231994628906 667.8511352539062 322.4593200683594 0.9814286 1.7229134 0.6389185 0.10298559 1.416664 7.679215 -2.7885756492614746 0.561222493648529
Pedestrian 0.0 0 -1.678992509841919 621.2599487304688 163.39404296875 651.0086669921875 235.24581909179688 0.8268979 1.7458376 0.6515207 0.8221786 1.3070966 17.884233 -1.6330525875091553 0.4050832688808441
Pedestrian 0.0 0 2.4613139629364014 591.9366455078125 156.7938232421875 627.8319702148438 226.85731506347656 0.704486 1.7848297 0.619402 0.18762225 1.1566322 18.758091 2.471315860748291 0.38603612780570984
Pedestrian 0.0 0 1.1223397254943848 579.5924072265625 162.77105712890625 618.2330932617188 241.5010986328125 0.74478406 1.7729777 0.63387585 -0.09924608 1.3524222 16.647795 1.1163783073425293 0.31536173820495605
Pedestrian 0.0 0 -1.7263695001602173 628.5142822265625 160.65469360351562 650.259521484375 210.951416015625 0.78948647 1.7821474 0.6662967 1.3397987 1.0445997 25.877066 -1.67464017868042 0.31208536028862
Pedestrian 0.0 0 -1.1365625858306885 1126.6893310546875 134.47006225585938 1238.0 309.2766418457031 1.1938354 1.7021147 0.57887685 6.109456 1.2455487 7.5137625 -0.45388349890708923 0.30777737498283386
Pedestrian 0.0 0 -1.4014004468917847 578.9149169921875 163.44268798828125 595.3401489257812 200.91615295410156 0.7826546 1.805829 0.68023217 -0.703068 0.93655705 35.0512 -1.4214560985565186 0.27147191762924194
Pedestrian 0.0 0 -1.8340510129928589 969.8138427734375 151.48519897460938 1016.1681518554688 240.46705627441406 0.6407336 1.7558339 0.67975825 7.887934 1.1648159 14.562158 -1.3376230001449585 0.26534661650657654
Pedestrian 0.0 0 0.8528038859367371 191.31808471679688 167.15135192871094 232.448974609375 237.26235961914062 0.69111836 1.770829 0.6373011 -10.093844 1.4095994 18.559555 0.35468506813049316 0.2608117461204529
Pedestrian 0.0 0 -2.3304076194763184 1174.7691650390625 132.7976837158203 1238.0 271.2677917480469 0.71660894 1.7111241 0.6441704 7.9497833 1.1106309 9.247923 -1.6203498840332031 0.25344574451446533
Pedestrian 0.0 0 -1.1841192245483398 675.378173828125 168.39300537109375 727.0345458984375 243.4643096923828 1.74151 1.7503158 0.6523262 2.4407816 1.4459267 17.662754 -1.0468008518218994 0.11599456518888474
Cyclist 0.0 0 -1.0830557346343994 1115.366943359375 133.98703002929688 1238.0 311.64178466796875 1.312328 1.7220579 0.5897735 6.0400305 1.2628725 7.4896865 -0.4043964147567749 0.36327746510505676
Cyclist 0.0 0 -1.151645302772522 674.1371459960938 168.55300903320312 727.509521484375 243.6849365234375 1.841973 1.7569718 0.6117213 2.4439065 1.4554086 17.739439 -1.014740228652954 0.35453981161117554
Cyclist 0.0 0 -1.6473406553268433 559.91943359375 164.0771484375 586.1819458007812 231.05941772460938 0.88372326 1.708197 0.6178849 -0.7823978 1.2650542 18.791725 -1.688951849937439 0.12811625003814697
Cyclist 0.0 0 -2.094449281692505 632.4994506835938 158.42124938964844 706.6414184570312 290.7920837402344 0.9322584 1.6768076 0.601959 0.85425436 1.3857924 9.646474 -2.0061235427856445 0.10575714707374573
Car 0.0 0 1.9224154949188232 188.14576721191406 156.18283081054688 478.10015869140625 339.77276611328125 4.368348 1.6238167 1.7060791 -2.8120937 1.401273 8.563071 1.6051135063171387 0.7962398529052734
Car 0.0 0 1.6445950269699097 391.10565185546875 155.4632568359375 459.3238220214844 219.05877685546875 4.0819335 1.6732478 1.6379985 -5.090379 0.98936963 21.044413 1.4072661399841309 0.2506721615791321
