Pedestrian 0.0 0 -3.1491923332214355 933.2822265625 106.70016479492188 1041.1759033203125 311.1997375488281 0.84422714 1.7619544 0.50503504 3.479053 1.1188686 6.6046963 -2.6643710136413574 0.39449185132980347
Pedestrian 0.0 0 -0.022791743278503418 830.8953857421875 105.10401916503906 920.9286499023438 283.6907043457031 0.8259298 1.7200758 0.4908773 2.7179964 0.9856322 7.2834725 0.33437633514404297 0.33964669704437256
Pedestrian 0.0 0 -1.0968178510665894 130.54367065429688 166.80369567871094 154.80484008789062 206.19595336914062 0.79206854 1.8220403 0.671468 -21.495018 1.143206 33.649033 -1.6652796268463135 0.18592309951782227
Cyclist 0.0 0 -0.48538875579833984 103.87564086914062 191.0293426513672 136.76467895507812 222.13528442382812 1.5775871 1.7212608 0.3555046 -27.449244 2.2763238 41.001583 -1.0753281116485596 0.18048609793186188
Cyclist 0.0 0 -2.0712311267852783 1130.4239501953125 95.86846160888672 1238.0 278.2187805175781 1.8369596 1.7759788 0.54269254 6.599956 0.9433514 7.94696 -1.378166913986206 0.16694295406341553
Car 0.0 0 -1.3145599365234375 559.6773681640625 171.8753204345703 611.0700073242188 204.725830078125 3.6397183 1.4831123 1.5892869 -0.72185475 1.0495223 34.383236 -1.3355512619018555 0.8672647476196289
Car 0.0 0 -0.717751145362854 387.00872802734375 173.56373596191406 507.252685546875 220.82791137695312 4.1855426 1.560993 1.6478388 -5.485372 1.299969 25.889936 -0.9265363216400146 0.827823281288147
Car 0.0 0 2.160112142562866 326.7570495605469 180.2439422607422 392.599609375 208.7818603515625 3.6279705 1.430046 1.5411837 -12.705337 1.3679824 37.94623 1.837019920349121 0.46518006920814514
Car 0.0 0 -0.08606952428817749 3.140141725540161 164.2338104248047 123.90293884277344 208.62628173828125 4.181513 1.8543264 1.7341679 -23.946247 1.1340771 32.041405 -0.7278745174407959 0.31271710991859436
Car 0.0 0 2.8423938751220703 96.64433288574219 187.55052185058594 179.82579040527344 215.89920043945312 3.7955997 1.5526422 1.6235123 -27.12951 1.9251146 42.15602 2.27056622505188 0.16812586784362793
