Car 0.0 0 -1.9473488330841064 758.1304931640625 188.10171508789062 1070.8109130859375 375.0 3.8329656 1.419934 1.5942746 2.7553256 1.6225542 7.629011 -1.600762963294983 0.919258713722229
Car 0.0 0 -1.6909606456756592 675.0451049804688 178.22653198242188 759.5745239257812 249.18275451660156 3.8271253 1.6004655 1.6634852 2.5892296 1.7529061 18.493109 -1.5518543720245361 0.8793044090270996
Car 0.0 0 -2.606640577316284 25.923492431640625 162.96726989746094 346.9617919921875 284.0555114746094 3.9292104 1.7077991 1.698068 -6.356741 1.5687166 11.04781 -3.1287639141082764 0.8279938101768494
Car 0.0 0 0.4182232916355133 221.61935424804688 187.68148803710938 428.8849792480469 257.400390625 4.001132 1.4345672 1.604282 -6.308434 1.7844553 16.11464 0.0450899600982666 0.7725785374641418
Car 0.0 0 -1.6831611394882202 659.708740234375 180.6844024658203 722.1611938476562 230.20822143554688 4.1207247 1.5052408 1.6451254 2.631133 1.7955122 24.64624 -1.576807975769043 0.7193349003791809
Car 0.0 0 3.442324638366699 278.6675720214844 180.23793029785156 452.2098693847656 241.93243408203125 3.9694288 1.5139099 1.6439155 -6.309932 1.7153578 18.778984 3.11816668510437 0.6649307608604431
Car 0.0 0 -2.187885284423828 0.0 215.6846160888672 162.01315307617188 375.0 3.888105 1.4142505 1.5782998 -6.2979317 1.8542081 6.2990675 -2.9731931686401367 0.6103053689002991
Car 0.0 0 -1.7120113372802734 644.694091796875 176.29815673828125 688.4712524414062 211.26995849609375 3.431228 1.5257577 1.5538046 2.5443504 1.6948652 33.58675 -1.6364011764526367 0.5876008868217468
Car 0.0 0 1.5578293800354004 634.264892578125 178.6846923828125 658.9815063476562 203.19659423828125 3.6681297 1.5185424 1.5606488 2.3497274 1.9173567 47.44425 1.6073150634765625 0.5294743776321411
Car 0.0 0 0.4856351912021637 154.0150604248047 194.0777587890625 393.35858154296875 280.2806701660156 3.8224745 1.4783092 1.5966963 -6.328902 1.9085385 13.712561 0.05322575569152832 0.4346174895763397
Car 0.0 0 1.7516672611236572 504.86669921875 179.99798583984375 541.6921997070312 206.7818603515625 3.7209857 1.5122241 1.5698478 -5.234435 1.9637239 43.65705 1.6323379278182983 0.4068121910095215
