Pedestrian 0.0 0 -2.5936896800994873 177.39186096191406 157.68789672851562 271.33721923828125 297.3642883300781 0.8863084 1.6835203 0.5267594 -4.77459 1.4102465 8.80268 -3.0906805992126465 0.6168850064277649
Pedestrian 0.0 0 1.5193846225738525 839.7777099609375 172.73867797851562 868.9623413085938 244.04942321777344 0.7996647 1.7526401 0.6518286 6.2494893 1.5634838 17.84795 1.8561944961547852 0.203261137008667
Pedestrian 0.0 0 -0.22998565435409546 636.3671875 174.72434997558594 697.703369140625 273.7358093261719 1.0074785 1.7663714 0.61218303 1.0862046 1.6649759 12.98519 -0.14653044939041138 0.16351601481437683
Pedestrian 0.0 0 -2.0587711334228516 1114.0899658203125 189.6213836669922 1224.0 370.0 0.67400414 1.6639664 0.66328716 4.314444 1.7392653 5.3047056 -1.3759585618972778 0.1425161510705948
Pedestrian 0.0 0 -3.4540517330169678 822.1331787109375 189.94659423828125 868.0984497070312 280.0889892578125 0.6750785 1.7261077 0.6992664 4.6892934 1.9190595 13.961638 -3.1300201416015625 0.13835756480693817
Pedestrian 0.0 0 -0.43633803725242615 758.2140502929688 134.62164306640625 820.97998046875 240.08384704589844 0.8894182 1.7883981 0.60348606 3.1752017 1.0120542 12.3633375 -0.1849471926689148 0.1381220817565918
Pedestrian 0.0 0 -0.8469104170799255 982.6520385742188 196.31820678710938 1122.6204833984375 370.0 0.6717555 1.6265696 0.587295 3.2750907 1.7550026 5.2815933 -0.2918459177017212 0.12701699137687683
Pedestrian 0.0 0 -1.8070638179779053 78.27886199951172 148.60462951660156 136.24562072753906 243.42532348632812 1.5346025 1.6763878 0.5363496 -9.353082 1.1141351 13.202159 -2.4234390258789062 0.10991513729095459
Cyclist 0.0 0 -1.5378289222717285 82.1709213256836 150.1736602783203 120.3752670288086 245.04254150390625 1.7322512 1.6509763 0.5266928 -9.403782 1.124861 13.166536 -2.158033847808838 0.3001154661178589
Cyclist 0.0 0 3.609199047088623 31.746137619018555 191.8110809326172 115.73200225830078 252.89854431152344 1.8153915 1.6999241 0.69756263 -15.305903 2.035329 20.359995 2.9645700454711914 0.21609973907470703
Cyclist 0.0 0 -2.401449203491211 0.0 172.84950256347656 87.55944061279297 256.33563232421875 1.9340438 1.6341863 0.6983168 -11.664808 1.4860636 14.235581 -3.0879154205322266 0.20658491551876068
Car 0.0 0 1.8242439031600952 49.82278060913086 184.6785125732422 133.61111450195312 228.10365295410156 3.9637852 1.4626913 1.5806392 -19.035238 1.632571 26.354162 1.1987169981002808 0.1486964374780655
Car 0.0 0 -1.2457225322723389 289.8381042480469 198.307861328125 387.3724060058594 255.7529754638672 3.517882 1.4140016 1.571884 -7.5564103 1.971526 20.286663 -1.6022834777832031 0.13313820958137512
Car 0.0 0 -1.2384326457977295 483.0542907714844 141.8612060546875 583.3126831054688 205.22630310058594 4.1985483 1.6921377 1.6913636 -2.047525 0.66188866 21.115185 -1.335099697113037 0.11702048778533936
Car 0.0 0 3.0751516819000244 583.4886474609375 179.39712524414062 679.30029296875 214.77906799316406 3.86847 1.4244913 1.577179 1.0227096 1.3815827 29.310339 3.110029935836792 0.11417970061302185
