Pedestrian 0.0 0 1.2038578987121582 1163.7176513671875 104.63452911376953 1242.0 246.00254821777344 0.90745336 1.8373572 0.6328343 8.11478 0.95106804 9.905201 1.890223503112793 0.34064462780952454
Cyclist 0.0 0 -1.4178707599639893 289.8292236328125 169.35757446289062 325.4739074707031 236.34304809570312 1.8177097 1.6997072 0.6109742 -8.096863 1.6113461 19.261559 -1.8158080577850342 0.45644572377204895
Car 0.0 0 -1.79500412940979 467.0930480957031 170.20269775390625 512.5609741210938 201.43179321289062 3.9964252 1.6565982 1.6576046 -6.81846 1.5163134 40.43566 -1.9620575904846191 0.8099660873413086
Car 0.0 0 0.7197397351264954 0.0 159.91139221191406 229.22463989257812 273.184814453125 3.6057844 1.4797165 1.5610313 -7.7075973 1.3110021 10.343848 0.07935738563537598 0.6982653141021729
Car 0.0 0 3.736292600631714 0.0 143.10055541992188 115.49469757080078 313.9634094238281 3.90061 1.4917402 1.5940515 -7.7360926 1.2323319 7.478655 2.9339756965637207 0.5584986209869385
Car 0.0 0 3.331216812133789 112.23114776611328 154.56246948242188 317.32440185546875 238.74632263183594 3.868989 1.7673011 1.6761544 -8.906506 1.3836585 16.524616 2.8368704319000244 0.5120488405227661
Car 0.0 0 3.296036720275879 227.69618225097656 170.67440795898438 357.90087890625 216.34751892089844 4.0099545 1.53247 1.6301727 -11.141052 1.4596959 25.505613 2.8842074871063232 0.3536539375782013
Car 0.0 0 0.49369022250175476 198.65829467773438 169.1826171875 343.666748046875 221.4420166015625 3.7881217 1.5692748 1.6338452 -10.58186 1.4593865 22.584776 0.0555262565612793 0.32810553908348083
Car 0.0 0 -2.2743520736694336 177.30630493164062 169.17202758789062 330.9267578125 229.1091766357422 3.918145 1.5135041 1.6122082 -9.785645 1.4208871 19.732754 -2.7347211837768555 0.3019631803035736
Car 0.0 0 1.5675098896026611 1192.62060546875 194.60906982421875 1242.0 250.15516662597656 3.9431202 1.4649239 1.6744636 19.402626 2.210596 22.672264 2.2753539085388184 0.2798768877983093
