Pedestrian 0.0 0 0.5873252749443054 314.6589660644531 148.59976196289062 348.3397216796875 201.9446563720703 0.95294064 1.8758521 0.5935994 -9.9846735 1.0233194 25.762497 0.21758341789245605 0.4260694682598114
Cyclist 0.0 0 1.7922453880310059 319.1420593261719 148.64297485351562 343.28533935546875 202.12167358398438 0.9127154 1.871701 0.61989385 -9.985153 1.0246973 25.747553 1.4222917556762695 0.11655133217573166
Car 0.0 0 -2.537745237350464 885.33935546875 179.65365600585938 1132.512451171875 279.590576171875 3.4466116 1.4235343 1.5397629 6.612226 1.5586808 12.415838 -2.048387289047241 0.8933507204055786
Car 0.0 0 -1.8106764554977417 655.8543090820312 183.81024169921875 724.755859375 232.183349609375 3.3993177 1.4867188 1.5729284 2.6373637 1.8904608 24.773252 -1.704615831375122 0.8879556059837341
Car 0.0 0 -2.772611618041992 306.28631591796875 189.5959930419922 461.46575927734375 247.38458251953125 3.9171736 1.537122 1.6487494 -6.458941 2.039815 20.694036 -3.0751466751098633 0.7066823244094849
Car 0.0 0 -2.2920103073120117 0.0 202.8163299560547 111.66048431396484 375.0 3.9203336 1.4813573 1.6181372 -6.7125173 1.7649859 5.9946074 -3.133845090866089 0.678574800491333
Car 0.0 0 0.6525105237960815 0.0 165.13694763183594 309.3081359863281 331.9856262207031 4.0549903 1.7505887 1.6968087 -5.975106 1.6699786 8.495611 0.03956198692321777 0.6748114228248596
Car 0.0 0 -2.592696189880371 117.57927703857422 194.22132873535156 368.9835510253906 283.8673095703125 3.9556649 1.5108217 1.637832 -6.852529 1.943064 13.602613 -3.059351682662964 0.6742733716964722
Car 0.0 0 -1.705173373222351 633.0371704101562 180.10479736328125 678.0072631835938 214.14076232910156 3.9532056 1.4861367 1.611871 2.071991 1.8526049 34.398495 -1.6450111865997314 0.575526773929596
Car 0.0 0 3.5274364948272705 184.7017822265625 193.4635009765625 401.4482727050781 268.7918701171875 4.0368733 1.5138193 1.6463327 -6.88027 1.9917214 15.845064 3.117780923843384 0.5656449198722839
Car 0.0 0 -2.825089454650879 374.7005310058594 187.52072143554688 490.5003356933594 228.57839965820312 4.0181117 1.4849449 1.627929 -6.8122287 2.0689297 27.74544 -3.0658528804779053 0.5469146966934204
Car 0.0 0 1.5779041051864624 491.00494384765625 186.49229431152344 523.3659057617188 217.646728515625 4.1080003 1.5202541 1.6518872 -5.611722 2.3027904 39.23214 1.4358289241790771 0.4524000585079193
