Pedestrian 0.0 0 -0.6776145696640015 873.8108520507812 137.16224670410156 954.1825561523438 281.39508056640625 0.67823595 1.7108928 0.61358225 3.7735045 1.1985015 8.768481 -0.2712222933769226 0.4636090099811554
Pedestrian 0.0 0 -1.5153675079345703 839.2198486328125 174.03480529785156 868.5571899414062 244.48684692382812 0.7895297 1.7296511 0.65759146 6.2507443 1.5725234 17.844107 -1.1784276962280273 0.2620345950126648
Pedestrian 0.0 0 -0.43496108055114746 53.786067962646484 190.88401794433594 100.59407043457031 251.3514404296875 0.88168484 1.6832477 0.6736498 -15.268461 1.9927269 20.413187 -1.0771620273590088 0.23559492826461792
Pedestrian 0.0 0 1.7745386362075806 255.8969268798828 173.1187286376953 304.5832214355469 266.4064025878906 0.8771388 1.7406218 0.6964878 -6.3172607 1.604534 13.693654 1.3423047065734863 0.22235381603240967
Pedestrian 0.0 0 -0.4275805950164795 820.9219360351562 188.1475830078125 870.240234375 279.25250244140625 0.7029813 1.743019 0.6764343 4.698019 1.8996934 13.957302 -0.10289348661899567 0.15146470069885254
Pedestrian 0.0 0 -0.7463803291320801 982.6244506835938 194.12384033203125 1122.936767578125 370.0 0.66814345 1.6189834 0.5819634 3.2706358 1.7292323 5.2787933 -0.19168788194656372 0.14354734122753143
Pedestrian 0.0 0 -2.1260666847229004 1113.373291015625 186.10813903808594 1224.0 370.0 0.67830724 1.6722687 0.6637561 4.31595 1.7190219 5.295309 -1.4422149658203125 0.14273332059383392
Cyclist 0.0 0 3.5975985527038574 40.11870193481445 190.83367919921875 103.71598815917969 252.11541748046875 1.3069234 1.7135202 0.65956974 -15.370785 2.0193174 20.363523 2.9510200023651123 0.2917076051235199
Cyclist 0.0 0 -2.29226016998291 0.0 173.83494567871094 75.5771255493164 258.9718933105469 1.8355033 1.6534963 0.65556717 -11.766594 1.525682 14.194458 -2.984410047531128 0.1851407140493393
Car 0.0 0 2.2399187088012695 0.0 184.94927978515625 125.27650451660156 235.78152465820312 4.2561355 1.5321168 1.656737 -18.47502 1.696966 23.814966 1.5801254510879517 0.27148792147636414
Car 0.0 0 -1.3318275213241577 303.4167175292969 196.76992797851562 392.18499755859375 254.53770446777344 3.5984876 1.4119041 1.5704885 -7.2675157 1.9215442 20.20275 -1.6771432161331177 0.14312459528446198
