Pedestrian 0.0 0 -0.09684358537197113 539.6524658203125 143.42391967773438 648.5634155273438 315.06365966796875 1.1035565 1.7430652 0.61980486 -0.1855732 1.3682371 7.549819 -0.12141846120357513 0.7304021716117859
Pedestrian 0.0 0 -1.5170013904571533 839.3916625976562 174.61538696289062 868.588134765625 244.10447692871094 0.77906996 1.7062681 0.6558675 6.2522235 1.563372 17.841343 -1.1799395084381104 0.3187711238861084
Pedestrian 0.0 0 -3.3415138721466064 823.5048217773438 186.92953491210938 868.2252197265625 276.91302490234375 0.7143199 1.7244344 0.67717546 4.7097073 1.8566892 13.979643 -3.016558885574341 0.23012544214725494
Pedestrian 0.0 0 -0.6624428629875183 48.248897552490234 190.0699005126953 107.9934310913086 250.00030517578125 1.2856753 1.6543157 0.60563684 -15.243149 1.9420186 20.435799 -1.3033175468444824 0.12368597090244293
Pedestrian 0.0 0 -0.7032991647720337 984.6947021484375 192.06637573242188 1124.1441650390625 370.0 0.6574554 1.6236184 0.58380777 3.2820625 1.717296 5.280164 -0.14716044068336487 0.12116537988185883
Pedestrian 0.0 0 -2.0159354209899902 1116.4471435546875 187.54747009277344 1224.0 370.0 0.6754021 1.6688575 0.6572512 4.3170743 1.7274812 5.299531 -1.3323465585708618 0.10741415619850159
Pedestrian 0.0 0 1.35575270652771 958.6264038085938 142.20358276367188 1020.2037963867188 258.66009521484375 1.4626577 1.7821019 0.5805505 6.22877 1.1977216 11.597695 1.8486143350601196 0.10437776148319244
Cyclist 0.0 0 -0.054669175297021866 533.8289794921875 149.3180389404297 646.014892578125 319.0115661621094 1.1473749 1.7205375 0.6349739 -0.22807842 1.4060742 7.528875 -0.08495374023914337 0.22680272161960602
Cyclist 0.0 0 0.4013431668281555 39.312747955322266 190.2322998046875 106.54840087890625 250.75387573242188 1.3989482 1.6869328 0.6658888 -15.330544 1.9754962 20.353168 -0.24421973526477814 0.20076574385166168
Cyclist 0.0 0 -1.390863299369812 73.33473205566406 154.42628479003906 125.99528503417969 249.85830688476562 1.695272 1.6610539 0.5064743 -9.431515 1.2088699 13.176241 -2.012112855911255 0.18095490336418152
Cyclist 0.0 0 -1.2453280687332153 0.0 183.32444763183594 42.85941696166992 267.07763671875 1.533823 1.5940473 0.4345078 -11.968124 1.6559762 14.29892 -1.9422234296798706 0.13555148243904114
Cyclist 0.0 0 1.3722869157791138 958.8038330078125 142.4351806640625 1023.9741821289062 258.7732238769531 1.6047899 1.75585 0.6182072 6.215325 1.1830113 11.52394 1.8669092655181885 0.13432925939559937
Cyclist 0.0 0 -2.1823501586914062 1143.9346923828125 164.8357391357422 1224.0 265.3946533203125 1.5034617 1.6357722 0.42264467 10.044641 1.3826175 12.261869 -1.4960248470306396 0.11579379439353943
Car 0.0 0 1.8032464981079102 53.56521224975586 187.2060546875 135.55331420898438 230.30726623535156 4.051154 1.4424889 1.5988972 -19.043535 1.716139 26.512472 1.1803531646728516 0.18631097674369812
