Pedestrian 0.0 0 -0.1979966163635254 820.9508056640625 133.62115478515625 860.10400390625 208.0442657470703 0.8386466 1.860931 0.6289994 5.9631257 0.690332 18.03753 0.12128782272338867 0.5133662819862366
Pedestrian 0.0 0 -1.9238578081130981 645.83984375 164.81610107421875 668.7658081054688 211.54931640625 0.7563195 1.7865582 0.66721845 2.0040371 1.1884876 27.4804 -1.8510606288909912 0.3134920001029968
Pedestrian 0.0 0 -3.3977999687194824 831.642822265625 136.22079467773438 873.3826904296875 214.54888916015625 0.81871337 1.8300599 0.5700184 5.8456197 0.7971247 16.83061 -3.063513994216919 0.2825264632701874
Pedestrian 0.0 0 1.4380710124969482 911.4559936523438 136.73695373535156 961.333251953125 254.35885620117188 0.84655327 1.837335 0.62627524 5.346614 1.1553832 11.536742 1.8720471858978271 0.26488399505615234
Pedestrian 0.0 0 -1.4718780517578125 588.4802856445312 169.6819610595703 601.2755126953125 201.69891357421875 0.66343266 1.7912705 0.6608612 -0.57730055 1.1874179 39.911087 -1.4863417148590088 0.2426680624485016
Pedestrian 0.0 0 0.36680126190185547 789.4886474609375 141.53463745117188 820.2686767578125 202.19638061523438 0.7606694 1.8645068 0.6150824 6.2462797 0.66841936 22.200922 0.6410634517669678 0.22957037389278412
Pedestrian 0.0 0 2.439725637435913 796.23095703125 134.36468505859375 831.4468994140625 199.1537628173828 0.7981711 1.8775576 0.6039322 6.145153 0.5421462 20.922508 2.7254018783569336 0.21557483077049255
Pedestrian 0.0 0 -1.8820319175720215 943.3466796875 129.9980010986328 1014.9072875976562 266.0279846191406 1.0331081 1.839025 0.6125684 5.2790065 1.1579462 10.114686 -1.4010063409805298 0.20044513046741486
Pedestrian 0.0 0 -2.047335624694824 1107.01904296875 49.010894775390625 1224.0 284.435791015625 1.4833134 1.7733393 0.508282 4.9332604 0.7846073 6.0985975 -1.3671810626983643 0.11907991021871567
Cyclist 0.0 0 -0.19544059038162231 649.748046875 160.88990783691406 682.9028930664062 208.3968048095703 1.1958692 1.832366 0.60238045 2.366976 1.0774994 27.631277 -0.10998629033565521 0.2340567708015442
Cyclist 0.0 0 -2.047335624694824 1107.01904296875 49.010894775390625 1224.0 284.435791015625 1.4833134 1.7733393 0.508282 4.9332604 0.7846073 6.0985975 -1.3671810626983643 0.18357932567596436
Car 0.0 0 -0.4088054895401001 1094.92529296875 0.0 1224.0 370.0 4.132793 1.5291789 1.6299139 4.580501 0.91617846 3.0186913 0.5792932510375977 0.26731228828430176
Car 0.0 0 1.4469035863876343 688.8123779296875 166.7213134765625 724.2987060546875 196.5036163330078 3.6167274 1.6624194 1.6077412 5.877912 0.8946973 41.28402 1.5883305072784424 0.16106101870536804
