Pedestrian 0.0 0 -0.4632521867752075 1032.613037109375 146.0924072265625 1121.356689453125 279.349853515625 0.8680293 1.8205501 0.6190223 6.5334644 1.4552937 10.208549 0.10606050491333008 0.24649229645729065
Pedestrian 0.0 0 0.1673857867717743 791.5927734375 141.9019775390625 819.9197998046875 197.9930419921875 0.8547222 1.8950267 0.5919005 6.6920476 0.8496763 24.821629 0.43072986602783203 0.19133108854293823
Pedestrian 0.0 0 1.5948820114135742 887.147216796875 130.23883056640625 916.7372436523438 215.82223510742188 0.80352014 1.8772348 0.60314596 6.556411 0.9428475 16.312105 1.977055549621582 0.16981209814548492
Pedestrian 0.0 0 -1.6085593700408936 726.4863891601562 155.14161682128906 738.7919921875 190.07318115234375 0.6138287 1.9449782 0.65765905 6.8494096 0.95911646 40.51911 -1.4411009550094604 0.11691763252019882
Pedestrian 0.0 0 1.8924322128295898 1120.3896484375 99.41899871826172 1205.404052734375 264.9172058105469 0.77228117 1.8439224 0.58264285 6.455418 1.0260935 8.494739 2.5422592163085938 0.1155862957239151
Pedestrian 0.0 0 -1.5572638511657715 711.9440307617188 156.49114990234375 722.2574462890625 186.07701110839844 0.5027413 1.9801531 0.6808401 7.1842737 0.8853609 48.5916 -1.4104771614074707 0.11247394233942032
Cyclist 0.0 0 -1.6939364671707153 658.57275390625 186.06385803222656 670.173095703125 220.53932189941406 1.5314692 1.7320544 0.41556147 2.7919247 2.4353285 37.61637 -1.6198513507843018 0.10993130505084991
Car 0.0 0 1.8312376737594604 345.2668151855469 191.3029327392578 495.3901672363281 293.5987854003906 3.9524221 1.4586388 1.6164211 -3.2630265 1.8420329 12.990197 1.585137963294983 0.9171245694160461
Car 0.0 0 1.5838996171951294 598.640869140625 179.23529052734375 617.7033081054688 197.48748779296875 3.9165506 1.5110774 1.6148341 -0.15667304 2.0866835 63.07441 1.5814156532287598 0.15570195019245148
Car 0.0 0 1.4762842655181885 644.021240234375 181.98609924316406 680.7694702148438 211.98231506347656 3.856548 1.4971663 1.6215657 2.758122 2.0176232 39.143513 1.546629786491394 0.10277222841978073
