Pedestrian 0.0 0 -1.4037635326385498 461.04229736328125 175.17510986328125 475.1549377441406 207.75698852539062 0.68295205 1.7702755 0.6565174 -7.8209333 1.8991622 39.6011 -1.5987472534179688 0.21232296526432037
Cyclist 0.0 0 -1.8585314750671387 368.2344970703125 175.5422821044922 404.2038879394531 232.1622772216797 1.8281487 1.7107465 0.5868511 -7.1354847 1.7995301 22.80832 -2.161731243133545 0.26421114802360535
Car 0.0 0 -1.5436458587646484 552.5001831054688 178.5436248779297 604.258056640625 225.01181030273438 3.6786103 1.4130118 1.6064223 -1.0579523 1.6191694 24.243752 -1.5872563123703003 0.8120536208152771
Car 0.0 0 -1.4780327081680298 499.36541748046875 176.9149932861328 540.1510620117188 209.90966796875 3.6558836 1.4726044 1.6048921 -4.302724 1.6776259 34.50869 -1.6020777225494385 0.8062182068824768
Car 0.0 0 1.924432396888733 225.30697631835938 182.94618225097656 294.5080261230469 219.7928009033203 3.7504013 1.4866403 1.5678302 -15.530757 1.9633968 32.115044 1.4739925861358643 0.7642513513565063
Car 0.0 0 2.1640970706939697 0.0 181.7089080810547 72.93106079101562 261.12109375 3.5150397 1.4762007 1.5219198 -13.613576 1.691287 15.657003 1.4483973979949951 0.48059704899787903
Car 0.0 0 1.9809916019439697 136.66514587402344 193.43638610839844 188.72915649414062 217.73422241210938 3.7609649 1.4823849 1.6657261 -30.555775 2.9471686 49.35368 1.4266328811645508 0.21260733902454376
Car 0.0 0 2.1220543384552 840.0712280273438 178.7926483154297 885.5079956054688 198.25579833984375 4.057339 1.517806 1.6474684 20.792538 2.0225055 59.355194 2.4590024948120117 0.20993606746196747
Car 0.0 0 2.066981315612793 7.7456746101379395 184.84226989746094 133.47596740722656 236.86288452148438 4.137994 1.5381051 1.6377438 -18.167976 1.9814065 24.492622 1.4287660121917725 0.19570744037628174
Car 0.0 0 1.6190390586853027 799.9183959960938 170.9300994873047 826.2871704101562 193.6287841796875 3.8761225 1.5309203 1.6022633 14.2873125 1.4015187 50.75365 1.893441081047058 0.17738063633441925
