Pedestrian 0.0 0 -0.4355543851852417 708.0050659179688 178.82447814941406 748.5203857421875 246.67567443847656 0.84516335 1.7432535 0.68488 3.0699086 1.9050121 19.05805 -0.2758443355560303 0.4101754426956177
Pedestrian 0.0 0 -2.0277819633483887 590.8497924804688 174.78274536132812 612.9519653320312 211.16061401367188 0.97209835 1.752068 0.72967225 -0.43983987 1.8486891 35.41066 -2.0402023792266846 0.24781110882759094
Pedestrian 0.0 0 1.3102954626083374 702.9041748046875 119.06288146972656 755.9771118164062 239.26126098632812 0.83465433 1.844252 0.6383782 1.8398455 1.019271 11.515775 1.4687238931655884 0.23612813651561737
Cyclist 0.0 0 -0.44147324562072754 710.3309326171875 178.33168029785156 751.404541015625 244.54403686523438 0.8619528 1.7038945 0.68204087 3.1433578 1.852551 19.085272 -0.2782380282878876 0.116839200258255
Car 0.0 0 1.8438620567321777 317.7417907714844 197.1516571044922 458.0216064453125 293.6141662597656 3.592288 1.3986329 1.5126692 -3.9338279 1.9037913 13.178948 1.553788185119629 0.91025710105896
Car 0.0 0 2.172619104385376 0.0 212.42276000976562 284.7916259765625 375.0 3.8103187 1.4099544 1.5583067 -3.9598372 1.8020428 5.199397 1.521738052368164 0.8570559024810791
Car 0.0 0 1.7848052978515625 413.47979736328125 180.57559204101562 504.0438232421875 247.53265380859375 3.8403575 1.5863174 1.6028169 -4.008613 1.8156555 19.465286 1.5817081928253174 0.8460928797721863
Car 0.0 0 0.7568866610527039 941.5739135742188 41.125667572021484 1242.0 375.0 3.899954 1.5434064 1.5868229 3.7024326 1.1441883 4.200182 1.4793825149536133 0.5386819839477539
Car 0.0 0 1.795983076095581 526.1461791992188 174.57691955566406 567.281005859375 202.12222290039062 4.1480603 1.6186813 1.6628891 -3.9101777 1.7312903 44.83805 1.7089964151382446 0.4853229820728302
Car 0.0 0 -1.4179797172546387 608.5872192382812 174.8190460205078 654.6800537109375 208.0211639404297 4.054857 1.522339 1.667907 1.0844958 1.6251733 35.479694 -1.3874225616455078 0.37715771794319153
