Car 0.0 0 1.7752809524536133 378.09857177734375 205.10496520996094 489.6692810058594 290.4380187988281 3.9994173 1.4910642 1.6294307 -3.837707 2.3040667 16.155924 1.5420615673065186 0.901390552520752
Car 0.0 0 1.9078775644302368 239.46170043945312 207.46475219726562 445.7313537597656 344.06390380859375 3.8409655 1.4388261 1.5766572 -3.6683545 2.0347412 10.491906 1.5715265274047852 0.898812472820282
Car 0.0 0 -1.8794041872024536 723.834228515625 194.93528747558594 944.596435546875 343.5965270996094 3.7640676 1.4484 1.6101271 2.618601 1.7983471 9.507963 -1.6106555461883545 0.8975204229354858
Car 0.0 0 -1.7771594524383545 680.9248046875 195.86253356933594 800.5772705078125 286.3144836425781 4.1980777 1.5322845 1.6389529 2.576015 2.0928822 15.435263 -1.611791968345642 0.8476191759109497
Car 0.0 0 1.7114286422729492 464.9213562011719 198.3942413330078 522.9077758789062 247.75929260253906 3.6831014 1.5487407 1.593547 -4.2185316 2.5496893 26.409525 1.55303156375885 0.7849987149238586
Car 0.0 0 -2.232344627380371 863.355712890625 198.3748016357422 1242.0 375.0 3.1934984 1.4167136 1.4812498 3.004141 1.6412177 4.6772203 -1.661407232284546 0.7109397649765015
Car 0.0 0 1.4789202213287354 630.5203857421875 192.51271057128906 662.5178833007812 218.16259765625 4.222894 1.5467364 1.7792653 2.4016051 2.9392707 48.94697 1.5279463529586792 0.6947614550590515
Car 0.0 0 1.7811245918273926 430.49774169921875 200.56619262695312 506.8352355957031 257.3948974609375 3.5831587 1.4290487 1.5354308 -4.2053614 2.3326294 21.708492 1.5897750854492188 0.6850760579109192
Car 0.0 0 -1.7098093032836914 670.7278442382812 189.78807067871094 745.7660522460938 248.80491638183594 4.114465 1.4995426 1.6407442 2.7858684 2.0549662 21.581985 -1.5814361572265625 0.6263443827629089
Car 0.0 0 -1.705412745475769 659.8140258789062 189.17738342285156 714.6370239257812 234.1759796142578 3.5261939 1.5056657 1.5829813 2.8048913 2.1624234 27.224417 -1.6027464866638184 0.5760658979415894
