Pedestrian 0.0 0 0.6118006706237793 1178.1212158203125 145.30137634277344 1242.0 306.3755798339844 0.7582886 1.788102 0.58396447 7.20785 1.4825952 8.447207 1.3181970119476318 0.220847949385643
Pedestrian 0.0 0 -1.7617024183273315 683.7463989257812 165.18443298339844 697.3563232421875 196.6887664794922 1.1754316 1.7832636 0.5625426 4.587595 1.3494956 41.44748 -1.6514666080474854 0.21450167894363403
Pedestrian 0.0 0 2.2207345962524414 1076.02685546875 162.71371459960938 1139.42431640625 270.57269287109375 0.6822118 1.7859912 0.60311717 8.452967 1.6184402 12.338491 2.821382999420166 0.16060195863246918
Cyclist 0.0 0 -1.738373041152954 684.2283935546875 164.82545471191406 697.564697265625 196.47010803222656 1.4154791 1.7838193 0.5295662 4.600118 1.3316057 41.39224 -1.627692461013794 0.17617040872573853
Cyclist 0.0 0 2.262544870376587 273.0231628417969 186.43418884277344 298.3275146484375 214.02835083007812 1.6191308 1.7072767 0.58527315 -20.850954 2.5960572 46.34242 1.8397471904754639 0.16830576956272125
Car 0.0 0 1.9612703323364258 314.437744140625 187.43923950195312 364.85443115234375 213.7626495361328 3.7500112 1.4889846 1.6282628 -16.761744 2.4337628 44.81765 1.6033778190612793 0.4487343728542328
Car 0.0 0 -1.697300672531128 805.7394409179688 176.8788299560547 874.6751098632812 230.33770751953125 3.6190042 1.4977914 1.5760471 7.016774 1.6339471 22.422014 -1.39401376247406 0.2653036415576935
Car 0.0 0 2.750554084777832 83.79139709472656 194.0003662109375 162.18136596679688 221.51170349121094 3.87334 1.5935519 1.7373317 -31.764885 3.0358412 47.103783 2.1572446823120117 0.22186705470085144
Car 0.0 0 2.0866472721099854 175.84500122070312 194.2285919189453 254.54483032226562 228.72152709960938 4.0961194 1.5325736 1.7094036 -19.994982 2.6805134 36.673912 1.587489128112793 0.22173424065113068
Car 0.0 0 1.9235808849334717 131.1195068359375 195.5360870361328 205.83761596679688 234.15333557128906 3.8780127 1.5128361 1.6524556 -19.97413 2.6075852 32.748516 1.3758957386016846 0.14330421388149261
