Pedestrian 0.0 0 1.6887787580490112 794.7374877929688 123.41737365722656 831.90234375 222.77549743652344 0.7975361 1.913363 0.62584823 4.008198 0.9617077 14.379847 1.960616111755371 0.24060261249542236
Pedestrian 0.0 0 -1.7620599269866943 968.5202026367188 156.24073791503906 982.3403930664062 185.73281860351562 0.68902993 1.9173398 0.6896352 23.937937 0.83763623 47.331554 -1.2938228845596313 0.17870943248271942
Pedestrian 0.0 0 -1.2098052501678467 0.0 148.73931884765625 27.21566390991211 200.02951049804688 0.70450735 1.9010794 0.6744842 -22.563528 1.0076227 27.184065 -1.9025894403457642 0.16499333083629608
Pedestrian 0.0 0 -1.575492024421692 826.3558349609375 180.4139404296875 842.6119384765625 227.91664123535156 1.1036547 1.7477258 0.5770054 8.462179 2.041093 27.35084 -1.2754395008087158 0.13545429706573486
Pedestrian 0.0 0 -1.033057451248169 0.0 168.51995849609375 25.423316955566406 232.70265197753906 0.80398303 1.7394748 0.5755782 -16.827776 1.622372 19.995432 -1.732643485069275 0.11601060628890991
Pedestrian 0.0 0 0.7415626645088196 361.0958557128906 151.29869079589844 394.2745056152344 214.65646362304688 0.7531383 1.8892987 0.5998878 -7.109487 1.2468874 21.9424 0.42822933197021484 0.11308935284614563
Cyclist 0.0 0 -1.6923435926437378 729.783935546875 173.65150451660156 741.257080078125 204.2589874267578 1.7126635 1.7232612 0.44367924 7.184244 1.7704856 41.532715 -1.521060585975647 0.12429679930210114
Cyclist 0.0 0 -0.08097517490386963 420.8286437988281 172.9200439453125 455.328125 206.23721313476562 1.8183634 1.8309563 0.7572961 -9.638747 1.8350618 40.29443 -0.31577110290527344 0.12130061537027359
Cyclist 0.0 0 -1.5270572900772095 826.4175415039062 179.97882080078125 841.420654296875 226.68658447265625 1.3461708 1.7195623 0.48994145 8.49643 1.9985263 27.49569 -1.2273554801940918 0.1099947988986969
Car 0.0 0 -0.13037067651748657 616.6728515625 183.88589477539062 694.1587524414062 213.25601196289062 3.9262083 1.4923807 1.6289743 2.3395138 2.0932064 38.32199 -0.06939748674631119 0.8303143978118896
Car 0.0 0 1.9560154676437378 599.5703125 181.5233154296875 631.4566040039062 198.90521240234375 3.8505826 1.4826114 1.5728635 0.5149425 2.2973297 65.69593 1.9638535976409912 0.22838324308395386
Car 0.0 0 1.9663819074630737 465.12408447265625 184.70480346679688 503.69830322265625 205.81448364257812 3.9527998 1.5613315 1.652139 -10.046554 2.5464468 57.844067 1.7944140434265137 0.12281665205955505
Car 0.0 0 1.634988784790039 597.7767944335938 181.12405395507812 619.621826171875 199.37167358398438 3.876746 1.4586129 1.6173123 -0.104582354 2.1861603 61.457375 1.6332870721817017 0.10161064565181732
