Pedestrian 0.0 0 -1.2594501972198486 446.2113037109375 162.2830047607422 484.3956604003906 240.03451538085938 0.99952567 1.7989861 0.6219467 -3.2735944 1.3555577 17.152042 -1.4480395317077637 0.7331287860870361
Pedestrian 0.0 0 -0.5146255493164062 643.7745361328125 161.84339904785156 688.32958984375 238.25160217285156 0.90029687 1.8467723 0.6460538 1.5678735 1.3728707 17.839844 -0.42696473002433777 0.3795650899410248
Pedestrian 0.0 0 -0.526174783706665 182.1501007080078 182.11068725585938 221.41053771972656 239.41156005859375 0.88636047 1.747026 0.6097183 -12.510703 1.7676662 22.446377 -1.0346508026123047 0.3669818639755249
Pedestrian 0.0 0 1.6251405477523804 536.0474243164062 166.09393310546875 549.56396484375 206.04678344726562 0.88532466 1.8434262 0.5842884 -2.748539 1.1335162 33.591846 1.5435007810592651 0.3207746148109436
Pedestrian 0.0 0 -2.4420623779296875 263.45513916015625 167.18328857421875 343.32745361328125 285.88519287109375 0.9305728 1.7570726 0.6632408 -4.63453 1.5464598 11.086004 -2.838033676147461 0.27414464950561523
Pedestrian 0.0 0 1.6047911643981934 246.2066192626953 175.19105529785156 264.9372863769531 223.25341796875 0.77543586 1.7469548 0.60020524 -12.815273 1.5186855 26.583021 1.1555781364440918 0.2686483561992645
Pedestrian 0.0 0 -0.5849937200546265 719.2125244140625 167.65945434570312 740.8773193359375 207.88897705078125 0.79909027 1.7943372 0.5373825 5.7950172 1.1779596 32.44213 -0.4082317054271698 0.25517818331718445
Pedestrian 0.0 0 -2.3226137161254883 242.87432861328125 186.17190551757812 290.0272216796875 267.6954345703125 0.69004184 1.720625 0.6281186 -7.3199415 1.8262197 15.62628 -2.7606942653656006 0.2551644444465637
Pedestrian 0.0 0 0.98159259557724 221.9311065673828 160.4595947265625 253.2549591064453 214.4879608154297 0.88735753 1.8315996 0.56778145 -12.592927 1.1193911 24.814302 0.5119736194610596 0.24704229831695557
Pedestrian 0.0 0 -0.7891252636909485 814.9534912109375 139.44944763183594 852.1080932617188 209.09423828125 0.7431313 1.8734621 0.6335043 6.355715 0.74345326 19.77297 -0.4781216084957123 0.24489374458789825
Pedestrian 0.0 0 2.1170403957366943 395.1689453125 167.27296447753906 420.6789855957031 217.6169891357422 0.74016064 1.7970498 0.5977392 -7.0425982 1.2902644 26.077345 1.8532671928405762 0.23143194615840912
Pedestrian 0.0 0 2.376143455505371 927.27685546875 166.0383758544922 1035.7308349609375 346.86993408203125 0.6965954 1.70017 0.654617 3.7258742 1.5561754 7.1633697 2.855764150619507 0.22562885284423828
Pedestrian 0.0 0 -2.9860963821411133 708.6329956054688 165.13482666015625 733.34521484375 209.09678649902344 0.9417833 1.8267876 0.635589 5.02978 1.1477344 30.296741 -2.821579694747925 0.22481681406497955
Cyclist 0.0 0 1.844151258468628 608.7797241210938 165.94810485839844 631.7371826171875 206.73843383789062 1.8529873 1.8124398 0.5740676 0.8627089 1.1223687 32.885174 1.8703792095184326 0.6791304349899292
Cyclist 0.0 0 1.3647407293319702 559.1788330078125 164.9092559814453 577.044677734375 199.6182403564453 1.9186924 1.8111783 0.5725117 -1.7996722 0.9462956 38.48186 1.3180080652236938 0.5346194505691528
Cyclist 0.0 0 -1.265785574913025 446.4410400390625 162.2506561279297 483.8813781738281 240.34262084960938 0.99850583 1.8066466 0.60877043 -3.276238 1.3625232 17.147144 -1.4545762538909912 0.18909142911434174
Cyclist 0.0 0 -0.5407150387763977 650.15966796875 163.14796447753906 701.5947875976562 238.1240234375 1.1003942 1.8123431 0.64206463 1.8180605 1.369927 17.88578 -0.4394146203994751 0.1881650686264038
Cyclist 0.0 0 0.5946559906005859 265.5722961425781 173.94436645507812 354.0234375 290.43194580078125 1.0839267 1.7365545 0.66818076 -4.5557566 1.6252253 11.144215 0.20658636093139648 0.13353919982910156
Car 0.0 0 1.8181419372558594 574.4165649414062 171.91387939453125 606.0679321289062 191.72816467285156 3.9169118 1.5225465 1.6155318 -0.8311363 0.78649193 57.28687 1.8036346435546875 0.4953339993953705
Car 0.0 0 -2.033738374710083 646.6469116210938 178.70504760742188 734.48193359375 223.06222534179688 3.8269804 1.4863441 1.6176325 3.1287794 1.3937699 26.141876 -1.9146205186843872 0.3875565528869629
