Pedestrian 0.0 0 -2.39263653755188 1017.9572143554688 118.07389068603516 1068.706787109375 196.85047912597656 0.83873695 1.866511 0.6413213 10.639653 0.38900724 17.237131 -1.8396282196044922 0.3534272313117981
Pedestrian 0.0 0 2.880283832550049 540.1803588867188 169.50869750976562 555.642333984375 203.06561279296875 0.73376983 1.8552614 0.58608764 -3.199318 1.2489804 39.48482 2.799433946609497 0.32027366757392883
Pedestrian 0.0 0 -1.1681182384490967 478.60186767578125 169.9956512451172 494.35882568359375 202.40174865722656 0.70799035 1.7948261 0.64480156 -6.6406517 1.214432 39.574898 -1.3343690633773804 0.2757510244846344
Pedestrian 0.0 0 -1.216496229171753 361.918701171875 180.4794921875 385.999755859375 218.05763244628906 1.5582492 1.6491497 0.5242028 -10.40314 1.6497189 31.813059 -1.532543659210205 0.2055523544549942
Cyclist 0.0 0 -0.020535677671432495 677.2865600585938 166.3433074951172 713.1058349609375 198.71815490722656 1.907871 1.7336196 0.71871096 4.866969 0.97695816 38.314426 0.10581469535827637 0.5763310194015503
Cyclist 0.0 0 2.93951678276062 616.7841186523438 165.8647003173828 649.855712890625 196.91749572753906 1.8667781 1.8072989 0.56927776 1.6560531 0.9568875 41.577595 2.9793262481689453 0.5021430253982544
Cyclist 0.0 0 -1.216496229171753 361.918701171875 180.4794921875 385.999755859375 218.05763244628906 1.5582492 1.6491497 0.5242028 -10.40314 1.6497189 31.813059 -1.532543659210205 0.4730759859085083
Cyclist 0.0 0 2.6983304023742676 547.5708618164062 169.37322998046875 574.8272094726562 195.59521484375 1.7815194 1.7408227 0.5187789 -2.9433053 1.0034616 47.592487 2.6365652084350586 0.4699850082397461
Cyclist 0.0 0 -0.7575496435165405 336.9727478027344 185.22410583496094 362.37152099609375 214.01608276367188 1.6621561 1.7115368 0.36523524 -15.56575 2.0065308 43.119957 -1.1039788722991943 0.3304835855960846
Car 0.0 0 -1.465193271636963 504.70501708984375 175.3170623779297 546.955810546875 208.2034454345703 3.7507584 1.4741386 1.6081349 -3.7199056 1.2432755 33.567833 -1.5755605697631836 0.8099634647369385
Car 0.0 0 2.5054826736450195 1005.8759155273438 132.49993896484375 1197.03173828125 194.14939880371094 4.144175 1.6304059 1.6969153 13.625025 0.36256236 19.601448 3.1129143238067627 0.6295427680015564
Car 0.0 0 2.017784595489502 374.2273864746094 178.02919006347656 411.5740966796875 196.64456176757812 3.694518 1.5136967 1.5659122 -17.768959 1.3140075 59.435005 1.7272781133651733 0.2986418902873993
