Pedestrian 0.0 0 0.49435514211654663 515.4911499023438 170.9019012451172 547.3235473632812 231.3717498779297 0.7518872 1.7869204 0.6196271 -2.1364741 1.4748695 21.65547 0.39601588249206543 0.5780719518661499
Pedestrian 0.0 0 -1.5362443923950195 688.4057006835938 173.0132598876953 713.3032836914062 233.05502319335938 0.95244735 1.8389262 0.7431352 3.0987515 1.5801148 22.530722 -1.3995673656463623 0.4594154357910156
Pedestrian 0.0 0 1.4911792278289795 811.8089599609375 149.82998657226562 833.2533569335938 205.36203002929688 0.778634 1.8855326 0.64682525 7.6152864 0.81128556 24.837727 1.7886813879013062 0.37084469199180603
Pedestrian 0.0 0 -1.040570855140686 1024.05810546875 121.10466766357422 1238.0 374.0 0.6421777 1.697385 0.7311758 2.5253 1.4494228 3.4263256 -0.4054233133792877 0.3617052733898163
Pedestrian 0.0 0 1.5839039087295532 758.5599975585938 157.69293212890625 805.7068481445312 290.2759094238281 0.8337399 1.7959638 0.6241778 2.5248728 1.4747982 10.210141 1.8263310194015503 0.34770727157592773
Pedestrian 0.0 0 -1.7105658054351807 734.67822265625 180.97496032714844 780.9945678710938 296.0785217285156 1.0661427 1.7731632 0.58272076 2.4689026 1.7663764 11.61535 -1.5011276006698608 0.3367302119731903
Pedestrian 0.0 0 3.134059429168701 593.309326171875 174.50396728515625 607.6380004882812 207.4546356201172 0.7645227 1.7578843 0.58626634 -0.057868984 1.3854917 38.61639 3.132560968399048 0.32994043827056885
Pedestrian 0.0 0 1.6415212154388428 252.06671142578125 137.83953857421875 283.0377502441406 217.0828399658203 0.7764854 1.8534693 0.6242805 -8.054174 0.8334729 17.27313 1.2052087783813477 0.2731502950191498
Pedestrian 0.0 0 -3.0802764892578125 788.7613525390625 152.3385772705078 811.5066528320312 197.9158935546875 0.83861256 1.7888298 0.60213786 7.8992624 0.645306 28.611681 -2.810901641845703 0.24011407792568207
Pedestrian 0.0 0 -1.4383432865142822 661.2557373046875 171.8103790283203 686.3101806640625 231.5404510498047 0.8338703 1.8287734 0.6774634 2.242485 1.5332192 22.474485 -1.3388932943344116 0.23244662582874298
Pedestrian 0.0 0 -2.08615779876709 703.1043701171875 178.18739318847656 784.3932495117188 279.51654052734375 1.7730203 1.7486985 0.6879754 2.5625668 1.6928098 13.344093 -1.8964300155639648 0.11923213303089142
Cyclist 0.0 0 -2.0594499111175537 704.6005249023438 175.62789916992188 782.86572265625 277.6326904296875 1.7556849 1.7700763 0.67865086 2.5747485 1.6694562 13.4014015 -1.8696374893188477 0.5850509405136108
Cyclist 0.0 0 1.394667148590088 985.281982421875 159.65646362304688 1051.318115234375 271.72930908203125 1.8655244 1.7436986 0.63840675 6.970532 1.4051429 12.159447 1.9151933193206787 0.436599999666214
Cyclist 0.0 0 1.1115518808364868 598.775146484375 177.71746826171875 619.1701049804688 206.70521545410156 1.822392 1.8276272 0.56073505 0.48274305 1.5898649 46.229748 1.1219937801361084 0.2239782214164734
Cyclist 0.0 0 -1.7183300256729126 735.7767944335938 178.40667724609375 783.5066528320312 294.23968505859375 1.0301274 1.7804571 0.60005546 2.4885964 1.7342119 11.572115 -1.506505012512207 0.17739641666412354
Cyclist 0.0 0 -1.5739961862564087 689.6345825195312 173.4599151611328 713.609130859375 232.04156494140625 1.0075433 1.7981495 0.7303186 3.1209433 1.5524763 22.594557 -1.4367365837097168 0.13250301778316498
Car 0.0 0 -1.3958910703659058 618.6051635742188 179.11300659179688 643.1631469726562 196.56077575683594 3.7471595 1.5224848 1.5830414 2.7144861 1.3146207 64.67895 -1.3539470434188843 0.4236590266227722
Car 0.0 0 -1.4110100269317627 747.5431518554688 155.717041015625 826.990966796875 215.24057006835938 3.8026233 1.5467856 1.6322737 5.4127264 0.8779592 20.7331 -1.1556428670883179 0.3360384702682495
Car 0.0 0 2.369462251663208 0.0 0.0 1238.0 374.0 3.9095504 1.4588956 1.5861543 -2.0878289 1.4264671 1.0687821 1.271796703338623 0.252159059047699
