Pedestrian 0.0 0 -0.5769367814064026 203.0361328125 177.46287536621094 246.45668029785156 243.8876495361328 0.7722051 1.7157116 0.67429477 -10.12145 1.6388538 18.758043 -1.0717442035675049 0.7218710780143738
Pedestrian 0.0 0 -1.7703447341918945 394.54278564453125 154.14105224609375 435.00579833984375 234.66127014160156 0.8387799 1.7466933 0.7229465 -4.3168836 1.1765159 15.869735 -2.035938262939453 0.5316914916038513
Pedestrian 0.0 0 3.3191637992858887 166.13050842285156 183.59693908691406 204.46234130859375 247.11331176757812 0.812105 1.7222372 0.6761765 -11.701772 1.8120006 19.670465 2.7825098037719727 0.46084460616111755
Pedestrian 0.0 0 0.5816569924354553 160.87681579589844 170.45896911621094 216.7144317626953 245.51832580566406 0.9140506 1.7676582 0.7214891 -10.051769 1.5327948 17.028564 0.04840874671936035 0.459382027387619
Pedestrian 0.0 0 0.46159499883651733 571.3738403320312 158.00942993164062 617.8026733398438 230.71502685546875 1.0204368 1.8191228 0.6318933 -0.302611 1.2579944 18.190462 0.4449608325958252 0.403661847114563
Pedestrian 0.0 0 -1.0219666957855225 1153.7816162109375 125.90158081054688 1224.0 219.6446990966797 1.8004248 1.7664508 0.63328665 11.719081 0.73925984 13.903278 -0.3216087222099304 0.12816870212554932
Cyclist 0.0 0 -3.742150068283081 1050.708740234375 136.69337463378906 1133.72021484375 202.82614135742188 1.8558749 1.780178 0.598473 13.268868 0.6025627 19.32777 -3.1405296325683594 0.7342936992645264
Cyclist 0.0 0 -1.3044838905334473 876.0153198242188 151.9952392578125 906.0433349609375 201.05740356445312 1.8922687 1.7672474 0.56293577 10.662701 0.7420115 26.38677 -0.9204542636871338 0.6147162318229675
Cyclist 0.0 0 -0.9902434349060059 1149.941650390625 124.79761505126953 1224.0 219.31117248535156 1.8458565 1.7797819 0.6405245 11.668316 0.7324877 13.881231 -0.2912423610687256 0.5831343531608582
Cyclist 0.0 0 -0.7413971424102783 822.5072631835938 152.8045654296875 868.8912353515625 194.89622497558594 1.8991811 1.7334449 0.6676953 10.127433 0.5943618 29.800673 -0.4138029217720032 0.5586460828781128
Cyclist 0.0 0 -0.15243321657180786 270.0963439941406 160.56668090820312 360.01483154296875 241.028076171875 1.8283533 1.7557112 0.6284169 -6.6573114 1.3223715 16.164663 -0.5431076288223267 0.3871053159236908
Cyclist 0.0 0 -1.1510751247406006 331.0396423339844 175.47694396972656 348.9934387207031 201.1328887939453 1.837923 1.702504 0.4277998 -17.919542 1.3705012 47.8445 -1.5094399452209473 0.30381619930267334
Cyclist 0.0 0 -2.565246105194092 157.6722869873047 170.6180877685547 213.81488037109375 244.94570922851562 0.9353136 1.7523121 0.6976103 -10.127143 1.520945 17.03125 -3.101701259613037 0.18554310500621796
Cyclist 0.0 0 0.42163071036338806 568.0258178710938 157.6623077392578 618.400146484375 230.73193359375 1.1436019 1.8281405 0.6189352 -0.3380535 1.2583554 18.19374 0.40305209159851074 0.13374751806259155
Cyclist 0.0 0 -1.7370387315750122 395.1224670410156 153.84909057617188 434.697998046875 234.94464111328125 0.91158897 1.7555208 0.7138912 -4.3136816 1.180211 15.864245 -2.0025320053100586 0.12348353862762451
Car 0.0 0 -1.274915099143982 298.3140869140625 182.68638610839844 475.36181640625 290.9772644042969 3.8354418 1.4032329 1.5766647 -3.2526412 1.4453614 11.161841 -1.5584701299667358 0.9072453379631042
Car 0.0 0 1.7044601440429688 468.3102111816406 168.63197326660156 496.9507751464844 190.37818908691406 3.8145232 1.529339 1.5695049 -8.894863 0.6959965 51.65429 1.5339326858520508 0.5667553544044495
Car 0.0 0 -3.706669330596924 1047.932373046875 150.96475219726562 1184.7606201171875 193.81204223632812 3.943624 1.5710038 1.6460873 19.309746 0.48960584 26.855654 -3.083292245864868 0.4604845345020294
