Pedestrian 0.0 0 1.7731186151504517 587.2794799804688 166.15061950683594 607.8758544921875 207.02305603027344 1.7478184 1.780108 0.58608514 -0.5853452 1.4885148 32.33502 1.7550181150436401 0.10866665095090866
Pedestrian 0.0 0 -1.5225759744644165 0.0 103.52225494384766 61.83742141723633 274.6529235839844 1.7751482 1.7445852 0.5418638 -6.667124 1.0381432 8.228918 -2.203509569168091 0.10861300677061081
Cyclist 0.0 0 1.8290096521377563 584.0733032226562 166.22055053710938 606.45068359375 206.83811950683594 1.7860613 1.7654525 0.5664555 -0.68737423 1.4774859 32.293617 1.8077276945114136 0.666471540927887
Cyclist 0.0 0 -1.5351459980010986 0.0 102.7574462890625 55.338565826416016 275.2526550292969 1.7961078 1.7727668 0.5480317 -6.7834663 1.0527288 8.293417 -2.22072696685791 0.4515630900859833
Cyclist 0.0 0 -1.5786447525024414 791.6903686523438 171.41403198242188 815.379638671875 248.55357360839844 1.828626 1.7646699 0.5254462 4.621135 1.7320868 17.454302 -1.3198268413543701 0.3512973189353943
Car 0.0 0 -1.0260299444198608 0.0 183.57183837890625 389.67266845703125 375.0 3.6688414 1.4176785 1.5894727 -3.0029194 1.5217435 5.1325083 -1.5554053783416748 0.8799956440925598
Car 0.0 0 -1.769118309020996 690.3374633789062 181.31948852539062 814.4606323242188 277.0655822753906 3.1468885 1.4687723 1.5534767 2.366841 1.6395161 12.93308 -1.5881145000457764 0.8656637668609619
Car 0.0 0 1.6909360885620117 486.0281677246094 168.05982971191406 549.4881591796875 219.98829650878906 4.143009 1.6331586 1.6716493 -3.1198301 1.4827396 24.765537 1.5656216144561768 0.7691852450370789
Car 0.0 0 -2.723872184753418 241.56991577148438 168.95790100097656 423.838623046875 231.029052734375 4.0760517 1.5235018 1.6557935 -7.1226983 1.4282322 18.64118 -3.088848352432251 0.7533352375030518
Car 0.0 0 -1.6457104682922363 677.7725219726562 180.6878204345703 757.7260131835938 251.65533447265625 3.7512593 1.5007443 1.6199061 2.4736257 1.7131549 17.604395 -1.5061125755310059 0.7385759353637695
Car 0.0 0 1.6840713024139404 522.3024291992188 172.0137481689453 568.7022705078125 207.18048095703125 4.1676974 1.4990122 1.6435375 -2.9107695 1.4635538 32.857098 1.5957132577896118 0.5596778988838196
Car 0.0 0 1.5369758605957031 632.1701049804688 173.1959686279297 657.8880615234375 196.1241455078125 4.0142713 1.5179774 1.6322256 2.3546484 1.5429163 49.84531 1.5841798782348633 0.48447996377944946
