Pedestrian 0.0 0 -1.1447010040283203 0.0 51.7562141418457 148.9067840576172 376.0 1.6526026 1.6381905 0.4539086 -3.3746202 0.9992657 4.300317 -1.8100659847259521 0.10458850115537643
Cyclist 0.0 0 -1.1376128196716309 0.0 50.00071716308594 151.8857879638672 376.0 1.6926926 1.6552762 0.46479902 -3.374886 1.0113084 4.302923 -1.8027218580245972 0.4572305679321289
Car 0.0 0 -1.0671169757843018 124.15504455566406 182.20323181152344 306.6866149902344 263.2742919921875 4.2744136 1.5421212 1.6384299 -8.413676 1.4859493 15.819341 -1.5559266805648804 0.8775924444198608
Car 0.0 0 -1.3968725204467773 450.42657470703125 181.13499450683594 510.2548828125 226.2360076904297 3.4143252 1.5170834 1.5531716 -4.557165 1.3809505 25.884134 -1.5711466073989868 0.8501708507537842
Car 0.0 0 -1.293956995010376 329.0799560546875 190.90431213378906 466.52581787109375 273.8773498535156 4.1867104 1.4477173 1.6267022 -4.2073197 1.5835341 14.921099 -1.568792700767517 0.8410295844078064
Car 0.0 0 -1.3540501594543457 398.9122619628906 178.8037567138672 448.6455078125 211.16522216796875 3.605958 1.4691479 1.5713351 -8.789733 1.1791899 34.458817 -1.6038036346435547 0.7155390977859497
Car 0.0 0 -1.2400848865509033 302.0740051269531 184.79119873046875 389.04132080078125 231.81639099121094 3.6828043 1.4232031 1.5675112 -8.540892 1.4114871 23.606216 -1.587239146232605 0.603017270565033
Car 0.0 0 -1.4153590202331543 486.1496276855469 178.0550079345703 529.075927734375 209.90684509277344 3.6339877 1.5100443 1.5811841 -4.98063 1.1716996 35.90666 -1.553189992904663 0.5764788389205933
Car 0.0 0 -1.3339861631393433 101.97061920166016 185.59725952148438 198.06210327148438 240.56298828125 3.5598125 1.4457778 1.5552562 -13.203786 1.4590143 20.866768 -1.8981506824493408 0.47682973742485046
Car 0.0 0 -1.5468543767929077 579.365234375 180.7508087158203 609.6685791015625 208.32708740234375 3.513514 1.4604543 1.5972272 -0.7253889 1.2251234 39.828514 -1.5650651454925537 0.4572865962982178
Car 0.0 0 2.1658053398132324 0.0 197.64047241210938 151.30149841308594 342.4772644042969 4.091856 1.4338754 1.6346449 -8.091131 1.6376044 9.597267 1.46535062789917 0.45013144612312317
Car 0.0 0 1.7341413497924805 515.8427124023438 176.58580017089844 550.8150024414062 201.62416076660156 3.9088154 1.5111878 1.5829506 -4.6770844 0.9914628 45.381493 1.6314424276351929 0.36610570549964905
