Pedestrian 0.0 0 -2.7836666107177734 534.4205932617188 175.36915588378906 548.1513061523438 204.90179443359375 0.67446274 1.8512185 0.6700893 -4.38276 2.0123458 45.707073 -2.8792624473571777 0.2524646818637848
Pedestrian 0.0 0 -0.3936879336833954 890.9392700195312 154.0117645263672 929.3944702148438 224.2764129638672 0.74624157 1.804152 0.61694986 7.77933 1.3207068 18.833042 -0.001966923475265503 0.17236827313899994
Pedestrian 0.0 0 0.757178783416748 0.0 174.43222045898438 45.53228759765625 244.22703552246094 0.7177057 1.7754295 0.5937831 -15.261195 1.817375 18.688248 0.07238554954528809 0.11842535436153412
Cyclist 0.0 0 1.7114567756652832 475.3269348144531 144.03762817382812 495.2646179199219 195.62979125976562 1.5184802 1.848131 0.51957434 -4.632719 0.8162309 26.611217 1.5390952825546265 0.1291593462228775
Cyclist 0.0 0 -1.6097095012664795 1107.8056640625 140.05506896972656 1146.207763671875 247.86911010742188 1.6384842 1.7309763 0.46593747 8.809411 1.2047406 12.394883 -0.9918186664581299 0.1282843053340912
Car 0.0 0 1.5707194805145264 337.329345703125 186.08865356445312 371.5882873535156 216.6607666015625 4.0990157 1.4894952 1.6718829 -13.943417 2.2508814 39.27652 1.2295916080474854 0.6980192065238953
Car 0.0 0 -1.4820866584777832 79.14653778076172 175.73370361328125 130.67640686035156 212.01565551757812 3.8728151 1.5622176 1.6217734 -23.402584 1.7045158 33.478683 -2.092160940170288 0.1607157289981842
Car 0.0 0 2.14111328125 153.429443359375 186.1284637451172 204.95602416992188 206.32505798339844 4.081608 1.5094616 1.6594158 -35.006165 2.6279633 58.70752 1.6034328937530518 0.11081790924072266
Car 0.0 0 1.5530580282211304 158.06629943847656 179.54290771484375 189.55125427246094 206.1515350341797 3.908371 1.5470322 1.6092125 -27.310871 1.9845934 45.07665 1.008328914642334 0.10869323462247849
Car 0.0 0 1.4388582706451416 300.3605041503906 187.3644561767578 339.291259765625 216.11160278320312 3.6143088 1.4635462 1.5678438 -16.422987 2.3211932 40.667553 1.0550501346588135 0.10012750327587128
