Pedestrian 0.0 0 1.5545153617858887 697.4014282226562 161.56015014648438 711.1132202148438 201.95120239257812 0.7875432 1.8609799 0.62023306 4.3551435 1.3409845 33.66749 1.68315851688385 0.4260270893573761
Pedestrian 0.0 0 0.36751455068588257 723.0708618164062 127.99287414550781 771.5921630859375 223.8663787841797 0.785511 1.8247896 0.56971836 2.6492841 0.971292 14.17905 0.552229642868042 0.3655434250831604
Pedestrian 0.0 0 1.5298514366149902 525.2101440429688 169.6663818359375 544.148193359375 223.2641143798828 1.7234987 1.8292675 0.59157443 -2.7190578 1.7208333 25.518812 1.4237008094787598 0.23872658610343933
Cyclist 0.0 0 1.6864323616027832 538.3443603515625 177.44171142578125 551.9639892578125 210.13475036621094 1.9444621 1.7371956 0.5259495 -3.5848708 1.9955192 39.59051 1.5961298942565918 0.8180583715438843
Cyclist 0.0 0 1.5298787355422974 524.883056640625 168.25247192382812 543.6396484375 222.3673095703125 1.728162 1.8438048 0.58396035 -2.7296329 1.6873792 25.479177 1.4231538772583008 0.6274921894073486
Cyclist 0.0 0 1.751305341720581 495.0521545410156 174.4765167236328 521.6925048828125 229.60433959960938 1.832041 1.8322394 0.5964214 -3.5439043 1.8908162 24.960073 1.6102651357650757 0.51298588514328
Car 0.0 0 -1.8726801872253418 725.9990234375 173.9150390625 947.1824951171875 319.6670837402344 3.5634422 1.4910811 1.6130565 2.569654 1.5076407 9.210008 -1.600592851638794 0.9144242405891418
Car 0.0 0 1.9701979160308838 218.9267120361328 182.81956481933594 408.9439697265625 286.8740539550781 4.048962 1.4854503 1.6136799 -5.013776 1.6899265 12.73259 1.595069408416748 0.8878757357597351
Car 0.0 0 1.7591544389724731 444.73883056640625 179.7028045654297 507.2662048339844 221.68972778320312 4.313206 1.500023 1.6581968 -5.2688 1.7927972 28.642065 1.5772349834442139 0.7738832235336304
Car 0.0 0 -1.5003223419189453 640.0979614257812 176.05508422851562 667.6697387695312 199.92762756347656 3.8798826 1.5524883 1.6205513 3.0154963 1.781441 49.49415 -1.4394712448120117 0.48799511790275574
Car 0.0 0 1.887412667274475 514.1998291015625 178.04818725585938 556.41650390625 202.523681640625 3.9282498 1.5027639 1.609243 -4.8740053 1.8585172 47.27604 1.7846789360046387 0.33627185225486755
