Pedestrian 0.0 0 -1.497372031211853 447.4786071777344 142.54054260253906 518.6888427734375 333.0046691894531 0.77084273 1.6398602 0.5948451 -1.1521966 1.3147397 6.4963117 -1.6729083061218262 0.656804084777832
Pedestrian 0.0 0 1.5376529693603516 841.140869140625 173.4029083251953 869.3359375 244.70242309570312 0.8014485 1.7503726 0.64137566 6.2657623 1.5777401 17.83127 1.8755671977996826 0.2377472072839737
Pedestrian 0.0 0 -2.02408766746521 1116.898193359375 192.86460876464844 1224.0 370.0 0.67194337 1.6532941 0.66070104 4.319373 1.7547059 5.2937713 -1.339705467224121 0.1430206149816513
Pedestrian 0.0 0 1.7650929689407349 489.4990539550781 167.8500518798828 535.7902221679688 267.037353515625 0.9946037 1.7668246 0.67492604 -1.7405688 1.5431336 13.107037 1.6330689191818237 0.14256998896598816
Pedestrian 0.0 0 -0.747360110282898 984.6874389648438 194.60592651367188 1125.173583984375 370.0 0.6687493 1.6202966 0.5797187 3.2828784 1.734238 5.2727313 -0.19047817587852478 0.13365702331066132
Pedestrian 0.0 0 1.7813931703567505 256.02178955078125 173.76927185058594 303.9735107421875 266.2900695800781 0.8205355 1.7281934 0.6891326 -6.316079 1.604107 13.678038 1.3487962484359741 0.1320626586675644
Pedestrian 0.0 0 -1.8149511814117432 838.0595703125 149.05601501464844 888.98974609375 253.3358154296875 0.9818272 1.7840755 0.63022965 4.5504713 1.2477621 12.612081 -1.468685269355774 0.12489200383424759
Cyclist 0.0 0 0.5076062083244324 33.99224090576172 189.97300720214844 114.09747314453125 250.81719970703125 1.7354331 1.7017883 0.6785232 -15.306354 1.9823829 20.366823 -0.13687573373317719 0.2127770185470581
Cyclist 0.0 0 -2.3036561012268066 0.0 173.1846160888672 81.54735565185547 257.5876159667969 1.8892747 1.6388474 0.71578753 -11.716856 1.4984369 14.217614 -2.9929254055023193 0.19456049799919128
Cyclist 0.0 0 -2.2067766189575195 1145.7010498046875 159.04847717285156 1224.0 259.4515686035156 1.5055741 1.6283321 0.42537624 10.065047 1.2820855 12.224874 -1.5179738998413086 0.14908400177955627
Car 0.0 0 1.6576199531555176 56.973262786865234 189.5765838623047 120.19110870361328 234.08241271972656 3.843632 1.4651682 1.560052 -19.041916 1.8287889 26.155249 1.0283257961273193 0.23214001953601837
Car 0.0 0 1.3632030487060547 1181.2403564453125 198.3083038330078 1224.0 370.0 3.7948554 1.4703599 1.5816463 5.9276342 1.6690316 5.7988496 2.15958309173584 0.1537768840789795
Car 0.0 0 -1.2475292682647705 482.8836669921875 141.47987365722656 582.7767944335938 206.20950317382812 4.2209225 1.7256137 1.7013178 -2.0546021 0.68696827 21.091566 -1.34463632106781 0.14700382947921753
