Pedestrian 0.0 0 -1.567344307899475 749.279052734375 162.74180603027344 799.854736328125 281.9899597167969 0.8935196 1.6941817 0.7039305 2.5362134 1.4289964 10.719525 -1.3350189924240112 0.6841893196105957
Pedestrian 0.0 0 -2.0692877769470215 652.5748291015625 156.4945831298828 688.3521728515625 224.30813598632812 0.7587108 1.8138189 0.69758797 1.8566681 1.146159 19.696808 -1.9753031730651855 0.49266958236694336
Pedestrian 0.0 0 -1.3856945037841797 470.09625244140625 152.86227416992188 484.3272399902344 188.7135009765625 0.59492314 1.9899038 0.68730295 -6.9455843 0.40119413 40.170406 -1.5569047927856445 0.38096046447753906
Pedestrian 0.0 0 0.7182071805000305 317.2432861328125 148.65277099609375 351.7340393066406 207.77072143554688 0.85131353 1.8378674 0.5825243 -8.479761 0.81781834 22.752064 0.3614518642425537 0.3379266858100891
Pedestrian 0.0 0 -2.59873104095459 583.452392578125 164.6727752685547 620.7179565429688 231.77499389648438 0.78578997 1.7638136 0.6425835 -0.012176863 1.3226712 19.357119 -2.5993599891662598 0.3096959590911865
Pedestrian 0.0 0 0.6165844202041626 399.20489501953125 140.02215576171875 433.8948059082031 205.4401092529297 0.76434493 1.8510778 0.59999245 -5.3647566 0.678558 20.739782 0.3634626865386963 0.2069777101278305
Pedestrian 0.0 0 -1.623405933380127 614.4318237304688 167.88320922851562 671.61181640625 288.19354248046875 1.0923098 1.7064731 0.7887857 0.5556428 1.5146499 10.732701 -1.5716811418533325 0.20606671273708344
Pedestrian 0.0 0 -1.5823338031768799 746.830322265625 151.0841522216797 770.7110595703125 216.00271606445312 0.74717206 1.7632607 0.6355573 4.330142 0.9382905 19.93799 -1.3684744834899902 0.20606565475463867
Cyclist 0.0 0 1.8703192472457886 359.0941467285156 159.78411865234375 425.1138610839844 262.80059814453125 1.8385464 1.775416 0.6634519 -3.8754745 1.4024372 13.301848 1.5868183374404907 0.8321062326431274
Cyclist 0.0 0 1.7768195867538452 437.7396240234375 162.31588745117188 481.9269104003906 247.39822387695312 1.8330737 1.7829509 0.6053196 -3.1570816 1.3821703 15.97029 1.5816513299942017 0.7948878407478333
Cyclist 0.0 0 -1.5739938020706177 748.7896728515625 162.53802490234375 799.9955444335938 283.8614807128906 0.9799201 1.7164943 0.70970213 2.5296822 1.4495356 10.718071 -1.3422151803970337 0.10914861410856247
Car 0.0 0 1.6479296684265137 525.2482299804688 160.54385375976562 552.575927734375 183.99205017089844 3.8590722 1.628669 1.6738862 -4.458758 0.1737356 51.828365 1.5621116161346436 0.4891515076160431
Car 0.0 0 -0.7722485661506653 1151.393798828125 156.4127197265625 1238.0 261.9248962402344 3.6242723 1.4456753 1.539937 10.497627 1.1032641 10.622697 0.007227897644042969 0.3165295720100403
Car 0.0 0 2.154688596725464 0.0 183.88174438476562 98.34044647216797 374.0 3.838705 1.4421042 1.5742089 -5.8476343 1.4691942 5.7158747 1.3578964471817017 0.2894178330898285
Car 0.0 0 0.49177485704421997 1003.1602783203125 202.9436798095703 1238.0 374.0 3.8740563 1.439163 1.5751798 6.0593796 1.7074733 6.85063 1.215959906578064 0.2505122125148773
Car 0.0 0 1.1213042736053467 982.8357543945312 180.40330505371094 1165.9244384765625 264.1341552734375 3.6456664 1.4141653 1.5120494 8.956996 1.3969262 14.029193 1.689520001411438 0.21573911607265472
