Pedestrian 0.0 0 1.956305980682373 512.9588012695312 142.6328582763672 632.47021484375 370.0 0.7766141 1.6189024 0.59204525 -0.25748777 1.3800583 4.950583 1.904341220855713 0.6303994059562683
Pedestrian 0.0 0 1.1927690505981445 835.7811889648438 172.48348999023438 873.2312622070312 243.24583435058594 0.7528407 1.7448332 0.65685856 6.242804 1.5487621 17.818777 1.5297554731369019 0.4633963704109192
Pedestrian 0.0 0 1.6886022090911865 261.1856384277344 172.1794891357422 303.0286865234375 264.4069519042969 0.69064826 1.7244787 0.6604508 -6.263915 1.5705374 13.645634 1.2582546472549438 0.16051678359508514
Pedestrian 0.0 0 -0.4033324718475342 825.3056030273438 188.4392852783203 870.43408203125 279.06854248046875 0.6343822 1.7371798 0.6564749 4.7451134 1.8995657 13.960503 -0.07568757236003876 0.1587427258491516
Pedestrian 0.0 0 -0.768946647644043 56.907135009765625 189.6591339111328 103.97122192382812 250.24484252929688 0.90923554 1.6993625 0.6364133 -15.217196 1.9727463 20.478283 -1.4080103635787964 0.13688504695892334
Pedestrian 0.0 0 -0.9489505290985107 984.8096313476562 192.12667846679688 1125.951904296875 370.0 0.6650812 1.6304122 0.61626786 3.286482 1.7255203 5.263409 -0.3907814919948578 0.11076275259256363
Pedestrian 0.0 0 -2.478485107421875 1130.375244140625 137.2196502685547 1197.8558349609375 232.62307739257812 0.78695095 1.7236612 0.60014975 10.402306 0.94335246 13.2230835 -1.8119205236434937 0.10979320108890533
Pedestrian 0.0 0 -1.763677954673767 1123.6671142578125 193.8763427734375 1224.0 370.0 0.6445065 1.6586204 0.6634394 4.314216 1.7693069 5.3152103 -1.0818593502044678 0.10415226966142654
Cyclist 0.0 0 -2.32675838470459 1135.54345703125 159.2570037841797 1224.0 262.760986328125 1.6969867 1.6605742 0.5193482 10.054518 1.3214147 12.202548 -1.6375722885131836 0.17243434488773346
Cyclist 0.0 0 -1.4739426374435425 79.84587097167969 154.76405334472656 121.41345977783203 250.42005920410156 1.7305351 1.6738639 0.47215986 -9.462339 1.2251607 13.234853 -2.0946359634399414 0.1400013417005539
Cyclist 0.0 0 -1.278118371963501 0.0 173.3804473876953 40.84697341918945 259.87762451171875 1.5481756 1.6439099 0.4695565 -11.955789 1.5102348 14.236641 -1.9766550064086914 0.11049885302782059
Car 0.0 0 1.5648144483566284 1169.4549560546875 194.1593017578125 1224.0 370.0 3.7633257 1.4572397 1.5593336 5.90181 1.6092792 5.891885 2.3510541915893555 0.1603648066520691
Car 0.0 0 -1.23624587059021 486.2753601074219 147.3971710205078 583.11376953125 206.3188934326172 4.106711 1.5921093 1.6350182 -2.02683 0.6992275 21.288742 -1.331166386604309 0.10690157860517502
