Pedestrian 0.0 0 -1.4544470310211182 696.350341796875 170.2450714111328 717.673095703125 220.96307373046875 0.8208855 1.7412843 0.6501514 3.3551798 1.652071 25.24735 -1.322328805923462 0.6466292142868042
Pedestrian 0.0 0 1.4497759342193604 1066.73095703125 135.53152465820312 1124.01220703125 259.6303405761719 0.7311875 1.7799802 0.62541604 7.2042937 1.2450124 10.8136425 2.037471055984497 0.3442808985710144
Cyclist 0.0 0 -1.6765391826629639 745.3568115234375 160.20626831054688 766.1900634765625 213.96560668945312 1.7873143 1.7827352 0.51232904 4.960706 1.3636767 24.837765 -1.479408621788025 0.4049505889415741
Cyclist 0.0 0 -1.4718549251556396 696.46142578125 170.23910522460938 717.1392822265625 221.1216583251953 0.8470708 1.7472429 0.63858557 3.3495567 1.657809 25.259295 -1.3400171995162964 0.10818241536617279
Car 0.0 0 1.6166868209838867 433.525634765625 179.5834503173828 485.67816162109375 227.50857543945312 3.6113963 1.4519401 1.5544894 -5.0414085 1.6967148 24.29802 1.412107229232788 0.8766396045684814
Car 0.0 0 1.917386531829834 0.0 178.6873779296875 111.59320068359375 247.4866485595703 3.6547825 1.6655566 1.5925764 -15.283503 1.8419242 19.784685 1.2596454620361328 0.8358355164527893
Car 0.0 0 0.984905481338501 342.1142272949219 181.53700256347656 424.2225036621094 217.00204467773438 4.0374475 1.4855082 1.6193647 -10.465449 1.9064038 33.04593 0.6782042980194092 0.714350163936615
Car 0.0 0 2.6860768795013428 625.2353515625 172.33853149414062 696.7954711914062 196.6004638671875 4.500265 1.5749885 1.7165002 3.4000502 1.5418843 48.478 2.7560982704162598 0.6511291861534119
Car 0.0 0 2.4085333347320557 514.6068115234375 175.74192810058594 583.3671875 201.98092651367188 4.223763 1.539775 1.6854801 -3.7853026 1.7284119 44.921593 2.324467182159424 0.5013144612312317
Car 0.0 0 1.5557212829589844 206.01878356933594 187.2393035888672 260.7413024902344 235.14747619628906 3.7999938 1.4581045 1.5852677 -13.241382 2.002456 25.235088 1.072493076324463 0.3560563921928406
Car 0.0 0 0.14050857722759247 433.84295654296875 172.68212890625 490.39556884765625 193.2083282470703 4.0738826 1.5534654 1.6679484 -11.376558 1.5408155 55.562256 -0.061453308910131454 0.26967957615852356
