Pedestrian 0.0 0 -3.0278637409210205 1070.5606689453125 152.2593536376953 1162.5523681640625 335.6568298339844 0.6636707 1.6729234 0.6239691 4.943872 1.4170165 6.8985972 -2.4060511589050293 0.6119153499603271
Pedestrian 0.0 0 1.6895220279693604 438.8673400878906 139.92886352539062 468.8642272949219 216.72247314453125 0.7775191 1.8383739 0.6341101 -3.7361805 0.86873716 17.337845 1.4772748947143555 0.6098865866661072
Pedestrian 0.0 0 0.15163102746009827 816.9331665039062 137.82640075683594 900.3253173828125 288.17059326171875 0.86516553 1.748206 0.8144328 3.111331 1.2536798 8.779905 0.49219322204589844 0.5963938236236572
Pedestrian 0.0 0 0.5187153220176697 643.7290649414062 142.92689514160156 679.802490234375 206.5255584716797 0.88008004 1.832511 0.599237 1.6420453 0.75146115 20.862932 0.5972597599029541 0.5629584789276123
Pedestrian 0.0 0 0.9391377568244934 1024.2508544921875 141.52516174316406 1193.56494140625 370.0 0.7178103 1.6296047 0.6069022 3.2558374 1.392254 4.698617 1.5451065301895142 0.48446395993232727
Pedestrian 0.0 0 -2.6736888885498047 503.612548828125 143.1244354248047 546.5570068359375 219.48399353027344 0.85047716 1.8328474 0.6502643 -2.0023406 0.9373286 17.418446 -2.7881417274475098 0.4083990454673767
Pedestrian 0.0 0 -1.2081449031829834 354.6103210449219 151.0362548828125 373.9120788574219 191.1093292236328 0.6767724 1.9496821 0.7046978 -11.8428135 0.5176162 34.74543 -1.5366408824920654 0.3899882435798645
Pedestrian 0.0 0 -2.6481926441192627 259.6373596191406 131.97743225097656 334.7832336425781 243.4061737060547 0.92629015 1.772759 0.6706032 -5.088026 1.0024515 11.615186 -3.0610642433166504 0.35038137435913086
Pedestrian 0.0 0 1.8397953510284424 236.81385803222656 133.00367736816406 294.0147399902344 240.61207580566406 1.0134528 1.7706045 0.64547884 -5.876944 0.9907445 12.185318 1.39041006565094 0.28338494896888733
Pedestrian 0.0 0 1.7404561042785645 406.4353332519531 132.25857543945312 437.269775390625 206.1479949951172 0.8833858 1.8377829 0.624211 -4.7029705 0.63951457 18.047466 1.4855364561080933 0.27510014176368713
Pedestrian 0.0 0 -1.4531114101409912 318.9813232421875 154.29660034179688 336.93865966796875 198.86204528808594 0.65680915 1.9016004 0.65153426 -11.993744 0.7849834 30.564945 -1.8270506858825684 0.26547133922576904
Pedestrian 0.0 0 2.0612120628356934 381.56103515625 146.82798767089844 413.71954345703125 212.0178985595703 0.74706477 1.8401356 0.61113125 -6.0056944 0.89123845 20.38078 1.7746481895446777 0.24340668320655823
Pedestrian 0.0 0 1.6571955680847168 113.07549285888672 154.37020874023438 162.8180694580078 264.1158752441406 0.8274984 1.7472721 0.62431794 -7.801808 1.3329121 11.764719 1.071629524230957 0.2367600053548813
Cyclist 0.0 0 -2.56430721282959 253.2464141845703 130.6080780029297 339.0862121582031 240.88748168945312 1.1296695 1.755981 0.6448072 -5.1281238 0.96320605 11.66319 -2.9785497188568115 0.28585463762283325
Cyclist 0.0 0 1.7407903671264648 405.31451416015625 131.8407745361328 437.11376953125 206.86822509765625 1.0046394 1.8575603 0.62654185 -4.7124825 0.6544318 18.027721 1.4851094484329224 0.10618992149829865
Car 0.0 0 1.9209108352661133 0.0 19.579999923706055 288.28656005859375 370.0 4.0807405 1.6223408 1.609286 -3.115679 1.1610726 4.2139874 1.284250259399414 0.2272842526435852
