Pedestrian 0.0 0 2.297783613204956 900.8347778320312 126.24500274658203 942.1525268554688 201.07305908203125 0.7703318 1.8353744 0.5907952 7.7746043 0.6925121 18.126066 2.7029685974121094 0.2685742974281311
Cyclist 0.0 0 -1.8225771188735962 921.9490966796875 153.7874755859375 987.68603515625 273.2128601074219 1.8553115 1.717084 0.4714114 5.3178353 1.4433055 11.326751 -1.3836312294006348 0.30949828028678894
Car 0.0 0 -1.954817295074463 748.1873779296875 173.68292236328125 984.2929077148438 320.852783203125 3.395569 1.491413 1.560472 2.9038095 1.5042171 9.080161 -1.6452983617782593 0.906103253364563
Car 0.0 0 -1.7851369380950928 688.394287109375 167.98870849609375 815.2326049804688 258.70501708984375 3.530722 1.4889516 1.5905151 2.4756353 1.4094539 13.63193 -1.6054892539978027 0.8882874250411987
Car 0.0 0 1.7943767309188843 347.9219055175781 174.54408264160156 475.2854309082031 260.2687683105469 4.004374 1.4882692 1.6173207 -3.8963878 1.5276686 14.634422 1.5341651439666748 0.8854684829711914
Car 0.0 0 1.7539150714874268 419.0809326171875 170.1066436767578 503.0832824707031 227.3768310546875 4.02941 1.4521557 1.6005665 -4.1239533 1.3828511 20.320824 1.553692102432251 0.8134247064590454
Car 0.0 0 -1.7384681701660156 658.6553344726562 165.7298126220703 744.362060546875 226.84230041503906 4.0911827 1.4776456 1.6071066 2.3099132 1.3057473 19.526537 -1.620719313621521 0.7191603183746338
Car 0.0 0 -1.669232726097107 644.5541381835938 163.10916137695312 690.53662109375 200.6859588623047 3.8749359 1.5271817 1.5997056 2.3927255 1.1314938 31.27638 -1.592878818511963 0.37337526679039
Car 0.0 0 -1.7002986669540405 652.9053344726562 165.23973083496094 714.386962890625 212.7334442138672 4.0565505 1.5307882 1.613418 2.4537039 1.2857279 25.307095 -1.6036436557769775 0.3300876021385193
Car 0.0 0 0.6994115114212036 1045.9559326171875 178.34164428710938 1242.0 375.0 3.9265208 1.4199572 1.5753646 3.091044 1.4522295 2.1688528 1.6583706140518188 0.3248680830001831
Car 0.0 0 3.6034867763519287 0.0 160.87335205078125 280.70819091796875 268.90789794921875 3.739042 1.5558777 1.6124808 -7.488384 1.3836942 11.410847 3.0227293968200684 0.26077011227607727
