Pedestrian 0.0 0 0.9031364321708679 280.9405822753906 127.395751953125 325.4457092285156 206.9126739501953 0.82922137 1.8689303 0.6048453 -7.455441 0.8008581 17.419853 0.49873995780944824 0.32864081859588623
Pedestrian 0.0 0 -1.5058856010437012 397.3219909667969 156.32388305664062 412.93792724609375 195.4633331298828 0.72249967 1.9003344 0.69394994 -10.101669 1.0981072 35.45635 -1.7834362983703613 0.3230108618736267
Pedestrian 0.0 0 2.1625187397003174 1183.2427978515625 113.04835510253906 1242.0 253.05079650878906 0.80881673 1.7682052 0.56785744 8.086446 1.0132288 9.49275 2.868088722229004 0.31545352935791016
Pedestrian 0.0 0 -1.577223539352417 325.6336669921875 173.65054321289062 349.6367492675781 235.2144012451172 0.74293804 1.723527 0.63276505 -7.8523726 1.7472152 20.669828 -1.9402791261672974 0.2316141277551651
Cyclist 0.0 0 -1.1307644844055176 0.0 117.8779296875 102.79888916015625 292.2251892089844 1.732817 1.7062624 0.4624869 -6.3057513 1.1685929 7.954953 -1.801027536392212 0.32048431038856506
Car 0.0 0 1.3813562393188477 708.1253662109375 189.371337890625 829.7254028320312 276.948974609375 4.0625973 1.4388914 1.6222286 3.0074944 1.8217261 14.66368 1.5836490392684937 0.904093325138092
Car 0.0 0 1.9253599643707275 278.7733459472656 177.27774047851562 470.14215087890625 305.3310852050781 3.2770598 1.4896363 1.4891237 -3.166747 1.5627123 10.182332 1.6238384246826172 0.8535330295562744
Car 0.0 0 -1.6542625427246094 658.1094970703125 179.95849609375 698.4944458007812 213.4728546142578 3.7458706 1.4937714 1.6229031 3.2064846 1.8556465 34.833508 -1.562469482421875 0.7406560182571411
Car 0.0 0 1.7096631526947021 428.8134765625 183.0420379638672 520.841552734375 254.22425842285156 4.060271 1.4449859 1.6072867 -3.1586192 1.7187212 17.296482 1.5290372371673584 0.6862949728965759
Car 0.0 0 2.4999771118164062 0.0 0.0 1242.0 375.0 3.8832695 1.4221318 1.5681543 -3.071228 1.2988292 1.8573792 1.473098635673523 0.30396929383277893
