Pedestrian 0.0 0 0.7727249264717102 270.82049560546875 178.2158966064453 325.7696228027344 267.114990234375 0.7927095 1.7640289 0.66634613 -6.316909 1.7203345 14.476799 0.3612825870513916 0.4364491105079651
Pedestrian 0.0 0 -0.05975526571273804 994.9953002929688 118.63275909423828 1065.04052734375 253.48226928710938 0.79541004 1.7822703 0.52959573 5.799979 0.9662603 9.7576275 0.47653985023498535 0.3220137059688568
Pedestrian 0.0 0 -2.173616886138916 984.3500366210938 145.71658325195312 1029.300048828125 217.62818908691406 0.82341987 1.8061821 0.65252113 10.2929325 0.9341317 18.192537 -1.6587409973144531 0.30170610547065735
Pedestrian 0.0 0 3.511538028717041 113.04864501953125 103.02754974365234 216.0991668701172 244.38946533203125 1.0666552 1.8800206 0.6061404 -6.123886 0.8513602 9.796068 2.9528400897979736 0.2885093092918396
Pedestrian 0.0 0 -1.3332130908966064 116.91134643554688 150.1234130859375 136.62196350097656 190.2930908203125 0.58340704 1.9519043 0.6853126 -23.513813 0.47729993 34.74473 -1.9281702041625977 0.2751481533050537
Pedestrian 0.0 0 0.3388270437717438 251.70216369628906 181.4102783203125 287.09735107421875 237.9166717529297 0.77981657 1.6754359 0.69808835 -10.163769 1.704998 21.359812 -0.10530322045087814 0.248334139585495
Pedestrian 0.0 0 1.2257847785949707 879.0979614257812 153.80142211914062 904.4019775390625 191.98355102539062 1.7454156 1.7580072 0.5476125 13.527963 0.5301894 33.4323 1.6102826595306396 0.11074773222208023
Cyclist 0.0 0 1.2257847785949707 879.0979614257812 153.80142211914062 904.4019775390625 191.98355102539062 1.7454156 1.7580072 0.5476125 13.527963 0.5301894 33.4323 1.6102826595306396 0.3716087341308594
Cyclist 0.0 0 1.7584593296051025 256.3668518066406 172.4442901611328 290.03753662109375 230.83602905273438 1.8202827 1.7551614 0.6320523 -10.432621 1.5145812 22.207935 1.319286823272705 0.31250259280204773
Cyclist 0.0 0 -2.066779851913452 981.7059326171875 139.68551635742188 1028.6802978515625 212.96514892578125 1.1129117 1.8375221 0.5970933 10.297453 0.8156735 18.286037 -1.553910493850708 0.14944013953208923
Cyclist 0.0 0 3.4622387886047363 110.8675765991211 105.0875244140625 215.25074768066406 246.3739776611328 1.0956646 1.8746493 0.5981286 -6.1433578 0.8757166 9.796909 2.902151584625244 0.14826112985610962
Car 0.0 0 2.0865066051483154 0.0 186.10960388183594 168.41171264648438 271.4298095703125 4.3497434 1.7910182 1.7260468 -12.777003 1.9485863 17.395422 1.452997088432312 0.788178026676178
Car 0.0 0 0.9435065984725952 478.76300048828125 172.1724853515625 564.1762084960938 209.63917541503906 3.9425437 1.499829 1.6220626 -3.6548848 1.1679659 30.296078 0.8234479427337646 0.7813486456871033
Car 0.0 0 -0.7954775094985962 0.0 210.86863708496094 292.00579833984375 370.0 4.0013185 1.4321729 1.6042042 -3.2377646 1.6641469 3.3498967 -1.563855767250061 0.7166810631752014
