Pedestrian 0.0 0 -0.9805716276168823 846.591796875 176.67709350585938 878.1631469726562 216.35903930664062 1.5316786 1.7047056 0.54787594 11.148344 1.3390255 31.55524 -0.6409634351730347 0.13275747001171112
Cyclist 0.0 0 -1.2577694654464722 0.0 194.052734375 21.386781692504883 242.53443908691406 1.533611 1.6445405 0.3453709 -21.298422 1.9679788 25.43885 -1.9548088312149048 0.3280031681060791
Cyclist 0.0 0 -0.938544511795044 844.5571899414062 176.98048400878906 880.605712890625 216.8395538330078 1.7289377 1.7092794 0.583735 11.156817 1.3572601 31.551254 -0.5986578464508057 0.316143661737442
Cyclist 0.0 0 -1.0577448606491089 631.1782836914062 179.73475646972656 650.341064453125 206.3347625732422 1.8353195 1.7352762 0.4282562 2.1803224 1.3788532 47.78311 -1.0121469497680664 0.28123292326927185
Car 0.0 0 -1.1930509805679321 146.9692840576172 194.5820770263672 309.7493896484375 276.1902160644531 4.2906046 1.4764881 1.653512 -8.098828 1.7114486 15.726476 -1.6686110496520996 0.8761839866638184
Car 0.0 0 -1.0811266899108887 0.0 203.94187927246094 169.85914611816406 285.479736328125 4.396427 1.5000341 1.6739066 -12.059686 1.9925853 16.567469 -1.7103420495986938 0.862817645072937
Car 0.0 0 -1.4825451374053955 692.005126953125 178.18736267089844 753.529052734375 230.78553771972656 3.9088182 1.5799971 1.6619745 3.8215463 1.3700043 23.688597 -1.322598934173584 0.8538137078285217
Car 0.0 0 -1.3240227699279785 282.2901611328125 193.38865661621094 334.9478759765625 224.4644775390625 3.7641 1.453763 1.60768 -15.209589 1.8940791 36.645554 -1.7174321413040161 0.647790789604187
Car 0.0 0 -1.4011956453323364 778.167724609375 178.2671661376953 810.4591064453125 199.3656463623047 3.95061 1.4443598 1.5894895 13.33683 0.9698086 51.33505 -1.1470152139663696 0.5992904305458069
Car 0.0 0 1.894292950630188 247.51611328125 188.87625122070312 299.8753662109375 215.0369415283203 4.0633836 1.4715546 1.6427077 -19.995298 1.7030898 43.1327 1.4602065086364746 0.45281460881233215
