Pedestrian 0.0 0 -0.8265326619148254 324.2235412597656 155.8488311767578 396.9964904785156 265.694091796875 1.0758597 1.8297178 0.6512729 -4.3118653 1.4207478 12.395611 -1.1612945795059204 0.36454299092292786
Pedestrian 0.0 0 -1.0927026271820068 352.8283996582031 167.3470916748047 382.18408203125 220.15603637695312 0.7639111 1.7696595 0.6747317 -8.124998 1.3304362 24.117622 -1.4176511764526367 0.2959598898887634
Pedestrian 0.0 0 1.3250595331192017 820.962890625 110.82551574707031 900.8119506835938 289.8796081542969 0.8215764 1.8175416 0.62086225 2.680623 1.1119833 7.609957 1.6637392044067383 0.28494685888290405
Pedestrian 0.0 0 1.3746312856674194 712.761474609375 129.22979736328125 759.4631958007812 245.08856201171875 0.80715257 1.8491368 0.60958916 2.1099865 1.0325054 11.688583 1.553224802017212 0.2003564089536667
Pedestrian 0.0 0 2.04020357131958 732.80712890625 124.66038513183594 795.5752563476562 257.7143249511719 0.77277714 1.8585083 0.61716676 2.2925024 1.080204 10.365588 2.257864475250244 0.18026991188526154
Pedestrian 0.0 0 2.1500496864318848 648.3687133789062 140.5370635986328 684.9871826171875 218.1452178955078 0.76310116 1.8644342 0.57871497 1.4888862 0.9059783 17.45976 2.235119104385376 0.14777937531471252
Pedestrian 0.0 0 1.6937878131866455 474.97747802734375 169.38658142089844 484.4385986328125 193.63253784179688 1.1900743 1.7677456 0.5467055 -9.231347 0.9587574 52.153667 1.518599510192871 0.1458897888660431
Pedestrian 0.0 0 -0.7289013862609863 923.3240356445312 131.3179168701172 1000.2183227539062 272.5869445800781 0.6525401 1.8084666 0.6454805 4.7072477 1.180534 9.443635 -0.26648879051208496 0.12558722496032715
Cyclist 0.0 0 -0.8462028503417969 323.6134033203125 155.46315002441406 397.57708740234375 265.49871826171875 1.111196 1.8323321 0.65760255 -4.3147054 1.4170643 12.407808 -1.180863857269287 0.18577483296394348
Cyclist 0.0 0 1.6937878131866455 474.97747802734375 169.38658142089844 484.4385986328125 193.63253784179688 1.1900743 1.7677456 0.5467055 -9.231347 0.9587574 52.153667 1.518599510192871 0.10103819519281387
Car 0.0 0 -1.602054238319397 530.8062744140625 161.80953979492188 573.637939453125 208.02769470214844 4.426006 1.86212 1.7044615 -2.3818321 1.1105788 30.774172 -1.6792973279953003 0.5614283680915833
Car 0.0 0 1.4570744037628174 512.2918090820312 168.4993438720703 553.13330078125 202.15773010253906 3.7119706 1.5919662 1.6147196 -3.683869 1.0258098 35.42327 1.353451132774353 0.20042163133621216
