Pedestrian 0.0 0 1.769492506980896 0.0 129.1262969970703 67.45152282714844 295.734375 0.9601989 1.8123382 0.600496 -6.847375 1.3370327 8.410728 1.0861985683441162 0.25224074721336365
Cyclist 0.0 0 -1.7224102020263672 357.9769592285156 187.8762664794922 372.7242431640625 228.89056396484375 1.5292715 1.6582444 0.3606176 -10.386039 2.3092887 30.48899 -2.0507302284240723 0.1907581090927124
Cyclist 0.0 0 1.7985131740570068 0.0 127.72710418701172 67.61360168457031 298.3573913574219 1.0790961 1.8382236 0.5972306 -6.853233 1.3524233 8.386437 1.1133837699890137 0.10371576994657516
Car 0.0 0 2.0685789585113525 0.0 173.8390350341797 387.1145935058594 375.0 4.2391267 1.634014 1.6837023 -3.7047448 1.6467363 6.9290237 1.5775811672210693 0.8476880192756653
Car 0.0 0 1.6126880645751953 474.4513244628906 184.3128204345703 533.1898193359375 237.92430114746094 4.3679523 1.4839906 1.6812013 -3.3672578 1.8885974 23.193552 1.4685145616531372 0.7165471315383911
Car 0.0 0 1.8801723718643188 661.852294921875 168.3533935546875 695.276123046875 187.31707763671875 3.8980272 1.5072327 1.6340443 5.6608224 1.1498821 59.45832 1.975092887878418 0.2814156115055084
Car 0.0 0 1.0625380277633667 1026.297607421875 98.3788070678711 1242.0 245.44264221191406 3.7377813 1.5772072 1.6001908 7.2185817 0.77884525 9.693339 1.7026352882385254 0.2751757800579071
Car 0.0 0 -1.5603375434875488 288.1048278808594 170.4739227294922 354.2328796386719 229.07801818847656 3.6229472 1.4954047 1.591496 -8.177635 1.43503 20.385508 -1.9418344497680664 0.21088489890098572
Car 0.0 0 1.2747970819473267 612.3544311523438 189.6184539794922 665.679443359375 221.3028106689453 4.1355534 1.5283202 1.7678522 1.4824998 2.4954245 39.380753 1.312424659729004 0.19291889667510986
Car 0.0 0 0.806712806224823 657.5238647460938 181.66944885253906 699.9255981445312 199.62973022460938 3.8913279 1.5517268 1.6456454 6.2728553 2.387891 66.37131 0.9009444713592529 0.1895214021205902
