Pedestrian 0.0 0 -1.13573157787323 969.271240234375 173.25885009765625 1013.7014770507812 241.3369598388672 0.8139455 1.7114682 0.744452 9.830906 1.7226169 18.68576 -0.6514089107513428 0.6288970112800598
Pedestrian 0.0 0 -1.7545045614242554 839.2722778320312 169.3465118408203 871.6103515625 242.528564453125 0.89621204 1.8312958 0.630992 6.2484508 1.7438831 18.54098 -1.4294508695602417 0.4102867543697357
Pedestrian 0.0 0 0.28347310423851013 363.98883056640625 186.85980224609375 401.7843017578125 257.5775451660156 0.771394 1.757854 0.6427922 -5.8305707 2.1217246 18.393978 -0.02349034696817398 0.2112465649843216
Pedestrian 0.0 0 -2.478968858718872 414.9635314941406 182.93966674804688 443.9082336425781 236.58624267578125 0.72782564 1.7553385 0.5976143 -6.0954103 2.0996637 24.184635 -2.725863218307495 0.15489330887794495
Cyclist 0.0 0 -1.5038199424743652 648.4083862304688 177.48709106445312 660.3584594726562 213.1273956298828 1.7484146 1.7133735 0.47864836 2.17221 1.9494877 35.815388 -1.4432439804077148 0.13181054592132568
Car 0.0 0 1.6954450607299805 479.7337646484375 180.949951171875 529.8810424804688 219.41122436523438 3.8962538 1.4606755 1.6036872 -4.3748817 1.8218297 30.189392 1.5515323877334595 0.8649324774742126
Car 0.0 0 3.665437698364258 47.09469985961914 185.985595703125 253.93270874023438 263.4278869628906 3.3612514 1.5160524 1.5619209 -9.64694 1.8095607 15.257382 3.1016201972961426 0.8450502753257751
Car 0.0 0 1.315829873085022 663.4775390625 168.51585388183594 727.6132202148438 214.30621337890625 3.9211655 1.734637 1.6422313 3.3614295 1.5706569 29.387205 1.4297189712524414 0.7955803275108337
Car 0.0 0 1.298974633216858 489.40838623046875 182.14495849609375 537.406494140625 212.10421752929688 3.6736586 1.4590136 1.5947653 -5.2203918 1.9794021 38.380497 1.1637874841690063 0.14403384923934937
Car 0.0 0 0.48935505747795105 86.8457260131836 164.16661071777344 261.0045166015625 222.23594665527344 4.1719513 1.6703625 1.7159363 -13.057096 1.4208282 21.717424 -0.05196591094136238 0.14191336929798126
