Pedestrian 0.0 0 -1.813096523284912 1102.06396484375 155.44081115722656 1128.8541259765625 206.13267517089844 0.73743194 1.7681795 0.61323607 18.224714 0.860275 25.509434 -1.192751169204712 0.5383732318878174
Pedestrian 0.0 0 -1.3037068843841553 454.09588623046875 181.7496795654297 563.7952880859375 374.0 0.68026406 1.5762067 0.64553106 -0.70850396 1.5795649 5.269984 -1.4373469352722168 0.49512508511543274
Pedestrian 0.0 0 -1.7713525295257568 754.4737548828125 159.53955078125 772.0387573242188 200.1806182861328 0.8016202 1.8464116 0.63989484 7.4270067 0.8496359 33.040195 -1.5502408742904663 0.27842530608177185
Pedestrian 0.0 0 -1.5527492761611938 1150.559326171875 92.35442352294922 1238.0 290.16888427734375 0.5737445 1.7796887 0.6900729 5.6818705 0.9790473 6.9022865 -0.8640291690826416 0.15472838282585144
Pedestrian 0.0 0 3.045283555984497 581.4780883789062 132.4769287109375 615.6118774414062 220.35289001464844 0.66608596 1.8295039 0.64473075 -0.10587522 0.8101199 15.307483 3.0383670330047607 0.1474364548921585
Pedestrian 0.0 0 -1.733676552772522 1081.5308837890625 146.81985473632812 1102.5137939453125 190.40357971191406 1.4202342 1.773191 0.49672613 20.443592 0.36323285 29.971224 -1.1350603103637695 0.1347137838602066
Pedestrian 0.0 0 -2.308335304260254 178.04873657226562 158.13780212402344 214.40695190429688 220.5443115234375 0.6996803 1.8450639 0.65492785 -12.240455 1.1554838 21.655756 -2.8227951526641846 0.13028737902641296
Pedestrian 0.0 0 -2.0437517166137695 766.6152954101562 164.71951293945312 796.1646118164062 207.81207275390625 1.4803333 1.6550121 0.51065934 7.074338 1.0115622 28.36451 -1.7993301153182983 0.11157210171222687
Cyclist 0.0 0 -2.0437517166137695 766.6152954101562 164.71951293945312 796.1646118164062 207.81207275390625 1.4803333 1.6550121 0.51065934 7.074338 1.0115622 28.36451 -1.7993301153182983 0.2105160802602768
Cyclist 0.0 0 -1.7300605773925781 1081.0975341796875 147.1299591064453 1102.239501953125 190.36380004882812 1.473122 1.7590736 0.49933687 20.446304 0.36163843 29.99742 -1.131789207458496 0.16131480038166046
Car 0.0 0 -0.9738808870315552 993.4329833984375 183.56716918945312 1225.9073486328125 276.9018859863281 3.5643291 1.426296 1.5417119 8.707825 1.4670869 12.384866 -0.36107608675956726 0.7984086871147156
Car 0.0 0 -0.08687356114387512 384.0981140136719 187.75164794921875 604.5711059570312 271.0221862792969 4.119518 1.4877847 1.6393349 -2.1731107 1.6246841 14.305338 -0.23763005435466766 0.23897457122802734
Car 0.0 0 2.116791248321533 43.95492935180664 158.52197265625 151.50302124023438 205.73358154296875 3.4001691 1.5396398 1.542469 -17.54275 0.7913845 25.168427 1.508072018623352 0.14255274832248688
