Pedestrian 0.0 0 2.1539535522460938 222.19940185546875 168.443115234375 265.7540283203125 234.16354370117188 0.951131 1.7645187 0.6560757 -10.12023 1.6464498 19.87904 1.6830599308013916 0.13274133205413818
Cyclist 0.0 0 -1.530749797821045 634.70166015625 182.7594451904297 643.0302124023438 216.21432495117188 1.5954398 1.7046627 0.3776197 1.4903369 2.2385733 38.052452 -1.4916044473648071 0.15796397626399994
Cyclist 0.0 0 -1.7449805736541748 1186.4571533203125 155.8545684814453 1242.0 310.59197998046875 1.6114022 1.6623639 0.42344648 7.201009 1.4800948 8.55199 -1.045133352279663 0.14208538830280304
Cyclist 0.0 0 -2.2708003520965576 990.169677734375 121.54508972167969 1196.669677734375 358.95074462890625 1.664099 1.7689416 0.5125021 4.0074663 1.38699 6.2315564 -1.699296474456787 0.11898095905780792
Car 0.0 0 2.0433261394500732 142.1742401123047 187.4437255859375 321.3334655761719 269.98193359375 4.26169 1.4666356 1.6669928 -8.019035 1.827661 15.702967 1.5711790323257446 0.8490903973579407
Car 0.0 0 1.7669111490249634 427.65411376953125 180.7242889404297 474.8951721191406 211.66600036621094 4.146713 1.4850639 1.6388963 -8.279829 1.920326 37.77962 1.5511610507965088 0.7903397679328918
Car 0.0 0 1.5868806838989258 903.0074462890625 196.7750701904297 939.6893920898438 227.6027069091797 3.7607696 1.5108082 1.8191103 17.544817 2.929374 40.687046 1.9940026998519897 0.1425335556268692
Car 0.0 0 1.8762201070785522 472.2977600097656 174.9037628173828 505.89630126953125 193.52804565429688 4.05378 1.4808992 1.6103114 -10.025919 1.6576089 59.955677 1.7105309963226318 0.14157794415950775
Car 0.0 0 2.5040087699890137 0.0 207.8749542236328 91.22915649414062 243.13768005371094 3.6175332 1.469594 1.7277399 -28.292774 3.3111002 35.958042 1.837351679801941 0.13748154044151306
Car 0.0 0 1.744902491569519 81.11273193359375 195.70835876464844 128.84767150878906 223.52464294433594 3.730683 1.4868617 1.7669 -30.777866 2.9470248 44.02101 1.1347384452819824 0.13021406531333923
Car 0.0 0 1.6800298690795898 704.9290161132812 193.72682189941406 744.7363891601562 225.65243530273438 3.693928 1.4763372 1.6783438 6.052202 2.6335707 37.98545 1.83803129196167 0.1258867084980011
