Pedestrian 0.0 0 2.116440773010254 913.7195434570312 135.9537353515625 979.5643310546875 255.53102111816406 0.8323517 1.808738 0.59882176 5.262764 1.2509387 11.392069 2.5492019653320312 0.42180317640304565
Pedestrian 0.0 0 1.503741979598999 1065.79736328125 126.39973449707031 1124.380126953125 255.4620361328125 0.8381282 1.7741029 0.64453053 6.9454894 1.135896 10.439381 2.0908091068267822 0.39620932936668396
Pedestrian 0.0 0 -3.514695644378662 886.545654296875 126.825927734375 940.9424438476562 229.7768096923828 0.73191947 1.8120053 0.6059847 5.413281 1.0022379 13.007509 -3.120331287384033 0.3089277446269989
Pedestrian 0.0 0 2.307432174682617 983.0840454101562 131.4851837158203 1056.4830322265625 254.26698303222656 0.7478538 1.7682043 0.6119716 6.0714087 1.1728017 10.796824 2.819694757461548 0.2943187654018402
Pedestrian 0.0 0 0.8559437990188599 384.316162109375 145.13450622558594 467.1228332519531 280.92254638671875 0.92459184 1.7596906 0.6503813 -2.5767787 1.4008288 9.877304 0.6007528305053711 0.18467535078525543
Pedestrian 0.0 0 0.8746629357337952 1157.7857666015625 102.65116119384766 1242.0 268.46435546875 0.74287647 1.7766427 0.5859954 6.674278 1.0247966 8.101826 1.5637481212615967 0.18301771581172943
Pedestrian 0.0 0 2.5465950965881348 1017.0137329101562 138.35464477539062 1091.1490478515625 253.66688537597656 0.8188158 1.7771286 0.57327926 6.965514 1.2458013 11.422916 3.094177722930908 0.1602284461259842
Pedestrian 0.0 0 2.1313962936401367 1109.9749755859375 119.27623748779297 1183.3651123046875 223.17263793945312 0.9639055 1.7959733 0.64404416 9.572531 0.8701756 12.945562 2.7681078910827637 0.12942974269390106
Pedestrian 0.0 0 -1.0389796495437622 294.3177185058594 152.54893493652344 460.9856872558594 370.0375061035156 1.809808 1.6848058 0.59664387 -2.0671089 1.5278677 6.535443 -1.3453154563903809 0.1112530454993248
Pedestrian 0.0 0 -2.1961915493011475 1127.1800537109375 115.05795288085938 1188.6331787109375 202.8037109375 0.98595446 1.7841433 0.5549366 11.447532 0.6093285 15.167085 -1.5496500730514526 0.11117512732744217
Cyclist 0.0 0 -1.0277609825134277 296.98101806640625 150.51046752929688 465.76434326171875 365.99432373046875 1.8248295 1.6874323 0.61360717 -2.0550976 1.5128204 6.6068516 -1.3293293714523315 0.5020089745521545
