Pedestrian 0.0 0 -3.0281982421875 974.6078491210938 177.20455932617188 1001.6002807617188 231.1588592529297 0.7250349 1.7435325 0.62608814 12.4555855 1.8905047 23.850708 -2.546924114227295 0.25085580348968506
Pedestrian 0.0 0 -2.0073204040527344 1030.59912109375 187.8376922607422 1069.033447265625 248.3943634033203 0.8527317 1.7388449 0.67499644 12.989627 2.193309 21.40416 -1.4618619680404663 0.20907504856586456
Pedestrian 0.0 0 -1.4439318180084229 0.0 198.974609375 66.87572479248047 352.6110534667969 0.73169655 1.6484326 0.6419488 -6.8073945 1.9697189 8.382279 -2.1260178089141846 0.2080860733985901
Cyclist 0.0 0 -1.4490909576416016 175.7331085205078 187.15469360351562 205.90130615234375 243.21189880371094 1.8583153 1.6977255 0.6249259 -13.577628 2.179799 23.325037 -1.9762487411499023 0.2017618715763092
Cyclist 0.0 0 -2.191894769668579 1178.320068359375 190.96282958984375 1242.0 272.59185791015625 1.5404567 1.68425 0.345788 13.296245 2.1061254 16.011753 -1.498887062072754 0.19398747384548187
Cyclist 0.0 0 -1.1883615255355835 213.57958984375 192.2003631591797 235.01063537597656 229.28326416015625 1.5175089 1.6557746 0.34563798 -18.09413 2.583043 33.794052 -1.6799447536468506 0.14955483376979828
Cyclist 0.0 0 -1.6321496963500977 757.9669799804688 174.19113159179688 788.6165771484375 252.14476013183594 1.8005532 1.7066491 0.5771912 3.7242248 1.7398036 16.7604 -1.4134982824325562 0.1478041559457779
Cyclist 0.0 0 -1.956829309463501 1029.6688232421875 186.97442626953125 1069.13232421875 249.16098022460938 1.0787593 1.7749114 0.6404067 12.995031 2.2063026 21.4393 -1.4119137525558472 0.11014234274625778
Cyclist 0.0 0 -2.4149394035339355 968.7654418945312 177.14393615722656 1005.6101684570312 230.864990234375 0.8965885 1.731236 0.6161201 12.422707 1.8766308 23.862854 -1.93495774269104 0.10136661678552628
Car 0.0 0 1.4941496849060059 133.73025512695312 203.45230102539062 173.94456481933594 233.89859008789062 3.5318658 1.5338602 1.7160438 -26.709822 3.40365 42.15198 0.9293506145477295 0.24619944393634796
Car 0.0 0 1.8407090902328491 443.1439514160156 174.30970764160156 489.74981689453125 208.38723754882812 3.9514213 1.8510358 1.6280336 -8.208959 1.9390085 41.394062 1.6449366807937622 0.22068960964679718
Car 0.0 0 1.4558268785476685 361.0007629394531 182.02651977539062 396.85552978515625 209.7401885986328 4.194408 1.5857886 1.6530885 -14.491545 2.1871846 45.025467 1.1444447040557861 0.18313050270080566
Car 0.0 0 1.6432677507400513 981.76611328125 206.54505920410156 1038.3624267578125 247.1815643310547 3.7415648 1.4086491 1.827328 16.91344 2.929769 30.500486 2.1495823860168457 0.1534837931394577
Car 0.0 0 -2.4408626556396484 1052.44091796875 193.91969299316406 1242.0 375.0 3.7110221 1.4459597 1.5676783 5.379666 1.6637939 5.523018 -1.668612003326416 0.1460600048303604
