Pedestrian 0.0 0 -0.3830205202102661 1069.6925048828125 146.19383239746094 1123.5469970703125 227.32205200195312 0.8841378 1.8568757 0.6013956 11.33386 1.2470316 16.897352 0.20780205726623535 0.46645280718803406
Pedestrian 0.0 0 -0.9593056440353394 385.8306579589844 195.3431396484375 418.5398254394531 246.64739990234375 0.8777343 1.764573 0.7595236 -7.475984 2.5866828 25.824018 -1.2410993576049805 0.3809521794319153
Cyclist 0.0 0 -0.9593056440353394 385.8306579589844 195.3431396484375 418.5398254394531 246.64739990234375 0.8777343 1.764573 0.7595236 -7.475984 2.5866828 25.824018 -1.2410993576049805 0.13888493180274963
Car 0.0 0 2.8066277503967285 702.44384765625 191.95602416992188 867.2415161132812 260.5145263671875 3.6146133 1.5432161 1.6148099 4.189785 2.0405664 17.780182 3.0380494594573975 0.8569945693016052
Car 0.0 0 0.5821138024330139 0.0 197.5137481689453 254.4718475341797 307.4082336425781 3.7876065 1.4612523 1.5945108 -7.6856494 1.861674 10.840725 -0.03460086137056351 0.7985624670982361
Car 0.0 0 3.4517040252685547 214.9281463623047 187.87892150878906 393.697265625 249.68707275390625 3.9711802 1.4813352 1.629238 -7.872729 1.8927705 18.753586 3.0542473793029785 0.7940783500671387
Car 0.0 0 0.538923978805542 49.178096771240234 191.63565063476562 325.53900146484375 281.12493896484375 4.2178645 1.527164 1.6829566 -7.8343277 1.9029816 13.549023 0.014672517776489258 0.787075936794281
Car 0.0 0 -0.6566765308380127 859.3475341796875 188.00819396972656 1242.0 375.0 3.448298 1.5296272 1.5797766 4.3622146 1.6965516 6.973691 -0.09770011156797409 0.786788821220398
Car 0.0 0 0.7679445743560791 0.0 192.82521057128906 168.3227996826172 333.1790771484375 3.8790221 1.4332318 1.5932546 -7.653936 1.6919383 8.470633 0.03315234184265137 0.6827482581138611
Car 0.0 0 -0.4492930769920349 667.1302490234375 191.42393493652344 815.303466796875 250.68814086914062 3.787995 1.5020144 1.6329905 3.6335618 2.0606875 20.393785 -0.2729732394218445 0.5162293314933777
Car 0.0 0 3.3370089530944824 266.1589050292969 184.8518524169922 404.82275390625 237.4451141357422 3.9918778 1.5990729 1.6861871 -8.923315 2.0116305 23.625671 2.975877046585083 0.42059746384620667
Car 0.0 0 1.0388996601104736 938.5894165039062 188.45254516601562 991.524169921875 210.99905395507812 3.95466 1.5171369 1.7454385 26.184786 2.7161813 53.406696 1.4947494268417358 0.3882853388786316
Car 0.0 0 1.744872808456421 872.6986694335938 189.61697387695312 914.4695434570312 216.95712280273438 4.125262 1.5561798 1.7936047 18.09616 2.6776392 46.025837 2.119480848312378 0.3833451271057129
Car 0.0 0 2.3826167583465576 215.99313354492188 181.7172088623047 285.8601989746094 207.52081298828125 3.935805 1.5111482 1.6263857 -22.770565 2.1007857 45.842033 1.921598196029663 0.383029580116272
