Pedestrian 0.0 0 -1.5371636152267456 568.2403564453125 162.3413543701172 580.3226318359375 197.482421875 0.91384727 1.9247606 0.6395944 -2.0108268 1.3493154 39.979767 -1.5874173641204834 0.3131088316440582
Pedestrian 0.0 0 -1.1731247901916504 14.920303344726562 168.59841918945312 44.59478759765625 215.5397186279297 0.89785844 1.7636362 0.5840429 -22.244705 1.6041079 27.618435 -1.8511677980422974 0.2940535545349121
Pedestrian 0.0 0 -2.426077365875244 175.2644805908203 163.44732666015625 205.22972106933594 211.12533569335938 0.8211482 1.8348902 0.59514576 -16.40701 1.4732323 28.134583 -2.954023599624634 0.28064340353012085
Cyclist 0.0 0 -1.5451443195343018 568.3165283203125 162.34976196289062 580.3585205078125 197.47503662109375 1.0463414 1.921067 0.64146507 -2.007678 1.3469287 39.99039 -1.5953062772750854 0.1432146579027176
Cyclist 0.0 0 -1.2315781116485596 14.537552833557129 168.22373962402344 44.11626434326172 215.92823791503906 0.9850241 1.786124 0.5875229 -22.225138 1.6131186 27.574835 -1.9099628925323486 0.10873234272003174
Car 0.0 0 1.180094838142395 516.0990600585938 168.24539184570312 569.8013305664062 196.3767852783203 4.2625504 1.6037002 1.715086 -4.1232886 1.3413327 43.4155 1.0854060649871826 0.7547703385353088
Car 0.0 0 -2.016695499420166 554.0354614257812 171.03240966796875 605.0258178710938 197.14491271972656 3.9877517 1.5701358 1.6496657 -2.0032916 1.4609619 45.530567 -2.060666084289551 0.6762524247169495
Car 0.0 0 -2.0268640518188477 603.3123779296875 166.72300720214844 656.5785522460938 193.153076171875 4.2035594 1.5969927 1.6989396 1.1785095 1.2268956 45.859528 -2.001171350479126 0.6360005736351013
Car 0.0 0 1.7016922235488892 700.604736328125 170.4415740966797 731.335205078125 193.58885192871094 3.9529364 1.5731316 1.6556925 7.5214324 1.4095353 51.16172 1.8476594686508179 0.40961283445358276
Car 0.0 0 0.8848819732666016 741.8992919921875 167.0455322265625 799.4933471679688 191.83255004882812 3.9415925 1.5918231 1.6472281 10.7087965 1.219161 48.464794 1.1023480892181396 0.3476482033729553
