Pedestrian 0.0 0 -1.7248058319091797 827.3040161132812 154.30087280273438 866.03857421875 245.63858032226562 1.0423808 1.7539661 0.5777981 4.6625276 1.3980469 14.413336 -1.411942958831787 0.6042708158493042
Pedestrian 0.0 0 2.099246025085449 985.8806762695312 54.769474029541016 1140.88427734375 351.6112976074219 0.73692864 1.7315854 0.54779327 2.841392 1.0431137 4.6215367 2.6504878997802734 0.4253043532371521
Pedestrian 0.0 0 1.8001468181610107 1043.24560546875 122.96741485595703 1114.54833984375 264.33270263671875 0.9479807 1.8104788 0.6146346 6.3143826 1.1719342 9.788458 2.373058795928955 0.3567589819431305
Cyclist 0.0 0 -1.740967035293579 827.5484619140625 154.13705444335938 867.0763549804688 244.7423858642578 1.0374721 1.7430242 0.57948107 4.6815624 1.3833141 14.432709 -1.4273035526275635 0.27741777896881104
Cyclist 0.0 0 1.9791761636734009 359.7774963378906 160.4711456298828 396.67529296875 217.96328735351562 1.6532426 1.7885244 0.5228559 -7.5078664 1.403664 23.29156 1.6673494577407837 0.214255690574646
Cyclist 0.0 0 1.5101072788238525 1050.2730712890625 123.09697723388672 1111.5185546875 266.9320373535156 1.0366046 1.8299153 0.6276603 6.3065357 1.1972485 9.782476 2.082731246948242 0.13479214906692505
Car 0.0 0 1.8510159254074097 440.2760009765625 182.6311492919922 524.4679565429688 233.02981567382812 4.137267 1.4480766 1.6361277 -4.124153 1.7987566 23.705683 1.6787667274475098 0.8779445886611938
Car 0.0 0 -1.5480599403381348 695.7496948242188 178.39938354492188 745.0242919921875 224.8440399169922 3.430121 1.487103 1.5986085 3.8694258 1.6964637 25.364063 -1.3966717720031738 0.6102439165115356
Car 0.0 0 1.8309820890426636 645.863037109375 173.73031616210938 675.2113647460938 193.65219116210938 3.9239922 1.699939 1.6388415 4.485537 1.7804518 63.87461 1.9010910987854004 0.5687866806983948
Car 0.0 0 2.394071102142334 0.0 200.3248291015625 233.97909545898438 375.0 3.6907287 1.4987183 1.5330049 -4.932158 1.7910416 5.7453804 1.6846882104873657 0.41803932189941406
