Pedestrian 0.0 0 2.7395732402801514 580.22119140625 147.54891967773438 692.61376953125 347.70843505859375 0.78876597 1.6858747 0.74527335 0.2519114 1.4013032 6.5361805 2.778095245361328 0.6420519948005676
Pedestrian 0.0 0 -1.2654081583023071 950.14501953125 190.79159545898438 1075.464111328125 374.0 0.5240486 1.6204945 0.71744657 3.1177464 1.699336 5.5444317 -0.7531552314758301 0.5575536489486694
Pedestrian 0.0 0 -1.1031383275985718 331.2893371582031 183.6530303955078 452.78106689453125 374.0 0.7644162 1.6251069 0.69695395 -1.7559683 1.645604 5.9367566 -1.3907182216644287 0.5171322226524353
Pedestrian 0.0 0 -1.051461935043335 359.9588928222656 171.2861785888672 387.5507507324219 222.2523956298828 0.7897203 1.7517097 0.6101414 -7.985031 1.4017305 25.136724 -1.3590444326400757 0.28122761845588684
Pedestrian 0.0 0 0.6190571188926697 1205.9552001953125 150.48460388183594 1238.0 205.63491821289062 0.7762527 1.7977582 0.58215314 20.690346 0.7878281 23.85894 1.3334492444992065 0.18159252405166626
Pedestrian 0.0 0 2.0713205337524414 1106.5751953125 86.55071258544922 1211.8123779296875 266.9031982421875 0.6326198 1.8638434 0.69243854 6.046958 0.8839584 7.8653197 2.7267534732818604 0.16594399511814117
Pedestrian 0.0 0 -3.077622175216675 596.1025390625 163.97750854492188 647.22216796875 212.4164276123047 1.8313804 1.7428805 0.62635005 0.72549856 1.1134543 26.239422 -3.0499799251556396 0.10738378018140793
Cyclist 0.0 0 -3.077622175216675 596.1025390625 163.97750854492188 647.22216796875 212.4164276123047 1.8313804 1.7428805 0.62635005 0.72549856 1.1134543 26.239422 -3.0499799251556396 0.3788919746875763
Car 0.0 0 -0.8674367666244507 986.2216186523438 153.45281982421875 1234.7032470703125 242.95689392089844 3.9298472 1.5029452 1.6140951 9.3630085 1.0332637 13.336777 -0.2553401291370392 0.7290410399436951
Car 0.0 0 0.11182139813899994 238.45948791503906 189.1246795654297 465.6092529296875 269.2987060546875 4.247479 1.4978974 1.665374 -5.044493 1.6709688 14.923313 -0.2141481190919876 0.1946619153022766
Car 0.0 0 2.1582882404327393 84.68988800048828 159.04800415039062 187.5772247314453 202.88401794433594 3.4539979 1.5271922 1.564179 -17.234821 0.7460572 26.762081 1.5861413478851318 0.14094029366970062
