Car 0.0 0 -1.9791269302368164 747.624755859375 190.89059448242188 992.4822387695312 339.5060119628906 3.5294316 1.4046724 1.5405515 2.9378834 1.678118 9.091586 -1.6665754318237305 0.9247024059295654
Car 0.0 0 -1.7377431392669678 668.8955078125 179.0176239013672 758.2088012695312 243.39788818359375 4.0916624 1.4614881 1.6156727 2.5317545 1.640548 18.845129 -1.6041975021362305 0.88705974817276
Car 0.0 0 -2.510859489440918 0.0 195.960693359375 292.8414306640625 311.2096252441406 3.7502933 1.388796 1.5353844 -6.6036997 1.7325308 9.875183 -3.1002800464630127 0.8054652214050293
Car 0.0 0 -2.57548451423645 92.85279083251953 189.7279052734375 352.49127197265625 283.357177734375 3.6055596 1.42412 1.5547671 -6.4970226 1.7316033 12.215818 -3.064288854598999 0.798678457736969
Car 0.0 0 3.5331666469573975 162.31094360351562 184.65830993652344 383.1363830566406 261.8998107910156 3.7280374 1.4409657 1.5676917 -6.7362037 1.6939757 14.580609 3.1003806591033936 0.7909926176071167
Car 0.0 0 0.31731536984443665 344.6969909667969 183.94395446777344 489.3920593261719 232.138916015625 4.086153 1.4209237 1.5954032 -6.02307 1.7827532 22.602802 0.05689239501953125 0.7898651361465454
Car 0.0 0 0.4780968725681305 226.60342407226562 183.14688110351562 420.2630615234375 251.16204833984375 3.962131 1.4869065 1.6197058 -6.7537813 1.7453458 17.082323 0.10159111022949219 0.6870473027229309
Car 0.0 0 0.208954319357872 377.4861145019531 169.85800170898438 484.84814453125 210.6923065185547 3.7557776 1.5207622 1.5998296 -6.8525653 1.4095424 27.730947 -0.033301517367362976 0.6435767412185669
Car 0.0 0 -1.7103235721588135 653.9308471679688 177.9901123046875 707.2313232421875 217.0790252685547 4.0325294 1.4709678 1.6249049 2.7947578 1.6976463 29.740133 -1.6166261434555054 0.6386660933494568
Car 0.0 0 3.7672972679138184 0.0 202.7733917236328 231.8845672607422 364.1919860839844 3.83373 1.4066815 1.5534236 -6.341759 1.757773 7.540025 3.068005084991455 0.6305813789367676
Car 0.0 0 3.37506103515625 364.9078063964844 177.11468505859375 478.47900390625 219.6831817626953 3.5841353 1.4309512 1.5325893 -6.5629797 1.5849788 25.21689 3.120448350906372 0.5491597056388855
