Pedestrian 0.0 0 -1.4752789735794067 233.8032684326172 134.56832885742188 264.9883728027344 206.1328125 0.8715386 1.8663691 0.6696551 -9.704554 0.86825424 19.341911 -1.9403152465820312 0.28384146094322205
Pedestrian 0.0 0 -1.1716190576553345 220.8528594970703 150.37229919433594 275.66583251953125 244.84518432617188 1.0894064 1.7889354 0.59115094 -7.1621037 1.3635805 14.223615 -1.6380915641784668 0.15184183418750763
Pedestrian 0.0 0 -2.3124918937683105 1016.070556640625 142.01499938964844 1242.0 375.0 1.3815534 1.7280035 0.76417464 3.6734107 1.5389519 5.1613374 -1.6939454078674316 0.14134956896305084
Cyclist 0.0 0 2.2792224884033203 41.39227294921875 155.612060546875 200.10897827148438 297.0239562988281 1.9894296 1.7163378 0.6370975 -6.5823054 1.5074276 9.779569 1.6868020296096802 0.5631510019302368
Cyclist 0.0 0 -1.1522870063781738 218.42172241210938 149.20367431640625 276.06884765625 243.43870544433594 1.1959561 1.7736981 0.5790231 -7.161942 1.3289078 14.189504 -1.6197155714035034 0.1318420171737671
Cyclist 0.0 0 0.7427696585655212 224.58204650878906 136.48721313476562 274.578369140625 207.23757934570312 1.0600772 1.8568841 0.6213737 -9.72395 0.90277493 19.378517 0.2776908874511719 0.12725003063678741
Cyclist 0.0 0 -2.3124918937683105 1016.070556640625 142.01499938964844 1242.0 375.0 1.3815534 1.7280035 0.76417464 3.6734107 1.5389519 5.1613374 -1.6939454078674316 0.113470658659935
Car 0.0 0 1.9542986154556274 7.746828079223633 197.28060913085938 340.171875 375.0 4.406429 1.458275 1.6815556 -4.6571975 1.8234049 8.485116 1.4523259401321411 0.8662945032119751
Car 0.0 0 -1.6071828603744507 395.9799499511719 175.8970947265625 431.6536560058594 207.4461212158203 3.8672414 1.5424225 1.653368 -10.346268 1.7109078 37.76901 -1.8745590448379517 0.6797104477882385
Car 0.0 0 -1.4556238651275635 390.9129638671875 168.22702026367188 424.48748779296875 194.08132934570312 3.8128963 1.5889034 1.6510085 -12.981525 1.3049053 46.352665 -1.7286882400512695 0.23100529611110687
Car 0.0 0 -0.7689393758773804 716.874267578125 170.23046875 882.927978515625 242.3954315185547 3.83614 1.5873145 1.649119 4.5902386 1.5299662 17.527485 -0.5128036737442017 0.11665163934230804
