Car 0.0 0 -1.8093554973602295 684.9669189453125 174.8893585205078 818.1223754882812 268.71600341796875 4.181079 1.6373119 1.6847652 2.6688733 1.6855091 14.8186655 -1.6311635971069336 0.8892470598220825
Car 0.0 0 -2.6218857765197754 182.56361389160156 184.81956481933594 396.7837829589844 263.88214111328125 3.6125684 1.440496 1.5568669 -6.356307 1.695583 14.396122 -3.037672996520996 0.8109779357910156
Car 0.0 0 0.6179800033569336 0.0 184.9706268310547 289.93292236328125 307.75152587890625 3.9402251 1.4666373 1.607884 -6.6430697 1.6423467 9.60962 0.01312112808227539 0.790455162525177
Car 0.0 0 -1.663163185119629 658.6651000976562 182.68646240234375 715.009765625 231.36172485351562 3.7907526 1.5624828 1.6446505 2.6326299 1.9408019 25.830347 -1.5615938901901245 0.6695671081542969
Car 0.0 0 0.5180069208145142 87.3706283569336 190.02166748046875 382.7207336425781 290.7607727050781 4.089104 1.5065197 1.6518471 -6.148897 1.8146987 12.0174265 0.04507088661193848 0.6352483034133911
Car 0.0 0 3.41882586479187 275.7415771484375 179.60494995117188 440.13409423828125 242.01747131347656 3.8198671 1.5604934 1.6360171 -6.637809 1.7488068 19.161758 3.0853536128997803 0.6116374731063843
Car 0.0 0 -2.8092408180236816 307.76446533203125 169.49569702148438 476.6959228515625 229.25746154785156 4.5003686 1.7034441 1.7594026 -6.45513 1.6080774 21.535383 -3.1004638671875 0.6023802757263184
Car 0.0 0 -1.740243911743164 672.157958984375 183.09616088867188 752.69140625 243.6684112548828 3.764714 1.5060999 1.6265233 2.7588928 1.824522 20.494047 -1.606429100036621 0.5360690355300903
Car 0.0 0 -2.899448871612549 397.61346435546875 175.81385803222656 497.188720703125 215.74118041992188 3.552361 1.5213369 1.5934129 -6.401187 1.6418185 28.446825 -3.1207849979400635 0.5320947170257568
Car 0.0 0 3.4404702186584473 227.7201690673828 184.57565307617188 411.7698059082031 252.39492797851562 3.6967857 1.4699795 1.5826663 -6.7283673 1.7600964 16.896978 3.0615170001983643 0.5179302096366882
Car 0.0 0 -1.7103320360183716 636.7155151367188 179.7328643798828 678.3335571289062 211.71873474121094 4.0167494 1.5555226 1.6353289 2.4131134 1.9382472 38.039654 -1.6469801664352417 0.5064863562583923
Car 0.0 0 -1.2554378509521484 399.8177490234375 170.9781036376953 479.31890869140625 220.09310913085938 3.5827138 1.562901 1.6264966 -5.8114834 1.5035655 24.811604 -1.4855146408081055 0.4438198208808899
