Pedestrian 0.0 0 -1.6494585275650024 1199.2774658203125 150.9767608642578 1242.0 252.28912353515625 0.8250815 1.7121812 0.6213064 10.761429 1.3428131 12.707563 -0.9467947483062744 0.23099036514759064
Pedestrian 0.0 0 1.4798232316970825 481.2463684082031 151.79710388183594 495.8651428222656 190.4871063232422 0.9051466 1.9492649 0.6558583 -6.247232 0.888742 36.870926 1.3119820356369019 0.17217160761356354
Pedestrian 0.0 0 2.0917880535125732 215.5834503173828 180.2145538330078 235.82891845703125 209.70669555664062 1.435399 1.8803345 0.5221698 -25.101892 2.3684762 47.08807 1.602025032043457 0.14178244769573212
Cyclist 0.0 0 -0.15697357058525085 586.8106689453125 171.9433135986328 622.0376586914062 207.28627014160156 1.806751 1.8706523 0.6548708 -0.33924985 1.8228092 38.659214 -0.1657487452030182 0.31061720848083496
Cyclist 0.0 0 -0.8727777004241943 0.0 192.67059326171875 37.568058013916016 232.55625915527344 1.7082026 1.7229071 0.34406006 -26.977196 2.6496375 32.871296 -1.5600087642669678 0.23388579487800598
Cyclist 0.0 0 2.126110792160034 214.38577270507812 181.98104858398438 236.6514892578125 211.54586791992188 1.6143286 1.8736968 0.5080209 -25.09427 2.4797056 47.054928 1.6361814737319946 0.20630140602588654
Cyclist 0.0 0 -1.9750607013702393 945.7918701171875 172.40972900390625 990.5381469726562 229.95907592773438 1.9398985 1.7683794 0.5634692 11.417812 1.755086 23.152422 -1.5169012546539307 0.14742136001586914
Cyclist 0.0 0 -0.48012053966522217 188.61105346679688 179.48385620117188 225.45388793945312 213.6286163330078 1.7503719 1.7828728 0.38939375 -21.711296 2.1478097 38.836514 -0.9898803234100342 0.13677725195884705
Cyclist 0.0 0 -1.133097529411316 1188.416748046875 148.11351013183594 1242.0 250.0308837890625 1.2502942 1.7179506 0.5880525 10.817736 1.301275 12.686255 -0.4270305037498474 0.11269036680459976
Car 0.0 0 2.275020122528076 0.0 207.96900939941406 166.0595245361328 364.20452880859375 3.9136896 1.4177103 1.5808927 -7.8395567 1.9707878 9.390862 1.579412817955017 0.8039284944534302
Car 0.0 0 -1.7085366249084473 583.89306640625 177.80352783203125 621.7692260742188 206.99569702148438 3.7630525 1.52137 1.6023331 -0.4809119 1.8114455 40.25206 -1.7204835414886475 0.22988538444042206
Car 0.0 0 1.753165364265442 432.6687927246094 178.71156311035156 483.94061279296875 214.4268341064453 3.8853695 1.4817046 1.5836209 -6.811165 1.7621367 32.535793 1.5468018054962158 0.2189432680606842
Car 0.0 0 1.5981104373931885 38.09754180908203 189.39105224609375 91.34420776367188 230.6922607421875 3.9678895 1.5366089 1.695445 -23.118746 2.2875216 30.637487 0.9516780376434326 0.13049201667308807
Car 0.0 0 1.8093838691711426 360.43695068359375 183.72036743164062 443.3017578125 237.75265502929688 3.9933798 1.4932863 1.6083244 -6.5014434 1.8672829 22.780394 1.5313780307769775 0.12763871252536774
