Pedestrian 0.0 0 -2.5003371238708496 429.0226745605469 171.49879455566406 455.9950866699219 212.60494995117188 0.98959416 1.8232404 0.6548221 -7.339054 1.4254637 31.854853 -2.726776361465454 0.48998844623565674
Pedestrian 0.0 0 -1.1946219205856323 38.154579162597656 152.58216857910156 63.7922477722168 195.62522888183594 0.6680483 1.9557965 0.736101 -25.51741 0.6887221 32.54701 -1.8595409393310547 0.30329713225364685
Pedestrian 0.0 0 -1.5864468812942505 471.3997802734375 174.30499267578125 484.0959777832031 206.46278381347656 0.7617182 1.7308965 0.6674136 -6.9414277 1.3988541 38.490097 -1.7648721933364868 0.2409718781709671
Pedestrian 0.0 0 -1.9362772703170776 940.4783325195312 152.3108673095703 957.0509643554688 184.8498992919922 0.9127509 1.8934324 0.5888361 20.22498 0.25449404 41.618122 -1.4839199781417847 0.23636502027511597
Pedestrian 0.0 0 0.5787092447280884 970.9769897460938 131.91627502441406 1013.942138671875 200.98326110839844 0.84677535 1.8649117 0.61369133 10.704011 0.5546601 19.60455 1.0784733295440674 0.21419864892959595
Pedestrian 0.0 0 -0.08247792720794678 733.1807250976562 157.93614196777344 775.708251953125 197.63917541503906 1.8072098 1.7474699 0.66307795 6.6381545 0.7558246 31.556229 0.12485861778259277 0.10864917188882828
Pedestrian 0.0 0 -0.3556259274482727 584.9995727539062 166.0796356201172 616.6502075195312 196.731201171875 1.8327225 1.8238136 0.5496786 -0.25540456 0.96714747 42.64677 -0.3616147041320801 0.1078372523188591
Cyclist 0.0 0 -1.05344820022583 335.5608825683594 174.9031219482422 374.1857604980469 222.81881713867188 1.8405467 1.829242 0.611488 -9.889306 1.6170813 27.94728 -1.3935538530349731 0.755937397480011
Cyclist 0.0 0 -0.09788689017295837 733.7705078125 158.12753295898438 777.0557250976562 197.73385620117188 1.8306146 1.7434567 0.6811829 6.6817565 0.7600971 31.558767 0.11075615882873535 0.742130696773529
Cyclist 0.0 0 2.9598278999328613 671.71484375 162.042236328125 710.9541625976562 198.24769592285156 1.8732873 1.7977029 0.6125883 4.3097525 0.8826553 35.464672 3.0807573795318604 0.6518359184265137
Cyclist 0.0 0 -0.350154846906662 584.8407592773438 166.61074829101562 616.5196533203125 196.89813232421875 1.8323488 1.8013955 0.55100393 -0.26415643 0.9766749 42.625828 -0.3563518524169922 0.6073453426361084
Cyclist 0.0 0 -2.354900360107422 870.588134765625 155.17539978027344 899.3021850585938 186.0094757080078 1.7691865 1.7791525 0.45629874 16.489498 0.31928062 41.69495 -1.9782971143722534 0.32122737169265747
Cyclist 0.0 0 -1.9462553262710571 940.051513671875 152.0869140625 957.4722290039062 184.71591186523438 1.041858 1.8953214 0.57891387 20.218363 0.24626598 41.607025 -1.4939218759536743 0.1353691816329956
Cyclist 0.0 0 -2.496560573577881 428.05865478515625 171.47975158691406 455.4920959472656 212.62948608398438 1.024007 1.8269317 0.64476293 -7.3800178 1.427925 31.88835 -2.723989486694336 0.11446670442819595
Car 0.0 0 -1.4261910915374756 482.763427734375 175.03724670410156 537.7853393554688 215.44659423828125 3.6770115 1.4509093 1.5864943 -3.602781 1.2562895 27.230536 -1.5577337741851807 0.8953791260719299
Car 0.0 0 -3.5362212657928467 874.7899169921875 158.78298950195312 952.5462036132812 184.12049865722656 4.0466995 1.5223403 1.6379223 18.866222 0.2188913 43.32762 -3.1255481243133545 0.38628697395324707
Car 0.0 0 -0.5241347551345825 947.6219482421875 147.78805541992188 1032.9638671875 173.96951293945312 4.378949 1.5697227 1.685669 23.784376 -0.41096118 43.735287 -0.02604420855641365 0.31635382771492004
