Pedestrian 0.0 0 1.5543220043182373 957.2660522460938 158.06356811523438 986.47705078125 224.5552520751953 0.94495153 1.8197471 0.71741253 10.135913 1.4153202 20.325335 2.016916036605835 0.6517062783241272
Pedestrian 0.0 0 2.12399959564209 543.064697265625 179.52964782714844 571.0966186523438 218.1460723876953 1.4748518 1.6368158 0.5314396 -2.349944 1.9369924 31.626226 2.049832344055176 0.18482021987438202
Pedestrian 0.0 0 0.5243433713912964 240.2926788330078 159.75173950195312 274.39093017578125 218.79812622070312 0.7781769 1.8290867 0.577571 -11.117949 1.4235747 22.663063 0.06826353073120117 0.1704796701669693
Pedestrian 0.0 0 -0.4372299909591675 1051.1348876953125 139.55230712890625 1099.6456298828125 216.3780517578125 0.81196207 1.8530835 0.6318769 11.400923 1.0501846 17.768255 0.13324975967407227 0.1259143054485321
Pedestrian 0.0 0 1.839930534362793 26.834003448486328 169.1657257080078 84.07186126708984 270.2039794921875 0.9562681 1.8004127 0.61328685 -10.340335 1.7350488 13.412988 1.1831748485565186 0.11924449354410172
Pedestrian 0.0 0 0.9875047206878662 227.70599365234375 161.6720733642578 262.3390197753906 224.16177368164062 0.7688528 1.831293 0.60033077 -10.96897 1.503959 21.593334 0.5174939632415771 0.10115674138069153
Cyclist 0.0 0 2.12399959564209 543.064697265625 179.52964782714844 571.0966186523438 218.1460723876953 1.4748518 1.6368158 0.5314396 -2.349944 1.9369924 31.626226 2.049832344055176 0.26935508847236633
Cyclist 0.0 0 1.5543220043182373 957.2660522460938 158.06356811523438 986.47705078125 224.5552520751953 0.94495153 1.8197471 0.71741253 10.135913 1.4153202 20.325335 2.016916036605835 0.1122426986694336
Cyclist 0.0 0 -1.3108479976654053 655.6845703125 170.01588439941406 677.2909545898438 210.37808227539062 1.3876264 1.6844085 0.5863368 2.3835692 1.5663252 30.860424 -1.2337639331817627 0.1084352508187294
Car 0.0 0 1.8761743307113647 330.5240783691406 186.0704345703125 531.1194458007812 329.57708740234375 3.5999088 1.481835 1.5404421 -2.2090755 1.692915 9.645515 1.6510310173034668 0.8815431594848633
Car 0.0 0 -1.5127403736114502 117.90594482421875 163.77696228027344 199.79249572753906 231.67933654785156 3.8606553 1.6176282 1.6258825 -11.980654 1.4017452 19.270489 -2.068970203399658 0.23586469888687134
Car 0.0 0 1.4521211385726929 922.1989135742188 168.32130432128906 958.6718139648438 194.87689208984375 3.7710888 1.5657018 1.6060032 20.332561 1.2988147 44.579216 1.8800358772277832 0.11962936073541641
