Pedestrian 0.0 0 0.20449315011501312 273.5365295410156 175.4539031982422 303.908935546875 232.16470336914062 0.72700256 1.6772131 0.6119293 -9.547244 1.5295402 21.282999 -0.21718384325504303 0.6738234758377075
Pedestrian 0.0 0 0.7405535578727722 245.04542541503906 173.67051696777344 289.6239318847656 236.72781372070312 0.8704842 1.7064724 0.7007205 -9.386727 1.5232323 19.59074 0.2937319278717041 0.6431812047958374
Pedestrian 0.0 0 0.029747486114501953 361.2214660644531 159.24847412109375 385.2062683105469 220.01852416992188 0.65696573 1.7624208 0.6329168 -6.878789 1.1476637 20.89727 -0.28825289011001587 0.47267475724220276
Pedestrian 0.0 0 -1.2171610593795776 396.9728698730469 156.37168884277344 434.4106750488281 226.1753387451172 0.77922195 1.7650595 0.7117273 -4.9266357 1.1565425 18.293716 -1.4802273511886597 0.4572722315788269
Pedestrian 0.0 0 -0.04413478821516037 550.6956176757812 160.0210723876953 588.5105590820312 223.2079620361328 1.0816746 1.823404 0.59024066 -1.0787386 1.2340062 20.74422 -0.09608987718820572 0.4331282675266266
Pedestrian 0.0 0 -2.1297836303710938 1108.286865234375 146.51080322265625 1149.7696533203125 192.22010803222656 1.7142164 1.7464594 0.47454023 20.6192 0.4493091 27.882885 -1.4930408000946045 0.14157775044441223
Pedestrian 0.0 0 -1.1976220607757568 200.3203887939453 181.05055236816406 242.27410888671875 237.4174346923828 1.6106937 1.7326796 0.6369853 -12.264888 1.7524627 22.58405 -1.6951349973678589 0.13798174262046814
Cyclist 0.0 0 -0.3498205542564392 1017.7417602539062 133.58993530273438 1113.3453369140625 210.8185272216797 1.7823611 1.770787 0.63936764 10.818916 0.6967869 16.717175 0.2245652675628662 0.7785238027572632
Cyclist 0.0 0 2.641080141067505 940.1043701171875 143.35560607910156 1008.3193359375 200.9888916015625 1.8048931 1.7634752 0.6134235 11.421342 0.6284812 21.9549 3.1207711696624756 0.7457576394081116
Cyclist 0.0 0 -0.8087396621704102 762.21728515625 157.5639190673828 802.9122924804688 195.54129028320312 1.8756682 1.6695793 0.67016184 7.9902544 0.66272193 31.862597 -0.5630342960357666 0.49403271079063416
Cyclist 0.0 0 -0.42276498675346375 278.3354187011719 164.6615753173828 361.3082580566406 236.0072784423828 1.8766425 1.738597 0.64050615 -7.322183 1.3542353 18.123903 -0.8067208528518677 0.46558189392089844
Cyclist 0.0 0 -1.1976220607757568 200.3203887939453 181.05055236816406 242.27410888671875 237.4174346923828 1.6106937 1.7326796 0.6369853 -12.264888 1.7524627 22.58405 -1.6951349973678589 0.3791794776916504
Cyclist 0.0 0 -2.1297836303710938 1108.286865234375 146.51080322265625 1149.7696533203125 192.22010803222656 1.7142164 1.7464594 0.47454023 20.6192 0.4493091 27.882885 -1.4930408000946045 0.35559457540512085
Cyclist 0.0 0 -1.2741005420684814 851.1751708984375 154.49069213867188 878.3096313476562 198.96568298339844 1.8804203 1.7620093 0.51642466 10.611537 0.73307085 28.912193 -0.9223387241363525 0.3467693328857422
Cyclist 0.0 0 -1.0242565870285034 334.6495361328125 175.62173461914062 352.5039978027344 200.89202880859375 1.6207249 1.6980561 0.35609517 -17.861254 1.3715736 48.33517 -1.3782222270965576 0.30461370944976807
Cyclist 0.0 0 -0.01772872358560562 549.7033081054688 160.0324249267578 592.02685546875 223.36514282226562 1.2232927 1.8284343 0.5796228 -1.0397768 1.2390985 20.738344 -0.06782466173171997 0.27604490518569946
Car 0.0 0 -1.3192646503448486 359.95452880859375 180.81741333007812 495.0773010253906 266.3358154296875 3.8858917 1.4228414 1.6012156 -3.3053975 1.4314976 13.727927 -1.5555461645126343 0.8983994126319885
Car 0.0 0 1.75474214553833 472.8982849121094 169.7622528076172 501.8892517089844 190.62661743164062 3.6305377 1.5399733 1.5487893 -8.938213 0.74870646 54.011818 1.5907422304153442 0.5166986584663391
Car 0.0 0 -0.4514928460121155 1008.2067260742188 152.61915588378906 1132.0841064453125 192.48696899414062 3.9690638 1.593817 1.6531502 19.184677 0.48070532 29.333687 0.1276998519897461 0.36813822388648987
