Pedestrian 0.0 0 -3.405815839767456 925.5870971679688 128.617919921875 1088.90673828125 374.0 0.742474 1.6717111 0.60585827 2.4210267 1.3730844 4.4537954 -2.907909393310547 0.5909282565116882
Pedestrian 0.0 0 -3.0102055072784424 533.3206787109375 160.0635986328125 575.3778076171875 243.70468139648438 0.80280656 1.7021291 0.60327387 -1.009572 1.2671311 14.9424515 -3.077666997909546 0.5325271487236023
Pedestrian 0.0 0 -3.1779167652130127 701.7188110351562 165.95985412597656 728.0145874023438 219.22076416015625 0.8507277 1.7673309 0.63867646 3.7907412 1.2527547 24.201143 -3.0225443840026855 0.47255727648735046
Pedestrian 0.0 0 -3.2435951232910156 835.98779296875 145.9008331298828 943.1646728515625 330.83270263671875 0.9202507 1.7249053 0.6490709 2.7803514 1.3942387 7.132864 -2.871917486190796 0.45166832208633423
Pedestrian 0.0 0 1.496337890625 506.3420104980469 158.59893798828125 562.4225463867188 299.6075134277344 0.9872455 1.7983286 0.6756912 -0.96831656 1.5075976 9.703184 1.3968734741210938 0.4514053761959076
Pedestrian 0.0 0 -2.601809501647949 515.6118774414062 161.7554168701172 567.6361694335938 251.45013427734375 0.8443751 1.728814 0.5997164 -1.2265774 1.3495029 14.297567 -2.6873891353607178 0.43071743845939636
Pedestrian 0.0 0 -1.477876901626587 567.7222900390625 176.5074005126953 584.5013427734375 218.1904754638672 0.925857 1.6507003 0.5935692 -1.0321703 1.4539937 28.923477 -1.5135480165481567 0.3780753016471863
Pedestrian 0.0 0 1.4030206203460693 907.0377807617188 170.2079620361328 963.7333984375 293.56536865234375 0.9389572 1.6546305 0.5728782 4.658899 1.5044926 10.160303 1.8329532146453857 0.3521619439125061
Pedestrian 0.0 0 -1.7789554595947266 749.6224975585938 162.92108154296875 769.9827880859375 209.98118591308594 0.7181076 1.7842201 0.6274747 6.059296 1.0808526 27.593645 -1.5627959966659546 0.3178422749042511
Pedestrian 0.0 0 1.6727182865142822 692.9373779296875 163.16159057617188 711.1211547851562 210.5233917236328 0.79347336 1.8321841 0.63198864 3.9412632 1.1237829 28.246666 1.8113534450531006 0.24288345873355865
Cyclist 0.0 0 1.4030817747116089 906.1893920898438 172.64883422851562 970.3355712890625 301.02947998046875 1.5092406 1.660669 0.5608777 4.6520724 1.5475061 10.0910845 1.835052251815796 0.2652130424976349
Cyclist 0.0 0 1.5419896841049194 0.0 142.14755249023438 57.24140167236328 329.800048828125 1.778708 1.7534796 0.5193774 -6.1708527 1.3871344 7.551941 0.8568956851959229 0.2618056535720825
Cyclist 0.0 0 -1.4972552061080933 567.7879638671875 176.398193359375 584.0996704101562 218.17276000976562 0.9348077 1.6527869 0.5904343 -1.0380267 1.4519436 28.89608 -1.5331624746322632 0.18736407160758972
Cyclist 0.0 0 1.541589379310608 506.6933898925781 159.11618041992188 561.974609375 301.8221435546875 1.036733 1.8131559 0.70337516 -0.96805435 1.5300918 9.683475 1.4419506788253784 0.15965022146701813
Cyclist 0.0 0 -3.2449488639831543 831.866943359375 145.03504943847656 947.6578979492188 332.19830322265625 0.99906087 1.7423801 0.6400321 2.7762158 1.4042888 7.125596 -2.873429775238037 0.11569103598594666
Cyclist 0.0 0 -1.7828155755996704 701.7686157226562 165.57608032226562 727.6110229492188 219.27777099609375 0.9737745 1.7720324 0.6679179 3.7838666 1.2476667 24.205908 -1.6277505159378052 0.10792031139135361
Car 0.0 0 -1.4854466915130615 493.70989990234375 154.8988800048828 571.3958129882812 225.9956512451172 4.0781803 1.6301826 1.6411752 -1.6976901 1.0214537 18.512194 -1.5768975019454956 0.3732587993144989
Car 0.0 0 1.9301413297653198 319.0336608886719 142.28036499023438 529.1726684570312 283.4073486328125 4.1170707 1.693931 1.656154 -2.4225118 1.2245251 10.772432 1.7089405059814453 0.2752549648284912
