Car 0.0 0 1.9847784042358398 151.53082275390625 191.53482055664062 382.4687194824219 322.979248046875 3.8153377 1.4659086 1.5823811 -4.7415423 1.7878835 10.504042 1.560759425163269 0.8952866196632385
Car 0.0 0 -1.909369707107544 763.1519775390625 183.82266235351562 974.7055053710938 308.9139099121094 4.122649 1.4398549 1.5876793 3.504722 1.6352274 10.746387 -1.5941158533096313 0.8873153924942017
Car 0.0 0 -2.161112070083618 894.7000732421875 192.0316619873047 1242.0 375.0 3.7285066 1.4003721 1.5545608 3.6205451 1.5955805 5.4603105 -1.5756065845489502 0.8387462496757507
Car 0.0 0 1.8763936758041382 319.8532409667969 188.70318603515625 453.9808044433594 267.6011047363281 4.1596622 1.4186493 1.6225529 -4.77528 1.8142971 15.902023 1.5846673250198364 0.8335618376731873
Car 0.0 0 1.7742729187011719 485.6415710449219 180.42185974121094 534.5127563476562 217.58177185058594 3.2898016 1.5101602 1.4937401 -4.3769064 1.8607622 31.699593 1.6370658874511719 0.8231262564659119
Car 0.0 0 -1.8000704050064087 727.4495849609375 181.0447540283203 843.0722045898438 259.32342529296875 3.7593355 1.4712684 1.6125139 3.6462986 1.6727741 15.8346405 -1.5737422704696655 0.7714188694953918
Car 0.0 0 2.3585197925567627 0.0 203.81922912597656 196.65109252929688 375.0 3.7390182 1.4480336 1.570815 -4.874395 1.748709 5.106157 1.5963387489318848 0.7300565242767334
Car 0.0 0 -1.7234079837799072 693.213134765625 176.1898651123047 753.2485961914062 220.97683715820312 3.9699347 1.529161 1.6086451 4.098223 1.6631485 26.914751 -1.5723018646240234 0.6861547827720642
Car 0.0 0 1.7359198331832886 505.7649230957031 178.48184204101562 551.54541015625 211.374755859375 4.1053615 1.5317273 1.6429533 -4.0787845 1.8324066 36.407326 1.624353051185608 0.6739294528961182
Car 0.0 0 -1.711155891418457 709.0931396484375 179.7292022705078 781.8887329101562 236.4176483154297 3.7382736 1.4984435 1.5932354 3.8819041 1.7211052 21.42884 -1.5319461822509766 0.6474273204803467
