Pedestrian 0.0 0 0.46842679381370544 665.1002807617188 169.31320190429688 686.6346435546875 205.37118530273438 0.907245 1.8700229 0.7065442 3.4295013 1.6867499 37.95731 0.5585336685180664 0.5578952431678772
Pedestrian 0.0 0 1.3896733522415161 722.445068359375 171.83575439453125 736.7968139648438 204.56640625 1.3055491 1.7895342 0.5590181 6.607458 1.7342198 40.104668 1.552961826324463 0.2448662370443344
Cyclist 0.0 0 1.3322111368179321 721.4839477539062 172.75856018066406 737.826171875 205.57325744628906 1.6346126 1.7863567 0.522267 6.607799 1.7815194 40.110752 1.4954835176467896 0.31020039319992065
Cyclist 0.0 0 -2.3031561374664307 1110.1456298828125 143.93453979492188 1220.8861083984375 249.94613647460938 1.8117139 1.701902 0.40599942 9.5058975 1.2379891 12.500232 -1.6529957056045532 0.29647499322891235
Cyclist 0.0 0 -2.6951565742492676 665.0087890625 170.37461853027344 685.4450073242188 205.69329833984375 0.8759993 1.8339146 0.6512104 3.3965526 1.7055308 37.966484 -2.6059322357177734 0.1131347194314003
Car 0.0 0 -1.8705456256866455 755.3779907226562 183.60804748535156 938.0877685546875 302.144287109375 3.5437255 1.4482226 1.5815792 3.3039184 1.6377238 10.911361 -1.5765254497528076 0.8856171369552612
Car 0.0 0 2.0812206268310547 67.42249298095703 190.47694396972656 315.5989990234375 327.28155517578125 3.2959862 1.4819686 1.4869133 -5.5073676 1.7641952 9.888159 1.573045015335083 0.8838446140289307
Car 0.0 0 1.9194879531860352 250.03306579589844 185.32383728027344 400.3811950683594 274.6569519042969 3.799438 1.4870502 1.5745069 -5.558622 1.770369 14.456245 1.5524028539657593 0.8753974437713623
Car 0.0 0 -2.1501729488372803 838.6983032226562 189.06253051757812 1242.0 375.0 3.9821463 1.4306986 1.5966388 3.1482627 1.5966579 5.342839 -1.6176960468292236 0.8085564374923706
Car 0.0 0 0.8746411800384521 471.64605712890625 179.54806518554688 532.642578125 205.9890899658203 3.8265018 1.5127974 1.6024364 -6.6527395 1.9395926 44.0937 0.72489333152771 0.5520346164703369
Car 0.0 0 1.7700200080871582 261.0298767089844 179.4575653076172 317.04156494140625 215.88063049316406 3.7849808 1.4769871 1.5506305 -14.199119 1.7887062 32.00258 1.3524285554885864 0.2753135561943054
