Pedestrian 0.0 0 1.3520399332046509 911.1557006835938 158.01812744140625 940.2177734375 217.5814666748047 0.79127616 1.8563702 0.6895461 9.982482 1.3943486 22.939014 1.762497067451477 0.48814114928245544
Car 0.0 0 -1.981013298034668 790.6064453125 181.8624267578125 1142.0556640625 375.0 3.895541 1.4850708 1.6223849 3.1035542 1.6016524 7.3499813 -1.58147132396698 0.9120991826057434
Car 0.0 0 -1.7553629875183105 685.8524169921875 183.87686157226562 762.2448120117188 240.4394989013672 3.4148016 1.4481908 1.5621829 3.1647086 1.7940414 20.879553 -1.6049381494522095 0.8711068034172058
Car 0.0 0 3.622849941253662 7.851972579956055 182.96372985839844 335.5080871582031 293.5616455078125 4.0398545 1.5465903 1.6709296 -6.6462 1.7171812 11.203289 3.087418556213379 0.7706959247589111
Car 0.0 0 3.3702101707458496 324.1898193359375 177.4228973388672 480.9312438964844 234.35215759277344 4.0378165 1.5436331 1.6587371 -5.8805957 1.6805612 20.63773 3.092622756958008 0.7669021487236023
Car 0.0 0 -2.7159271240234375 225.0042266845703 179.9745330810547 423.40679931640625 250.20022583007812 3.7477198 1.4427254 1.5678226 -6.245415 1.6084598 15.876934 -3.0906999111175537 0.7382739186286926
Car 0.0 0 3.93232798576355 0.0 177.3428497314453 113.6697769165039 375.0 3.934125 1.4212849 1.5765605 -6.442281 1.4621172 5.5875983 3.076002359390259 0.5761451721191406
Car 0.0 0 0.3804183602333069 295.4525451660156 187.06317138671875 465.6170959472656 247.781982421875 3.8326452 1.4368851 1.5773053 -5.8358903 1.8185931 18.43425 0.073822021484375 0.561017632484436
Car 0.0 0 0.500949501991272 166.59375 190.08151245117188 409.79864501953125 275.3459777832031 3.9023395 1.4480573 1.596733 -6.0120797 1.796131 13.599991 0.08471393585205078 0.5522704124450684
Car 0.0 0 -0.25719937682151794 735.2786865234375 185.1296844482422 847.6052856445312 225.971923828125 3.9719226 1.5216594 1.6568431 7.000084 2.017287 28.251366 -0.014312522485852242 0.4799749255180359
Car 0.0 0 -1.648488998413086 435.54803466796875 177.0653839111328 487.6510009765625 220.98681640625 3.559621 1.4730122 1.5889785 -5.5476356 1.6393139 26.49727 -1.8548741340637207 0.42646029591560364
