Pedestrian 0.0 0 1.6806617975234985 629.58056640625 173.0987091064453 642.20263671875 204.70046997070312 1.8094021 1.8095297 0.5459048 1.4900707 1.8245391 42.261955 1.7159051895141602 0.16152887046337128
Pedestrian 0.0 0 -1.243959903717041 95.04462432861328 153.59324645996094 171.54029846191406 267.53912353515625 1.754708 1.729452 0.5149255 -7.8433986 1.4374732 11.862624 -1.8281584978103638 0.13719338178634644
Cyclist 0.0 0 1.6858638525009155 629.5994873046875 172.677490234375 642.269775390625 204.20066833496094 1.8043984 1.8051145 0.5399555 1.4920456 1.7953653 42.247215 1.7211662530899048 0.6727186441421509
Cyclist 0.0 0 1.8833627700805664 91.54965209960938 151.48789978027344 167.893798828125 266.5660705566406 1.767475 1.7298082 0.5195471 -7.8363767 1.4089994 11.764188 1.2957377433776855 0.4552999436855316
Car 0.0 0 -1.2475816011428833 292.5844421386719 186.92837524414062 510.3005065917969 330.28240966796875 3.6953554 1.427224 1.5866879 -2.5147474 1.6488485 9.446731 -1.5077509880065918 0.9293438792228699
Car 0.0 0 -2.7954893112182617 361.3153991699219 174.39938354492188 497.6452941894531 222.77769470214844 3.9288092 1.4811182 1.6205801 -5.7824955 1.5332309 23.156544 -3.0401980876922607 0.7766565680503845
Car 0.0 0 1.6717944145202637 540.2535400390625 173.48486328125 590.2359619140625 216.7158203125 3.882152 1.615952 1.6211901 -1.7748854 1.6433892 28.997356 1.6106621026992798 0.7523247003555298
Car 0.0 0 -1.6218771934509277 719.784423828125 184.6060028076172 797.3895263671875 256.81201171875 3.1643178 1.4700706 1.5963566 3.3439417 1.7733395 16.914694 -1.4266993999481201 0.7339863181114197
Car 0.0 0 -1.6448485851287842 699.942138671875 183.83016967773438 762.6828002929688 239.12698364257812 3.5344894 1.4590505 1.5729464 3.504298 1.8157084 21.590425 -1.4839438199996948 0.5917991995811462
Car 0.0 0 2.5516693592071533 0.0 57.5108642578125 246.60630798339844 375.0 3.9153075 1.4284468 1.5795629 -3.0482662 1.3852756 2.263382 1.6195662021636963 0.5569087266921997
Car 0.0 0 1.640686273574829 669.0586547851562 177.9762725830078 694.6158447265625 199.38099670410156 4.0714364 1.5026292 1.6184214 5.3646507 1.900282 53.818382 1.7400387525558472 0.4664267301559448
