Pedestrian 0.0 0 0.9007570743560791 1173.339111328125 103.2911148071289 1242.0 230.82862854003906 0.90982836 1.8730123 0.6429937 9.253103 0.85177165 11.057093 1.5975658893585205 0.297172874212265
Pedestrian 0.0 0 1.4844697713851929 963.4593505859375 114.49579620361328 1006.5816650390625 216.7313690185547 0.74149305 1.9099112 0.67540723 7.185428 0.8200517 13.947833 1.9601752758026123 0.2507171928882599
Pedestrian 0.0 0 2.476130247116089 1103.0699462890625 116.75676727294922 1205.7601318359375 271.0534362792969 0.8120999 1.8456931 0.6112754 6.6748457 1.1750172 8.943692 3.1172711849212646 0.2375110238790512
Pedestrian 0.0 0 -1.5707311630249023 918.7696533203125 147.9781951904297 942.2586059570312 205.2418212890625 0.7170997 1.8798059 0.7087869 10.682689 1.0635602 24.154598 -1.154329776763916 0.23246929049491882
Pedestrian 0.0 0 0.8914487957954407 967.0440063476562 43.97246170043945 1126.7232666015625 306.2623291015625 0.91681904 1.8884512 0.6398838 3.3472397 0.9608797 5.6927567 1.4229848384857178 0.20601335167884827
Pedestrian 0.0 0 -3.2326221466064453 735.7653198242188 149.89898681640625 762.1197509765625 210.58595275878906 0.74831885 1.8508636 0.59911406 4.24962 1.1511273 22.337467 -3.0446224212646484 0.18893522024154663
Pedestrian 0.0 0 -1.4784538745880127 907.00146484375 166.00949096679688 939.927734375 239.96435546875 0.7053956 1.8144914 0.7003379 7.852787 1.6469185 18.177689 -1.0706679821014404 0.11585894227027893
Cyclist 0.0 0 0.9333620667457581 1177.6727294921875 99.80502319335938 1242.0 229.30392456054688 1.1061335 1.8731257 0.6432505 9.344406 0.81687284 11.007074 1.637243628501892 0.12192472070455551
Car 0.0 0 1.7399154901504517 559.95263671875 182.5991668701172 603.2542114257812 214.51368713378906 3.9422665 1.5335516 1.6384834 -1.476341 2.0748498 37.987907 1.7010716199874878 0.7995144724845886
Car 0.0 0 1.638237714767456 592.0779418945312 176.24546813964844 611.9880981445312 193.49807739257812 3.8394296 1.5770003 1.6421105 -0.750521 1.9094415 68.685265 1.6273112297058105 0.17952114343643188
Car 0.0 0 -2.4785571098327637 1065.194091796875 124.73637390136719 1242.0 250.86497497558594 4.1034193 1.5724118 1.6291811 9.378182 0.9728999 11.168654 -1.7800803184509277 0.11107748001813889
