Pedestrian 0.0 0 0.8216559886932373 232.03067016601562 141.22225952148438 347.5791931152344 317.0012512207031 0.88355774 1.7450377 0.7102105 -3.389256 1.3568044 7.5127506 0.3978595733642578 0.7204216718673706
Pedestrian 0.0 0 -1.5474469661712646 839.4698486328125 173.53729248046875 867.2128295898438 243.79542541503906 0.78755856 1.7260484 0.6444911 6.238092 1.5565914 17.847265 -1.2111940383911133 0.2399228811264038
Pedestrian 0.0 0 -3.5979175567626953 1130.732666015625 140.21913146972656 1205.769287109375 252.8816375732422 0.7472136 1.7663466 0.6357837 9.074973 1.1364713 11.46998 -2.9285695552825928 0.18377037346363068
Pedestrian 0.0 0 -0.794653058052063 982.3389892578125 192.43539428710938 1123.4779052734375 370.0 0.66982144 1.6263874 0.59001976 3.269473 1.7233751 5.2733145 -0.23965486884117126 0.15039576590061188
Pedestrian 0.0 0 0.09504106640815735 210.49899291992188 151.2267303466797 257.3833312988281 243.98191833496094 0.76609564 1.7736868 0.6153609 -7.3493176 1.2155502 13.945583 -0.3899722397327423 0.14536818861961365
Pedestrian 0.0 0 -0.3313828110694885 639.5455932617188 173.29383850097656 700.5304565429688 271.9895324707031 0.9525364 1.7550553 0.66023076 1.14415 1.6285546 13.003367 -0.2436200976371765 0.13084763288497925
Pedestrian 0.0 0 -1.882927656173706 836.7006225585938 151.09275817871094 888.743896484375 254.08062744140625 0.94888216 1.789355 0.6173526 4.592655 1.2800665 12.764037 -1.5375384092330933 0.12566626071929932
Pedestrian 0.0 0 -2.0865652561187744 1112.8411865234375 188.13272094726562 1224.0 370.0 0.6744111 1.6712899 0.66916 4.319836 1.7346028 5.3137484 -1.403975009918213 0.12061262130737305
Pedestrian 0.0 0 -1.3171682357788086 486.3470764160156 161.3880157470703 532.9044799804688 261.9848327636719 0.9961135 1.802277 0.6346037 -1.8086956 1.4615115 13.194196 -1.453401803970337 0.12004730850458145
Cyclist 0.0 0 0.8736681938171387 0.0 169.88037109375 80.91529083251953 256.12646484375 1.8024721 1.6769217 0.6613317 -11.66045 1.4720714 14.235261 0.18737435340881348 0.13523989915847778
Cyclist 0.0 0 -2.2515711784362793 1145.8790283203125 159.4769287109375 1224.0 262.654052734375 1.5211657 1.6593716 0.5413765 10.08491 1.3229169 12.130301 -1.5579859018325806 0.12915778160095215
Car 0.0 0 1.9611179828643799 52.698612213134766 185.07005310058594 148.29708862304688 227.98651123046875 3.884024 1.4556657 1.5502182 -18.786463 1.641723 26.483145 1.344128131866455 0.19135187566280365
Car 0.0 0 -1.4378057718276978 779.0814819335938 192.47268676757812 878.3099365234375 273.57452392578125 3.7558606 1.4825608 1.5903181 4.97899 1.782205 15.55882 -1.1280930042266846 0.15298351645469666
Car 0.0 0 3.682589054107666 0.0 191.48190307617188 136.6068115234375 242.163818359375 3.5436823 1.4907476 1.5819194 -17.06997 1.8526447 22.207836 3.0272607803344727 0.1217946708202362
Car 0.0 0 1.4559900760650635 1199.4500732421875 191.64479064941406 1224.0 370.0 3.7600582 1.4735723 1.5683072 5.9198084 1.5978891 5.819455 2.249936580657959 0.11646716296672821
