Pedestrian 0.0 0 2.047301769256592 791.2870483398438 144.85284423828125 830.4939575195312 225.2049560546875 0.8041808 1.8646249 0.60204417 4.7540665 1.2151972 17.240652 2.3163628578186035 0.20794419944286346
Pedestrian 0.0 0 2.684553623199463 788.7732543945312 147.68896484375 815.5808715820312 195.03077697753906 0.8659361 1.8576771 0.57132787 7.5923176 0.8705673 28.675493 2.9433813095092773 0.19004468619823456
Pedestrian 0.0 0 -2.7376370429992676 760.50244140625 163.7599639892578 791.8394165039062 223.08456420898438 0.75439095 1.7909007 0.63355005 5.0809727 1.5167267 22.257143 -2.513198137283325 0.18958476185798645
Pedestrian 0.0 0 -3.4679248332977295 944.4823608398438 156.90914916992188 1025.588623046875 277.0402526855469 0.9815993 1.8337909 0.641749 5.852656 1.5907519 11.401174 -2.993663787841797 0.17954057455062866
Pedestrian 0.0 0 2.217024087905884 54.832401275634766 174.2517852783203 136.90481567382812 284.8330383300781 0.97412044 1.7449036 0.6465693 -8.499797 1.7692604 11.890367 1.596402883529663 0.15641438961029053
Pedestrian 0.0 0 -0.6364213228225708 825.962890625 178.82852172851562 858.391845703125 238.18394470214844 0.6179976 1.7394336 0.72284883 6.922671 1.9229261 21.672659 -0.3272450566291809 0.12993331253528595
Cyclist 0.0 0 -2.1021082401275635 1106.838134765625 68.16594696044922 1242.0 346.38726806640625 1.7284042 1.7087467 0.4534998 4.3136687 1.066144 5.317117 -1.4205272197723389 0.2560647130012512
Cyclist 0.0 0 -0.9513108730316162 39.32901382446289 129.58950805664062 127.7553482055664 229.02833557128906 1.6357754 1.7329465 0.46345308 -9.774702 0.97932255 13.392074 -1.5818150043487549 0.21651217341423035
Cyclist 0.0 0 -2.072293758392334 758.510986328125 163.4003143310547 793.0125122070312 224.0550537109375 1.0152433 1.8227246 0.6241354 5.057215 1.5389916 22.253832 -1.8488374948501587 0.11185937374830246
Car 0.0 0 1.8884410858154297 369.9524841308594 185.3518524169922 523.3338012695312 285.380126953125 4.118824 1.583471 1.6864576 -3.033657 1.8649457 14.090132 1.6763746738433838 0.8961338996887207
Car 0.0 0 -1.6950137615203857 685.4158325195312 180.3355712890625 792.4061279296875 265.1094665527344 3.6862578 1.4398497 1.6203549 2.3934424 1.6095703 14.456979 -1.5309457778930664 0.8207399249076843
Car 0.0 0 1.9395010471343994 618.3950805664062 174.2049560546875 654.3135986328125 194.61105346679688 3.8555515 1.5814471 1.6200279 2.1408057 1.6948495 58.28334 1.9762156009674072 0.17087729275226593
