Pedestrian 0.0 0 -0.0007302165031433105 932.1621704101562 98.24361419677734 1040.023193359375 304.79931640625 0.8454421 1.7811154 0.52297324 3.4782808 1.0645857 6.619459 0.4830796718597412 0.2829335033893585
Pedestrian 0.0 0 -2.181612491607666 127.35521697998047 165.42422485351562 153.0286865234375 205.62265014648438 0.74080396 1.8555508 0.7165174 -21.601316 1.1144229 33.62754 -2.7526049613952637 0.25094109773635864
Pedestrian 0.0 0 0.03800863027572632 831.6173095703125 99.507568359375 918.1887817382812 281.0267028808594 0.7955227 1.74605 0.5274084 2.7318916 0.958729 7.303826 0.3959336280822754 0.2268659770488739
Cyclist 0.0 0 -1.989600658416748 1014.1907348632812 119.47772216796875 1116.9400634765625 256.5100402832031 1.8832041 1.8027562 0.5167725 6.6183324 0.9881387 10.4169 -1.4235963821411133 0.3063209056854248
Car 0.0 0 -0.4211500287055969 352.505615234375 172.5541534423828 486.0361633300781 222.6607208251953 4.1117105 1.5814584 1.667631 -6.2048297 1.3002151 24.597704 -0.6682474613189697 0.5940013527870178
Car 0.0 0 -1.5481065511703491 543.498779296875 170.77615356445312 571.82568359375 198.09959411621094 3.484129 1.528784 1.5752224 -2.5207858 0.9295769 41.959465 -1.6081111431121826 0.5634785890579224
Car 0.0 0 -0.21291124820709229 1.6545313596725464 165.2225799560547 126.64241027832031 207.6350555419922 4.2073536 1.7675765 1.7120377 -23.922642 1.0901822 32.08272 -0.8536257743835449 0.43370842933654785
Car 0.0 0 2.168151378631592 326.21490478515625 180.48927307128906 393.057861328125 208.8519744873047 3.678549 1.419713 1.5450138 -12.701676 1.3699993 37.933857 1.8450475931167603 0.3767053186893463
Car 0.0 0 1.7415014505386353 579.5555419921875 166.97329711914062 604.6731567382812 185.35409545898438 3.9420407 1.6201817 1.6421925 -0.7813057 0.34013376 65.391335 1.7295538187026978 0.2889248728752136
Car 0.0 0 2.8094708919525146 142.15121459960938 183.14967346191406 224.2685546875 210.2292938232422 4.004863 1.5655453 1.680974 -25.466974 1.6716839 43.840775 2.2832162380218506 0.24009573459625244
