Pedestrian 0.0 0 2.589604377746582 1014.7391967773438 124.29889678955078 1085.6636962890625 229.61483764648438 0.9439065 1.863272 0.5546634 7.8942266 1.0045825 13.043831 3.1338443756103516 0.48189064860343933
Car 0.0 0 -1.8600040674209595 746.83251953125 184.0795440673828 917.2139892578125 299.258056640625 3.5999658 1.5136842 1.6041979 3.3188646 1.7233455 11.641462 -1.5822817087173462 0.9168768525123596
Car 0.0 0 -1.7522462606430054 714.5379638671875 178.4311981201172 817.0856323242188 255.61941528320312 3.7385013 1.5694444 1.6531595 3.4506135 1.7144653 16.82666 -1.5499821901321411 0.8706787824630737
Car 0.0 0 3.485480308532715 196.83468627929688 183.03924560546875 425.9790954589844 258.790771484375 4.1747427 1.4833217 1.6513056 -6.232611 1.7124305 15.287176 3.0983519554138184 0.8307589292526245
Car 0.0 0 0.6891552209854126 0.0 184.865478515625 342.5755310058594 329.8971862792969 4.348018 1.4696141 1.661754 -5.687721 1.6293842 8.527551 0.10093450546264648 0.821717381477356
Car 0.0 0 -1.7017686367034912 680.225341796875 180.54827880859375 727.7836303710938 219.07196044921875 3.3943694 1.4867179 1.5333741 3.8407216 1.827531 30.223076 -1.5753669738769531 0.7940338850021362
Car 0.0 0 -2.821621894836426 321.8349914550781 179.4210205078125 473.682373046875 236.00587463378906 3.9060082 1.5560298 1.6597214 -6.129033 1.7552232 20.945625 -3.1062910556793213 0.7441855669021606
Car 0.0 0 -2.8990840911865234 389.8442687988281 179.08291625976562 511.5780334472656 223.76925659179688 3.9172099 1.5079254 1.6304902 -5.599418 1.7355088 25.45249 -3.1156294345855713 0.5755435824394226
Car 0.0 0 0.28651607036590576 429.62371826171875 174.95135498046875 532.339111328125 214.04928588867188 3.9471612 1.5822339 1.6535612 -5.4248376 1.6738255 30.345858 0.10961771011352539 0.4084382653236389
Car 0.0 0 0.21175052225589752 416.2413330078125 181.6305694580078 532.0036010742188 222.98776245117188 4.1234426 1.519642 1.6482426 -5.2093787 1.8683797 27.760244 0.026251792907714844 0.38597971200942993
