Pedestrian 0.0 0 1.375445008277893 800.6893920898438 163.78030395507812 859.7863159179688 281.16778564453125 0.8782625 1.7137897 0.6969557 3.4280844 1.4564035 10.958744 1.6786189079284668 0.52005934715271
Pedestrian 0.0 0 1.4002562761306763 702.2848510742188 154.9755096435547 729.158935546875 220.72927856445312 0.731393 1.7524377 0.6034339 3.066687 1.0466841 19.51218 1.556148886680603 0.28361013531684875
Pedestrian 0.0 0 0.32113194465637207 445.7725830078125 131.5746612548828 477.94500732421875 199.3311767578125 0.7130984 1.8351732 0.6191956 -3.8739722 0.48411354 19.805935 0.1279740333557129 0.2452123910188675
Pedestrian 0.0 0 -0.6274638175964355 930.4172973632812 165.5317840576172 999.7818603515625 282.99365234375 0.67649955 1.7064831 0.65176404 5.4169793 1.4758093 10.809767 -0.1629214584827423 0.23431918025016785
Pedestrian 0.0 0 -1.4062585830688477 148.63519287109375 182.77227783203125 228.32725524902344 328.08233642578125 0.67089856 1.6429083 0.72655857 -4.950099 1.6602076 8.568474 -1.9301276206970215 0.2338535636663437
Pedestrian 0.0 0 0.3714742660522461 354.4681701660156 139.44175720214844 391.8578186035156 200.51663208007812 0.95052785 1.8435892 0.5685007 -7.0113297 0.57515204 21.994402 0.06288027763366699 0.22030332684516907
Pedestrian 0.0 0 2.426074266433716 721.947998046875 138.0316925048828 752.0392456054688 194.44039916992188 0.7959216 1.8652468 0.6035489 4.543821 0.42898175 24.21187 2.6115856170654297 0.2176576554775238
Pedestrian 0.0 0 -1.565470576286316 866.8571166992188 162.15512084960938 895.9742431640625 233.91427612304688 0.874814 1.7347041 0.66006875 6.938985 1.2682563 17.89034 -1.1954715251922607 0.217190682888031
Pedestrian 0.0 0 -0.24129167199134827 650.5825805664062 166.01255798339844 694.9795532226562 259.8952941894531 0.70398414 1.7353699 0.641829 1.3072752 1.4503572 13.644043 -0.1457703709602356 0.19750550389289856
Pedestrian 0.0 0 -0.3712739944458008 669.0322875976562 161.1552276611328 799.3128051757812 299.78790283203125 1.4559267 1.6713288 0.76652503 1.6282123 1.4273984 9.174953 -0.19563975930213928 0.10440693795681
Pedestrian 0.0 0 -0.5301851034164429 766.727783203125 153.3699188232422 807.9463500976562 194.93040466308594 1.6425555 1.7288973 0.53346694 7.84158 0.55968094 30.361269 -0.27743279933929443 0.10137255489826202
Cyclist 0.0 0 1.8629119396209717 299.30413818359375 144.69346618652344 393.67218017578125 305.992919921875 1.8223244 1.7093796 0.5560444 -3.0162163 1.3206806 8.533346 1.5231560468673706 0.8607988357543945
Cyclist 0.0 0 1.8658074140548706 406.3979797363281 158.69827270507812 484.06494140625 281.6342468261719 1.8015851 1.7530825 0.68805575 -2.4252565 1.4292424 11.166645 1.6519412994384766 0.7919401526451111
Cyclist 0.0 0 -0.4933887720108032 765.592041015625 154.11619567871094 806.3223876953125 195.92591857910156 1.6031185 1.7409681 0.5398602 7.7827787 0.60168034 30.363548 -0.24247096478939056 0.2576600909233093
Cyclist 0.0 0 -0.3712739944458008 669.0322875976562 161.1552276611328 799.3128051757812 299.78790283203125 1.4559267 1.6713288 0.76652503 1.6282123 1.4273984 9.174953 -0.19563975930213928 0.1859150379896164
Cyclist 0.0 0 -0.29772213101387024 798.7913208007812 163.01153564453125 876.115966796875 280.01361083984375 0.9594943 1.7162207 0.65367323 3.509767 1.4463369 10.867962 0.014651060104370117 0.11980297416448593
Cyclist 0.0 0 0.37079083919525146 353.837646484375 139.90536499023438 393.5622863769531 201.49925231933594 1.0306158 1.8600527 0.551921 -6.9958873 0.6050717 21.997936 0.0628807544708252 0.1067163422703743
Car 0.0 0 -1.387386441230774 564.8634643554688 156.75869750976562 601.2742309570312 183.58966064453125 3.7780762 1.6364125 1.6612082 -1.1203293 0.12819277 45.805153 -1.4118402004241943 0.4428463578224182
Car 0.0 0 -1.640571117401123 856.7888793945312 166.20809936523438 930.728759765625 227.8730010986328 3.4757745 1.4830722 1.5647765 7.6719327 1.1164904 19.16763 -1.25984525680542 0.18998916447162628
Car 0.0 0 -1.595853567123413 618.892822265625 149.17271423339844 658.6068725585938 189.70602416992188 3.8318362 1.7049365 1.6662108 1.6036543 0.34614342 32.148388 -1.546012043952942 0.1744472235441208
