Pedestrian 0.0 0 3.5166215896606445 115.8487777709961 109.60173797607422 210.28897094726562 247.892578125 0.9489674 1.8432608 0.6297422 -6.159732 0.8999392 9.816118 2.9562180042266846 0.33287835121154785
Pedestrian 0.0 0 -2.49580454826355 271.9500427246094 178.4973907470703 323.7836608886719 266.5617370605469 0.6853644 1.7529225 0.712082 -6.330296 1.7146894 14.49465 -2.907571315765381 0.31278306245803833
Pedestrian 0.0 0 -1.507360577583313 790.2662963867188 163.1484375 804.3875122070312 197.19517517089844 0.73814964 1.7987236 0.6840494 10.276936 0.883434 37.808903 -1.241960048675537 0.2315608412027359
Pedestrian 0.0 0 -1.108765959739685 115.79661560058594 153.19651794433594 137.066162109375 193.14430236816406 0.59708244 1.9428558 0.67002994 -23.515755 0.61639297 34.722683 -1.7040561437606812 0.2026309370994568
Pedestrian 0.0 0 0.0914839506149292 996.368896484375 108.56990814208984 1063.857421875 246.99526977539062 0.7488043 1.8184764 0.5819125 5.811494 0.8752133 9.739046 0.6294889450073242 0.18871620297431946
Pedestrian 0.0 0 1.183230996131897 878.0552978515625 156.96627807617188 905.0519409179688 195.20364379882812 1.8011795 1.7639976 0.5422633 13.550798 0.67977566 33.514698 1.5674594640731812 0.12515173852443695
Pedestrian 0.0 0 -0.04482764005661011 770.923095703125 155.31497192382812 798.4611206054688 188.1879425048828 1.5066792 1.8670115 0.5752916 10.299713 0.43801937 40.585804 0.20370197296142578 0.117332324385643
Pedestrian 0.0 0 -1.9108833074569702 984.0447998046875 143.92257690429688 1028.2947998046875 216.07711791992188 1.4314013 1.7922103 0.5462358 10.330995 0.88527787 18.309183 -1.3971638679504395 0.11675667017698288
Cyclist 0.0 0 1.162939429283142 878.4797973632812 156.13954162597656 905.9444580078125 193.9730987548828 1.7673838 1.742653 0.54443353 13.556658 0.6220404 33.452126 1.5479681491851807 0.4847317039966583
Cyclist 0.0 0 0.022799134254455566 770.9022216796875 155.546875 801.0396118164062 188.3157958984375 1.6628968 1.8571557 0.5740869 10.377935 0.4443401 40.56732 0.27324795722961426 0.3556668758392334
Cyclist 0.0 0 -1.8968322277069092 978.7214965820312 135.87693786621094 1026.302978515625 209.2471160888672 1.8583087 1.8181592 0.5092343 10.321579 0.71396804 18.476154 -1.387377381324768 0.3511476218700409
Cyclist 0.0 0 -1.1449389457702637 0.0 188.67868041992188 60.76681900024414 300.5458068847656 1.5258908 1.5961818 0.3369101 -9.063158 1.7339046 10.978075 -1.8350775241851807 0.29509443044662476
Cyclist 0.0 0 3.5328450202941895 111.96051788330078 110.40422058105469 215.91903686523438 249.65589904785156 1.0692202 1.8556479 0.6230138 -6.1434283 0.92323375 9.813607 2.9735188484191895 0.11027117818593979
Car 0.0 0 0.6323188543319702 564.8394165039062 170.4429931640625 672.2626342773438 214.93960571289062 3.8666618 1.5754608 1.6162823 0.4490785 1.2209053 26.841394 0.6490480899810791 0.7644109129905701
Car 0.0 0 -0.7904682755470276 0.0 210.79661560058594 294.1950988769531 370.0 4.005265 1.4230785 1.5996448 -3.233183 1.6550639 3.3558087 -1.557257890701294 0.7375890612602234
Car 0.0 0 3.1369142532348633 37.69694900512695 180.06874084472656 113.72148132324219 204.20518493652344 3.9592988 1.5284905 1.6174115 -34.834976 1.5025219 46.608448 2.495081663131714 0.15936151146888733
