Pedestrian 0.0 0 0.7316415309906006 271.75299072265625 176.60055541992188 324.64202880859375 265.2547912597656 0.7053053 1.7620994 0.70463043 -6.3245716 1.6862227 14.493796 0.32018494606018066 0.46509870886802673
Pedestrian 0.0 0 3.2669591903686523 115.75739288330078 111.07189178466797 206.3772430419922 251.0709991455078 0.9971649 1.8445463 0.61276627 -6.1721377 0.9314752 9.799201 2.704871654510498 0.4272955358028412
Pedestrian 0.0 0 -1.2982501983642578 116.36265563964844 153.03517150878906 136.5410614013672 192.9231719970703 0.65504426 1.9350891 0.6699505 -23.507372 0.6041258 34.712986 -1.8935045003890991 0.27310851216316223
Pedestrian 0.0 0 0.013591766357421875 996.157958984375 111.62550354003906 1063.1458740234375 249.0373992919922 0.7725544 1.8103099 0.5629216 5.8054576 0.90460753 9.751878 0.550560712814331 0.24580152332782745
Pedestrian 0.0 0 -1.6309573650360107 541.3341064453125 168.77149963378906 553.5884399414062 198.8978729248047 0.7304681 1.8003526 0.6933909 -3.4796624 1.1008232 42.658768 -1.7123469114303589 0.2042750120162964
Pedestrian 0.0 0 -1.6175990104675293 791.2426147460938 163.44776916503906 805.3961791992188 197.36976623535156 0.68687576 1.789859 0.6956608 10.2971 0.89152753 37.71274 -1.35105562210083 0.19686099886894226
Pedestrian 0.0 0 -1.4520927667617798 562.3294067382812 170.90049743652344 573.915283203125 199.2001953125 0.8502076 1.8093623 0.6519579 -2.3789067 1.196949 45.646595 -1.5041613578796387 0.1810516119003296
Pedestrian 0.0 0 -1.9252939224243164 976.5388793945312 135.1691131591797 1026.349609375 208.49586486816406 1.8451974 1.8224677 0.52397186 10.317025 0.69740677 18.519907 -1.417033076286316 0.106337770819664
Cyclist 0.0 0 -1.9519894123077393 877.4735107421875 154.04330444335938 903.234375 192.65316772460938 1.7956337 1.7875891 0.50095904 13.540916 0.5641309 33.62875 -1.569192886352539 0.40751901268959045
Cyclist 0.0 0 -1.9297387599945068 974.9286499023438 136.48770141601562 1026.2071533203125 209.02520751953125 1.8718717 1.8107964 0.549176 10.344054 0.7136866 18.611744 -1.4224680662155151 0.3316349685192108
Cyclist 0.0 0 0.7252072691917419 1010.5869140625 155.44482421875 1051.7935791015625 194.55519104003906 1.7264346 1.781993 0.54107463 19.924791 0.6418582 33.115055 1.2668639421463013 0.17574287950992584
Cyclist 0.0 0 3.2669591903686523 115.75739288330078 111.07189178466797 206.3772430419922 251.0709991455078 0.9971649 1.8445463 0.61276627 -6.1721377 0.9314752 9.799201 2.704871654510498 0.10149408876895905
Car 0.0 0 -0.7879946827888489 0.0 207.97500610351562 292.38970947265625 370.0 3.9550667 1.4212897 1.5881233 -3.2271752 1.6304427 3.344042 -1.5556100606918335 0.7006412148475647
Car 0.0 0 1.7577413320541382 446.80181884765625 175.41127014160156 479.1944885253906 196.76441955566406 3.8223064 1.4410852 1.5478187 -9.920877 1.0989715 49.631546 1.5604510307312012 0.3687282204627991
