Pedestrian 0.0 0 -1.7564430236816406 0.0 180.6311492919922 34.48655319213867 248.1403350830078 0.92697304 1.6559973 0.61855775 -14.868189 1.6358749 18.15308 -2.4426894187927246 0.6626241207122803
Pedestrian 0.0 0 -1.2715427875518799 109.71321105957031 183.43824768066406 203.1870574951172 353.70458984375 0.7512281 1.6397247 0.6238267 -4.5860133 1.6621634 7.367879 -1.828294277191162 0.491790771484375
Pedestrian 0.0 0 1.4835314750671387 198.2324981689453 158.3573455810547 262.81781005859375 301.89654541015625 0.67936844 1.671647 0.64507145 -4.60904 1.4034765 8.822974 1.0021321773529053 0.4791061282157898
Pedestrian 0.0 0 1.4416831731796265 661.7144775390625 159.89743041992188 686.9834594726562 226.93270874023438 0.810462 1.8234916 0.5964571 1.9877384 1.2370169 19.951448 1.5409842729568481 0.45686236023902893
Pedestrian 0.0 0 1.892745018005371 608.0001220703125 162.35374450683594 648.4395751953125 242.6692352294922 0.7813937 1.7695129 0.7087036 0.57919717 1.3489026 16.313742 1.9282337427139282 0.4061669111251831
Pedestrian 0.0 0 2.178318500518799 103.39217376708984 154.1759033203125 142.5348663330078 211.5963592529297 0.948147 1.8227491 0.62844276 -15.52146 0.95647824 23.280243 1.5902771949768066 0.3776819705963135
Pedestrian 0.0 0 3.189788818359375 302.0607604980469 167.53111267089844 381.44146728515625 334.1820373535156 0.76248306 1.6734209 0.61901045 -2.7835164 1.5345198 7.6194334 2.8395333290100098 0.3709237277507782
Pedestrian 0.0 0 -0.9865942001342773 0.0 152.47259521484375 104.50102996826172 374.0 0.6149123 1.6906903 0.6705457 -4.2717366 1.4906662 5.319189 -1.6632106304168701 0.3680900037288666
Pedestrian 0.0 0 -2.290030002593994 131.1229248046875 156.867431640625 273.0189514160156 374.0 0.617688 1.650853 0.59996164 -2.798322 1.4950274 4.9682736 -2.8029801845550537 0.3669303059577942
Pedestrian 0.0 0 -3.1656012535095215 677.2929077148438 172.23818969726562 702.1796264648438 227.81515502929688 0.7634689 1.7284553 0.63024616 2.75648 1.441521 22.688326 -3.0447003841400146 0.3628055155277252
Pedestrian 0.0 0 -2.135153293609619 404.1007080078125 165.39820861816406 433.5396423339844 217.7931365966797 0.8440261 1.7713442 0.63107675 -6.33062 1.228059 24.801668 -2.3850667476654053 0.3242785334587097
Pedestrian 0.0 0 2.307276725769043 695.6023559570312 139.58831787109375 732.246337890625 209.9949188232422 0.8196826 1.8788033 0.594646 3.0478904 0.76155233 19.655148 2.4611196517944336 0.3081808090209961
Pedestrian 0.0 0 -1.628300428390503 625.3870849609375 190.27117919921875 676.0428466796875 282.0294189453125 0.7866751 1.6180366 0.87642133 0.8467569 1.7845674 13.136289 -1.5639301538467407 0.30126121640205383
Pedestrian 0.0 0 1.6095261573791504 232.00990295410156 167.38462829589844 299.8591613769531 337.2303161621094 0.7505385 1.7100452 0.63020027 -3.62525 1.569295 7.698295 1.1694153547286987 0.2911459803581238
Pedestrian 0.0 0 -1.3108938932418823 5.671265125274658 141.0491485595703 171.6351776123047 374.0 0.73808855 1.6456411 0.6180006 -2.9833918 1.4374009 4.175013 -1.931339979171753 0.2732309401035309
Cyclist 0.0 0 1.3982471227645874 454.5855712890625 163.0836181640625 502.61181640625 243.9588623046875 1.8161461 1.7371062 0.77338934 -2.8669329 1.342771 16.411757 1.2253044843673706 0.6805752515792847
Cyclist 0.0 0 -0.4480574131011963 515.4634399414062 164.67483520507812 566.8851318359375 211.63796997070312 1.8841958 1.7514651 0.61532944 -2.3217907 1.1250142 27.530458 -0.532193660736084 0.4923346936702728
Cyclist 0.0 0 -2.5265605449676514 85.21321105957031 156.87013244628906 233.3731231689453 267.02874755859375 1.8268529 1.6298954 0.78751856 -6.8279424 1.2667834 11.07592 -3.079000473022461 0.38610172271728516
Cyclist 0.0 0 -1.7860467433929443 0.0 181.62918090820312 35.553466796875 249.56825256347656 0.95064014 1.6676161 0.63229585 -14.884383 1.6721542 18.174185 -2.472257137298584 0.13133540749549866
Cyclist 0.0 0 3.309103012084961 276.2420959472656 171.8834686279297 377.84197998046875 336.0367126464844 0.9169572 1.6520379 0.640705 -2.936193 1.5566238 7.6316695 2.9418222904205322 0.12933357059955597
Cyclist 0.0 0 -1.236149787902832 106.45498657226562 184.41766357421875 204.48321533203125 355.66943359375 0.8299221 1.6448473 0.6207256 -4.6039424 1.6781367 7.3862114 -1.7935370206832886 0.12386474758386612
Car 0.0 0 1.8153678178787231 280.6197814941406 183.55484008789062 436.6975402832031 286.6214294433594 4.037232 1.4953861 1.6184937 -4.066119 1.5385127 12.570786 1.5025314092636108 0.8612642884254456
