Pedestrian 0.0 0 -0.6428996324539185 739.5848388671875 167.77476501464844 773.9971923828125 228.18150329589844 0.72538775 1.7275407 0.67194283 4.4018226 1.3651893 20.672722 -0.4331037700176239 0.38283392786979675
Pedestrian 0.0 0 1.2449209690093994 837.743408203125 113.00634765625 894.6699829101562 237.2603759765625 0.79493576 1.8331695 0.5912037 3.9403474 0.8390712 10.830578 1.5938514471054077 0.22882919013500214
Pedestrian 0.0 0 -3.3316619396209717 802.760498046875 140.32542419433594 862.4525146484375 250.2696075439453 0.8558232 1.7821347 0.551376 3.7347734 1.1325802 11.779637 -3.0246341228485107 0.17234531044960022
Pedestrian 0.0 0 2.686723470687866 745.9907836914062 142.9530487060547 777.4862670898438 199.5230255126953 0.8480021 1.8472102 0.5881158 5.169479 0.6227129 23.468443 2.9035346508026123 0.15533946454524994
Pedestrian 0.0 0 0.43039828538894653 0.0 151.12962341308594 24.57558822631836 202.8445587158203 0.7646479 1.8979664 0.6507911 -22.291632 0.8215748 26.360146 -0.27156883478164673 0.14292564988136292
Pedestrian 0.0 0 0.05476123094558716 226.7482147216797 155.87725830078125 250.29896545410156 206.3736572265625 0.7598529 1.8785213 0.6083352 -13.876553 0.96404207 26.73159 -0.4240547716617584 0.13488861918449402
Pedestrian 0.0 0 -1.270047664642334 252.0301513671875 172.15870666503906 267.87982177734375 203.40231323242188 0.8140871 1.8253539 0.6294417 -20.379591 1.3394027 41.753494 -1.7241244316101074 0.13026107847690582
Cyclist 0.0 0 -0.8160973787307739 424.0295104980469 169.5774688720703 446.6724853515625 195.57260131835938 1.7842058 1.7358559 0.37956163 -11.524033 1.0078102 48.077705 -1.0513548851013184 0.37460893392562866
Cyclist 0.0 0 -1.8697688579559326 882.750732421875 154.26947021484375 913.0963134765625 204.84605407714844 1.7351745 1.7416105 0.50759697 10.407736 0.8398915 25.229641 -1.4785161018371582 0.18396325409412384
Cyclist 0.0 0 -1.6458138227462769 743.05810546875 167.38868713378906 769.1748657226562 228.24830627441406 0.91642934 1.7386552 0.67795897 4.3810596 1.3656585 20.693504 -1.4371826648712158 0.10335831344127655
Car 0.0 0 -1.4294626712799072 550.038818359375 165.69082641601562 576.3300170898438 184.75970458984375 3.9801214 1.5287619 1.6376642 -3.4222283 0.34273344 58.7307 -1.4876667261123657 0.4112739861011505
Car 0.0 0 2.0959370136260986 180.43544006347656 180.86842346191406 244.32579040527344 206.89906311035156 4.0838046 1.5313423 1.6252024 -24.183647 1.556523 43.704365 1.5905282497406006 0.14194710552692413
Car 0.0 0 1.6002813577651978 571.4119262695312 164.25680541992188 590.1475830078125 182.5772247314453 3.77934 1.6439441 1.6217394 -2.1886923 0.18756345 65.3335 1.5667935609817505 0.13720406591892242
