Pedestrian 0.0 0 -2.0798988342285156 1020.5182495117188 183.97116088867188 1089.2099609375 284.11083984375 0.7840307 1.6460118 0.7069862 7.546285 1.8429903 12.352935 -1.531510353088379 0.483376145362854
Pedestrian 0.0 0 1.3946257829666138 544.2235107421875 182.94329833984375 556.4710693359375 211.7359619140625 0.8083464 1.8385373 0.66077393 -3.9097457 2.501094 46.87914 1.311417818069458 0.32155030965805054
Pedestrian 0.0 0 -3.5950980186462402 1063.580810546875 195.10311889648438 1137.3433837890625 314.3983459472656 0.68713576 1.7002882 0.6714541 7.2725077 2.0455706 10.803041 -3.0025923252105713 0.32058456540107727
Pedestrian 0.0 0 2.4503395557403564 965.2055053710938 188.20211791992188 996.1419677734375 237.10585021972656 0.75566286 1.7467628 0.66773874 13.531855 2.3181195 26.433048 2.923485040664673 0.20035600662231445
Pedestrian 0.0 0 -1.2750800848007202 198.38150024414062 195.55862426757812 279.8326416015625 340.4620361328125 0.80915624 1.6560751 0.68448097 -4.5777645 1.9493895 8.847439 -1.7525595426559448 0.18793199956417084
Pedestrian 0.0 0 1.7287859916687012 766.95361328125 159.06961059570312 806.7094116210938 251.49249267578125 1.1644262 1.8492332 0.63562953 3.660593 1.5737876 15.093804 1.9667150974273682 0.17558357119560242
Cyclist 0.0 0 -2.6613211631774902 363.49163818359375 194.26644897460938 441.27276611328125 261.0468444824219 1.9881122 1.8012608 0.755415 -5.9054317 2.4235528 20.388462 -2.943251848220825 0.23787488043308258
Cyclist 0.0 0 -2.071255922317505 1019.5613403320312 183.6159210205078 1090.476318359375 284.5275573730469 0.86853975 1.6509548 0.70002925 7.543384 1.8422552 12.348534 -1.5228800773620605 0.12370342016220093
Cyclist 0.0 0 1.7287859916687012 766.95361328125 159.06961059570312 806.7094116210938 251.49249267578125 1.1644262 1.8492332 0.63562953 3.660593 1.5737876 15.093804 1.9667150974273682 0.10869702696800232
Car 0.0 0 1.7180111408233643 486.15460205078125 188.23870849609375 544.7463989257812 236.1776123046875 3.699573 1.5583972 1.6080449 -3.4437954 2.1638799 26.513388 1.5888453722000122 0.8679361343383789
Car 0.0 0 1.4021940231323242 974.6185913085938 183.55287170410156 1008.0427856445312 204.39889526367188 3.8145287 1.5199933 1.7055943 29.957027 2.3937128 56.81931 1.88739013671875 0.28568533062934875
Car 0.0 0 1.521172285079956 987.64990234375 191.76638793945312 1022.9959716796875 218.14022827148438 4.100738 1.487863 1.772857 25.19201 2.756043 46.134922 2.0209784507751465 0.2641128599643707
Car 0.0 0 -1.5740128755569458 650.3958129882812 187.27008056640625 678.0515747070312 213.65611267089844 3.6544132 1.5230757 1.6726818 3.3840861 2.4718516 45.58459 -1.4999113082885742 0.20295661687850952
Car 0.0 0 -1.4373600482940674 390.1120300292969 196.72921752929688 461.8455505371094 255.5817108154297 3.6389039 1.5025498 1.6320065 -5.5282493 2.2892673 21.861368 -1.6850451231002808 0.19070535898208618
