Pedestrian 0.0 0 -1.5877939462661743 424.4534606933594 166.08836364746094 445.37103271484375 217.6238250732422 0.80811566 1.767777 0.6971501 -5.850273 1.2401961 25.114565 -1.8166561126708984 0.5899476408958435
Pedestrian 0.0 0 1.323219656944275 660.2369384765625 163.6598663330078 689.4915771484375 225.73968505859375 0.9020554 1.8093327 0.6651515 2.1540592 1.2905115 21.428432 1.4234064817428589 0.5586006045341492
Pedestrian 0.0 0 0.6083520650863647 100.8623275756836 168.66238403320312 232.84735107421875 374.0 0.74309313 1.6860691 0.5997905 -3.6877868 1.5850317 6.050868 0.06100273132324219 0.5514594316482544
Pedestrian 0.0 0 1.6381651163101196 42.12137222290039 183.17393493652344 73.49520111083984 247.40087890625 0.78536433 1.7320757 0.6434375 -15.08214 1.7807752 19.90044 0.9896399974822998 0.5443886518478394
Pedestrian 0.0 0 -1.6890263557434082 267.2623596191406 153.92869567871094 322.6535339355469 282.971923828125 0.8266322 1.6786821 0.6014724 -4.2571692 1.3213464 9.850423 -2.096963882446289 0.5429148077964783
Pedestrian 0.0 0 -1.6159491539001465 103.3494873046875 173.0987548828125 172.47898864746094 331.1912536621094 0.8408602 1.6776457 0.61682296 -5.310905 1.5898533 8.141603 -2.193951368331909 0.5120688080787659
Pedestrian 0.0 0 -2.1544432640075684 157.0965118408203 161.71681213378906 255.53952026367188 334.69073486328125 0.7394981 1.7109319 0.5953891 -4.1897364 1.5166199 7.537391 -2.6617746353149414 0.47300267219543457
Pedestrian 0.0 0 -1.230975866317749 674.435302734375 171.79393005371094 703.6378173828125 224.72201538085938 0.91464406 1.7223386 0.7026777 2.8998973 1.4075847 23.9386 -1.110424280166626 0.46445998549461365
Pedestrian 0.0 0 -1.6350382566452026 624.8438110351562 189.23373413085938 670.4736938476562 277.2565002441406 0.8537273 1.6844695 0.8461151 0.864447 1.8437419 14.247543 -1.5744391679763794 0.44782406091690063
Pedestrian 0.0 0 0.7714232802391052 256.12646484375 147.73338317871094 384.4260559082031 374.0 0.77313495 1.6665028 0.5594145 -2.265113 1.4199537 5.678272 0.3918578624725342 0.42284947633743286
Pedestrian 0.0 0 -0.13754835724830627 198.35244750976562 160.67095947265625 246.0692138671875 266.6083679199219 0.61392593 1.6800171 0.61640114 -6.285643 1.3509941 11.818793 -0.6263381242752075 0.3602094352245331
Pedestrian 0.0 0 -1.5096980333328247 206.69012451171875 143.9190216064453 306.24615478515625 374.0 0.7025619 1.6451715 0.56892514 -2.3616824 1.4145176 4.8663554 -1.9615232944488525 0.33364933729171753
Pedestrian 0.0 0 1.7432183027267456 620.25439453125 160.4124755859375 654.009033203125 235.4716033935547 0.81463206 1.7700667 0.68967086 0.8384618 1.2739764 17.410263 1.7913402318954468 0.33248597383499146
Pedestrian 0.0 0 -2.3187196254730225 182.60537719726562 161.81607055664062 219.6642608642578 221.87411499023438 0.7922799 1.8021098 0.6158902 -12.266173 1.212595 21.966974 -2.8279826641082764 0.31683820486068726
Pedestrian 0.0 0 0.7013486623764038 304.72552490234375 147.32876586914062 369.44427490234375 264.6922607421875 0.6537377 1.7020379 0.6465887 -4.021664 1.2077897 10.829823 0.3457810878753662 0.28162524104118347
Pedestrian 0.0 0 2.048190116882324 139.78189086914062 151.84263610839844 172.3958740234375 206.23214721679688 0.8946288 1.8313639 0.6099956 -15.299781 0.8338417 24.654352 1.4927817583084106 0.2805212438106537
Pedestrian 0.0 0 0.24019426107406616 310.95263671875 163.33409118652344 458.3504638671875 308.9446105957031 1.5436586 1.6397384 0.70985574 -2.5674899 1.4365218 8.482505 -0.05371998995542526 0.18686161935329437
Pedestrian 0.0 0 1.4176088571548462 477.6817626953125 164.37835693359375 513.5263061523438 234.29251098632812 1.7988269 1.8029463 0.68909615 -2.9210427 1.3625885 19.482996 1.268789529800415 0.11195982992649078
Cyclist 0.0 0 1.4138762950897217 476.6904296875 164.5260772705078 514.33056640625 234.14344787597656 1.8186901 1.793668 0.72823435 -2.9243875 1.357516 19.481833 1.2648802995681763 0.8433319926261902
Cyclist 0.0 0 -2.8404176235198975 300.11572265625 163.62918090820312 461.7026672363281 307.7785339355469 1.7064031 1.6355828 0.658593 -2.6144047 1.4341635 8.47901 -3.1395068168640137 0.5592234134674072
Cyclist 0.0 0 0.08214753866195679 48.566062927246094 186.70748901367188 127.30805206298828 244.8068389892578 1.8744618 1.6760547 0.8655373 -15.512735 1.8408424 21.724194 -0.5379633903503418 0.3800007998943329
Cyclist 0.0 0 -0.2949467599391937 523.6516723632812 168.32720947265625 574.491943359375 215.57254028320312 1.8759103 1.7911687 0.58762777 -2.046769 1.2927879 27.842783 -0.36832642555236816 0.32650622725486755
Cyclist 0.0 0 -1.6834447383880615 268.20916748046875 153.44122314453125 323.31243896484375 280.77374267578125 0.920387 1.663958 0.5968551 -4.2824697 1.298621 9.932094 -2.090533971786499 0.17355264723300934
Cyclist 0.0 0 -1.2480608224868774 674.4058837890625 171.64984130859375 703.4119873046875 224.54705810546875 0.94618696 1.7209513 0.6971099 2.8968222 1.4015802 23.94445 -1.1276650428771973 0.16374604403972626
Cyclist 0.0 0 1.3184094429016113 659.693115234375 163.53189086914062 689.3919067382812 226.16896057128906 0.947672 1.8251256 0.66416246 2.1458433 1.3027033 21.44713 1.4181302785873413 0.10533817112445831
Car 0.0 0 1.7868690490722656 317.080322265625 181.8140869140625 452.85986328125 276.42413330078125 4.001852 1.5303314 1.6253098 -3.9692261 1.5384327 13.680026 1.5044755935668945 0.8268356323242188
Car 0.0 0 1.4162464141845703 55.19256591796875 186.94114685058594 136.08030700683594 237.56935119628906 3.74222 1.4679227 1.561953 -16.349834 1.6583993 23.116426 0.800649881362915 0.3105020821094513
