Pedestrian 0.0 0 -1.8648139238357544 706.7083129882812 161.03932189941406 730.189208984375 210.07192993164062 0.82318825 1.7954319 0.65284824 3.9901614 1.3631706 26.87273 -1.7174072265625 0.5566450357437134
Pedestrian 0.0 0 -3.234226703643799 893.2250366210938 86.29834747314453 1036.031005859375 333.8376770019531 0.9380809 1.770148 0.5187819 2.6383061 1.1515485 5.5615606 -2.7912824153900146 0.36627575755119324
Pedestrian 0.0 0 -0.5517193675041199 943.7489624023438 175.78321838378906 992.4107055664062 251.2430419921875 0.78373533 1.7120928 0.65725154 8.25961 1.7819805 16.76023 -0.09384018927812576 0.34980008006095886
Pedestrian 0.0 0 1.7113641500473022 404.4040222167969 176.47340393066406 454.223876953125 292.17095947265625 1.7687051 1.7368071 0.5517928 -2.97545 1.8008996 11.794232 1.4642406702041626 0.1662532538175583
Pedestrian 0.0 0 1.6023666858673096 498.7559509277344 171.8031005859375 517.5255126953125 223.2256317138672 1.7784755 1.7654035 0.6091496 -3.6586862 1.729683 25.685886 1.460878849029541 0.1590316742658615
Pedestrian 0.0 0 1.9727630615234375 331.4367980957031 177.6365966796875 415.795654296875 301.91748046875 1.8750801 1.7755936 0.57326967 -3.7151487 1.8574767 11.338154 1.6561200618743896 0.11187120527029037
Cyclist 0.0 0 1.5642404556274414 499.9412841796875 171.64987182617188 518.47412109375 222.96444702148438 1.7801766 1.752937 0.62825763 -3.6244266 1.7121615 25.571987 1.4234440326690674 0.8577526211738586
Cyclist 0.0 0 1.7019670009613037 406.3880310058594 176.6119842529297 454.6152648925781 290.8441162109375 1.7536322 1.7173439 0.545435 -2.960247 1.7839061 11.806311 1.4562973976135254 0.8402347564697266
Cyclist 0.0 0 1.9513115882873535 334.33843994140625 177.3631134033203 415.7976379394531 301.1392822265625 1.853734 1.7840068 0.5794396 -3.7175646 1.8615819 11.409519 1.636329174041748 0.686242401599884
Cyclist 0.0 0 -1.8386728763580322 706.8003540039062 160.89846801757812 730.1163940429688 209.6673126220703 0.9015212 1.7862875 0.64260375 3.9956267 1.3487427 26.911581 -1.691277265548706 0.12065135687589645
Car 0.0 0 1.8474401235580444 485.5129699707031 181.4608917236328 537.7797241210938 212.96041870117188 4.2503 1.5405939 1.6818104 -5.2432103 2.0294209 38.724068 1.7128592729568481 0.6764558553695679
Car 0.0 0 1.8608131408691406 354.7850341796875 187.66065979003906 461.7392578125 252.727783203125 4.318655 1.5241598 1.6844199 -5.500577 1.981072 20.067696 1.5932828187942505 0.6316474676132202
Car 0.0 0 -1.5205987691879272 639.12646484375 175.88348388671875 670.3158569335938 204.09043884277344 3.5165064 1.507538 1.5874581 2.5292988 1.6868823 40.790688 -1.4586713314056396 0.557263970375061
Car 0.0 0 2.3961243629455566 0.0 202.20631408691406 122.61749267578125 375.0 3.879554 1.4588006 1.5772042 -5.0089564 1.7142016 4.299735 1.5346840620040894 0.5020602941513062
