Pedestrian 0.0 0 1.8374159336090088 141.64129638671875 132.90798950195312 195.82313537597656 231.9483184814453 0.9539304 1.866074 0.68088007 -8.682944 1.1137867 14.145377 1.2868847846984863 0.3252088725566864
Pedestrian 0.0 0 1.4332096576690674 456.04315185546875 175.17709350585938 471.7122497558594 213.8880615234375 0.9119846 1.767184 0.59277284 -6.8334503 1.8772012 33.527985 1.2321500778198242 0.25849002599716187
Pedestrian 0.0 0 -1.4374244213104248 838.30859375 149.5745391845703 870.7933959960938 226.43606567382812 0.74763197 1.8099663 0.65301704 5.876472 1.2621304 17.46796 -1.1129035949707031 0.22161586582660675
Cyclist 0.0 0 -0.8675968647003174 0.0 172.52532958984375 88.6817626953125 268.4161682128906 1.734829 1.700618 0.40309548 -10.781223 1.695147 13.667673 -1.5354784727096558 0.35281991958618164
Cyclist 0.0 0 -1.3992042541503906 0.0 118.0130386352539 51.308048248291016 268.4093322753906 1.7258984 1.7274833 0.4543698 -7.5738883 1.0979264 9.146751 -2.090811252593994 0.26310181617736816
Cyclist 0.0 0 2.1058754920959473 114.46472930908203 149.80715942382812 182.44830322265625 230.53807067871094 1.7383467 1.7778286 0.5182878 -10.733578 1.2706568 16.764292 1.5363746881484985 0.2230874001979828
Cyclist 0.0 0 1.4384760856628418 455.8860168457031 174.93951416015625 471.9139709472656 213.5967559814453 1.0122591 1.7626559 0.6002701 -6.834635 1.8616192 33.535908 1.237428903579712 0.10838001221418381
Car 0.0 0 1.8272101879119873 353.4374084472656 187.39447021484375 478.7923583984375 271.9906921386719 4.034688 1.5255575 1.6454703 -4.100318 1.8834621 15.721284 1.5720806121826172 0.8969683647155762
Car 0.0 0 -1.5284056663513184 618.4027099609375 174.66915893554688 671.6339111328125 224.0124969482422 3.3693573 1.5279102 1.6437323 1.1897196 1.593617 24.22123 -1.4793262481689453 0.8325210809707642
Car 0.0 0 1.7554243803024292 481.4485778808594 176.92027282714844 535.6862182617188 214.74948120117188 3.9273543 1.4955221 1.6092663 -4.31995 1.6815814 30.950397 1.616743803024292 0.7856078743934631
Car 0.0 0 2.2573375701904297 0.0 207.50888061523438 244.3582305908203 375.0 3.903453 1.4256626 1.572739 -3.9378753 1.7292379 4.320065 1.5181878805160522 0.6635528206825256
