Pedestrian 0.0 0 0.3498181104660034 331.1701965332031 147.72935485839844 421.0169372558594 299.9698486328125 0.8457905 1.7285846 0.6358367 -2.7368016 1.358182 8.354879 0.03326416015625 0.5977036356925964
Pedestrian 0.0 0 -1.63503098487854 840.0436401367188 173.81080627441406 870.34130859375 244.26748657226562 0.80846703 1.731549 0.6678818 6.27086 1.5687525 17.850948 -1.2972073554992676 0.27788877487182617
Pedestrian 0.0 0 -1.810628056526184 838.5387573242188 146.07131958007812 889.9296875 250.64749145507812 0.98288405 1.7827629 0.6382906 4.5478516 1.1974874 12.571238 -1.4635095596313477 0.15193237364292145
Pedestrian 0.0 0 -0.7760876417160034 51.59450149536133 188.9812774658203 106.2083969116211 248.61073303222656 1.1785686 1.6567872 0.61057305 -15.232 1.911241 20.44828 -1.4163191318511963 0.14337967336177826
Pedestrian 0.0 0 -0.8476537466049194 983.0433349609375 195.49818420410156 1123.622314453125 370.0 0.6841991 1.6125413 0.5786478 3.2734427 1.7341092 5.2700014 -0.29183027148246765 0.13858933746814728
Pedestrian 0.0 0 -2.0440781116485596 1114.94775390625 191.16940307617188 1224.0 370.0 0.6766886 1.6645424 0.666402 4.3285255 1.7525808 5.3157187 -1.3606855869293213 0.12471483647823334
Pedestrian 0.0 0 -3.3522751331329346 825.4994506835938 191.65736389160156 867.102783203125 282.8796081542969 0.6462812 1.7406435 0.682228 4.7106175 1.9684814 13.954282 -3.026711940765381 0.11676187068223953
Pedestrian 0.0 0 3.5589373111724854 249.9522705078125 172.5917510986328 304.17620849609375 264.0086975097656 0.75115126 1.7187668 0.6477033 -6.349192 1.5717164 13.619421 3.12270450592041 0.11089898645877838
Cyclist 0.0 0 -2.2753920555114746 0.0 174.586669921875 84.51790618896484 259.0740661621094 1.902116 1.63533 0.7687952 -11.677293 1.5225046 14.228148 -2.9626386165618896 0.1701774150133133
Cyclist 0.0 0 0.4838239848613739 43.492305755615234 188.64846801757812 107.14827728271484 248.8026885986328 1.3082246 1.6869078 0.6691468 -15.281725 1.928347 20.374746 -0.15969803929328918 0.1557568609714508
Cyclist 0.0 0 -1.661877155303955 866.1368408203125 182.6346893310547 930.0120239257812 303.65093994140625 2.033797 1.608647 0.6772959 4.2603006 1.6452583 10.502789 -1.2765223979949951 0.13707928359508514
Car 0.0 0 1.6422538757324219 58.35310363769531 188.26841735839844 119.23200225830078 232.0353240966797 3.7763593 1.4495442 1.5514647 -19.027002 1.7603965 26.138689 1.013031244277954 0.1941768079996109
Car 0.0 0 -1.2368528842926025 482.77862548828125 143.7071990966797 582.8043212890625 206.4420623779297 4.191885 1.6774666 1.6836678 -2.0618663 0.69524765 21.135714 -1.3340988159179688 0.12652742862701416
Car 0.0 0 1.3656108379364014 1182.7239990234375 194.76466369628906 1224.0 370.0 3.7852304 1.4764154 1.5797635 5.926282 1.6355633 5.788468 2.1627726554870605 0.11817385256290436
