Pedestrian 0.0 0 -1.4876340627670288 348.3341369628906 173.1624755859375 364.43212890625 213.7458953857422 0.89253426 1.7289852 0.58717024 -11.020586 1.7429208 31.250818 -1.826667308807373 0.2359572798013687
Pedestrian 0.0 0 -1.196101427078247 172.6289825439453 176.32713317871094 215.23873901367188 250.411376953125 0.6818579 1.6809281 0.6562169 -9.72205 1.7639816 16.790907 -1.7209416627883911 0.13527697324752808
Pedestrian 0.0 0 -2.736724615097046 308.2815856933594 170.62242126464844 335.797119140625 219.07872009277344 0.7731383 1.7610902 0.5824038 -10.623748 1.680344 26.52108 -3.1177287101745605 0.10053202509880066
Cyclist 0.0 0 -1.6666717529296875 623.581787109375 167.95985412597656 633.4483642578125 194.42684936523438 1.7277734 1.7686253 0.5058143 1.2241873 1.4419377 49.09281 -1.6417406797409058 0.2057478129863739
Cyclist 0.0 0 -1.4560071229934692 654.9981079101562 174.0447998046875 668.5989379882812 217.00527954101562 1.6105942 1.6715561 0.36493373 2.0429294 1.7210464 28.942558 -1.3855383396148682 0.17632262408733368
Cyclist 0.0 0 -1.4926176071166992 348.2020568847656 172.87832641601562 364.6116027832031 213.6005096435547 1.0092453 1.732344 0.59531474 -11.020901 1.733775 31.25684 -1.8315993547439575 0.13507714867591858
Cyclist 0.0 0 -1.4291859865188599 204.35205078125 189.9871368408203 220.69259643554688 225.5535125732422 1.600459 1.7270596 0.508692 -20.235825 2.6183794 36.680428 -1.9333174228668213 0.1122250035405159
Cyclist 0.0 0 -1.5321848392486572 410.0962829589844 163.9891357421875 419.8887634277344 193.10577392578125 1.2347889 1.8427743 0.5612137 -12.548563 1.2820802 46.327522 -1.7967039346694946 0.11106818914413452
Car 0.0 0 1.6063659191131592 574.7848510742188 170.9668426513672 601.1051635742188 194.43118286132812 3.9061165 1.4877155 1.6034774 -1.4533497 1.3684214 47.702232 1.5759081840515137 0.5179490447044373
Car 0.0 0 -1.532368779182434 545.8475341796875 170.05567932128906 568.373779296875 190.40765380859375 4.0198283 1.5734191 1.6490744 -4.23096 1.357437 57.816864 -1.605417251586914 0.3284757733345032
Car 0.0 0 -2.164140224456787 941.7047729492188 202.67393493652344 1242.0 375.0 3.920754 1.43385 1.580672 3.4412704 1.6933115 4.2444425 -1.4828660488128662 0.11392569541931152
