Pedestrian 0.0 0 -1.2019799947738647 1069.3046875 182.81541442871094 1172.9735107421875 369.21453857421875 0.6863382 1.6810567 0.6173471 4.900442 1.7842705 6.9998903 -0.5912042856216431 0.4890661835670471
Pedestrian 0.0 0 -3.447160243988037 880.4810791015625 170.97842407226562 953.8656616210938 313.5732421875 0.69655627 1.7398757 0.6277161 3.8226798 1.7173485 9.145125 -3.051231861114502 0.3365464210510254
Pedestrian 0.0 0 3.177327871322632 519.17041015625 189.04156494140625 537.8193969726562 230.68206787109375 0.8156592 1.8478297 0.7645481 -3.7342515 2.5922475 32.749832 3.0637946128845215 0.28818047046661377
Pedestrian 0.0 0 -0.8059434294700623 857.8267211914062 172.09713745117188 885.5550537109375 220.9545440673828 0.6901123 1.7406032 0.64690477 9.437191 1.7139972 26.145838 -0.459552139043808 0.28416872024536133
Pedestrian 0.0 0 -2.190931797027588 1153.7247314453125 137.72109985351562 1242.0 268.4691467285156 0.7271056 1.6963131 0.6456208 7.8770976 1.24086 9.740636 -1.5109179019927979 0.28379231691360474
Pedestrian 0.0 0 -1.2606608867645264 504.1845703125 193.9745635986328 535.664794921875 249.1642608642578 1.6057285 1.6992769 0.5655899 -2.9880638 2.4180202 23.698158 -1.386087417602539 0.11624433845281601
Cyclist 0.0 0 -1.2606608867645264 504.1845703125 193.9745635986328 535.664794921875 249.1642608642578 1.6057285 1.6992769 0.5655899 -2.9880638 2.4180202 23.698158 -1.386087417602539 0.6555164456367493
Cyclist 0.0 0 -2.6246438026428223 528.5467529296875 199.42869567871094 571.6349487304688 238.88648986816406 1.9457905 1.8347752 0.8400159 -2.9786334 3.168168 35.401424 -2.708584785461426 0.359708696603775
Cyclist 0.0 0 -0.34977883100509644 887.115478515625 171.61094665527344 928.2849731445312 202.58731079101562 1.9582727 1.691857 0.76022345 16.385284 1.6243224 39.82546 0.04053974151611328 0.34348592162132263
Cyclist 0.0 0 -2.8736798763275146 1017.3209228515625 176.12857055664062 1094.8724365234375 238.8529510498047 1.8584272 1.756016 0.5325885 13.002864 1.8562683 21.147812 -2.3224081993103027 0.33190932869911194
Cyclist 0.0 0 0.062076546251773834 516.5906372070312 188.56466674804688 539.2591552734375 230.0799560546875 0.980303 1.8453875 0.7308435 -3.7600517 2.5675387 32.75625 -0.05221206694841385 0.16667243838310242
Car 0.0 0 1.8320845365524292 589.4329223632812 197.18435668945312 636.5536499023438 228.6941375732422 3.88021 1.5681057 1.7518462 0.19010657 3.03051 41.25343 1.8366928100585938 0.4635797441005707
Car 0.0 0 -1.2813295125961304 388.25054931640625 178.76058959960938 517.4849853515625 270.9251403808594 3.9473016 1.6828145 1.6260103 -3.2489886 1.8264529 15.466237 -1.4883885383605957 0.3167745769023895
Car 0.0 0 1.7612403631210327 699.4321899414062 191.35073852539062 728.6981811523438 211.1809539794922 3.5928705 1.4771016 1.7383673 8.575795 3.0516407 59.422348 1.9045701026916504 0.2521527111530304
Car 0.0 0 1.5024603605270386 741.5081787109375 174.98361206054688 790.6571044921875 216.5162353515625 4.3259883 1.5592233 1.6589451 6.279535 1.6535444 29.574919 1.7116795778274536 0.22042739391326904
Car 0.0 0 0.18878120183944702 520.6637573242188 202.17140197753906 583.8915405273438 236.55528259277344 2.8670652 1.5717019 1.4611859 -2.84255 3.044903 35.364124 0.10857415199279785 0.2157110571861267
Car 0.0 0 1.2205561399459839 706.5940551757812 182.57064819335938 763.4088745117188 216.22596740722656 3.926556 1.5730764 1.6102206 6.3025327 2.099666 36.997776 1.3892854452133179 0.20106033980846405
