Pedestrian 0.0 0 2.9597115516662598 670.1341552734375 166.18878173828125 687.8003540039062 204.2283935546875 0.7430054 1.8184614 0.6505823 3.2888906 1.5001926 34.84654 3.0538148880004883 0.27810347080230713
Car 0.0 0 -1.990784764289856 776.8860473632812 178.0614013671875 1065.4910888671875 341.6649169921875 3.5413833 1.4143305 1.5845222 3.1213322 1.4866832 8.161521 -1.6255030632019043 0.9163963794708252
Car 0.0 0 1.9906725883483887 139.99330139160156 185.13681030273438 349.4111022949219 296.9183654785156 3.819499 1.4520764 1.5765084 -5.7121053 1.6851068 11.7303915 1.537519931793213 0.868783712387085
Car 0.0 0 2.2475576400756836 0.0 192.04566955566406 198.8148651123047 375.0 3.4338381 1.4260857 1.505027 -5.708307 1.656293 6.91181 1.5572357177734375 0.7394343614578247
Car 0.0 0 1.0191738605499268 466.512451171875 177.70571899414062 528.249755859375 206.53225708007812 3.8045955 1.4790804 1.5873859 -6.2629123 1.7591903 39.6403 0.8624756336212158 0.7323617935180664
Car 0.0 0 -2.4744017124176025 946.7581176757812 210.8758087158203 1242.0 375.0 4.077852 1.4451282 1.592379 3.1044562 1.7030388 2.797643 -1.6370664834976196 0.5319017171859741
Car 0.0 0 1.8188998699188232 203.44798278808594 179.92111206054688 271.9389343261719 221.09971618652344 3.8339543 1.4984841 1.5496235 -14.908796 1.8028822 28.99698 1.3439964056015015 0.3504801094532013
Car 0.0 0 2.516700267791748 558.390625 173.22511291503906 616.7071533203125 194.26585388183594 4.2440395 1.5327274 1.6545073 -1.6989796 1.5621603 54.57688 2.4855802059173584 0.33426332473754883
Car 0.0 0 2.7376480102539062 674.80712890625 169.3314666748047 731.21923828125 188.85374450683594 4.181272 1.5339302 1.6735287 7.452097 1.2575107 58.06622 2.865288257598877 0.29936736822128296
Car 0.0 0 0.8889681100845337 360.0139465332031 179.4202117919922 417.003173828125 203.9373016357422 3.5217924 1.4468468 1.5202477 -13.876801 1.8718871 45.052628 0.5901761054992676 0.2678408622741699
