Pedestrian 0.0 0 2.076835870742798 0.0 142.37338256835938 78.4069595336914 301.11309814453125 0.98470396 1.8433418 0.6437366 -7.2549353 1.4897479 8.917322 1.39387047290802 0.43752503395080566
Pedestrian 0.0 0 -1.6971384286880493 1031.62158203125 151.2024688720703 1055.1566162109375 203.33030700683594 1.2741332 1.783574 0.55095863 15.189796 1.0431167 25.379011 -1.1578092575073242 0.19785186648368835
Pedestrian 0.0 0 -0.09403303265571594 802.514892578125 146.11080932617188 829.3223876953125 200.61180114746094 0.84417766 1.8707068 0.5988043 7.1224704 0.95312417 25.134401 0.18210291862487793 0.19752992689609528
Pedestrian 0.0 0 -1.5334912538528442 461.1213073730469 156.1992645263672 475.830322265625 196.7581787109375 0.64725345 1.936527 0.67399967 -6.865055 1.1416876 34.820263 -1.728151559829712 0.19737599790096283
Pedestrian 0.0 0 0.41132235527038574 286.99957275390625 136.41001892089844 336.2597961425781 231.6307373046875 0.7228659 1.8553796 0.61317104 -5.9838324 1.1456249 14.369032 0.016724824905395508 0.14939665794372559
Pedestrian 0.0 0 0.6621593832969666 91.40796661376953 123.0242691040039 181.8381805419922 221.8271484375 1.3808768 1.8274337 0.5591633 -9.011761 0.906153 13.676187 0.07952642440795898 0.1139603927731514
Cyclist 0.0 0 -1.1234639883041382 28.595455169677734 136.56138610839844 135.86207580566406 279.7872314453125 1.7552509 1.8045673 0.48836595 -7.2996707 1.3476582 9.995676 -1.7542262077331543 0.3356391191482544
Cyclist 0.0 0 -1.375866174697876 113.41777038574219 173.1691131591797 169.7857208251953 279.51513671875 1.728035 1.7098199 0.4964149 -8.1321125 1.7160276 12.497632 -1.9527279138565063 0.29069429636001587
Cyclist 0.0 0 -1.6763927936553955 1031.9891357421875 150.4306640625 1054.5814208984375 201.90530395507812 1.2876993 1.7618235 0.5463767 15.194555 0.9946978 25.392376 -1.137157678604126 0.1777648627758026
Cyclist 0.0 0 0.6621593832969666 91.40796661376953 123.0242691040039 181.8381805419922 221.8271484375 1.3808768 1.8274337 0.5591633 -9.011761 0.906153 13.676187 0.07952642440795898 0.16185443103313446
Car 0.0 0 1.1610374450683594 754.3331909179688 186.2690887451172 1182.7496337890625 375.0 3.859702 1.5178827 1.6115704 2.4180043 1.6682966 6.1126595 1.5377217531204224 0.898101270198822
Car 0.0 0 2.2290008068084717 464.61541748046875 177.23171997070312 674.9097900390625 282.3858947753906 4.2307053 1.6308353 1.7045681 -0.6287954 1.7271606 13.59358 2.182776927947998 0.8819268941879272
Car 0.0 0 -2.1383726596832275 0.0 0.0 1242.0 375.0 3.9827566 1.4586805 1.6018969 2.1239016 1.4565182 1.2897141 -1.1133010387420654 0.323442280292511
Car 0.0 0 2.01647686958313 226.72515869140625 173.10397338867188 287.6767272949219 202.05694580078125 3.7819254 1.540699 1.5844787 -19.672644 1.5556856 40.32323 1.562577247619629 0.14894890785217285
