Pedestrian 0.0 0 -1.4887079000473022 598.4155883789062 158.21905517578125 614.6510620117188 198.90478515625 0.8184533 1.8828824 0.6976131 -0.19741799 1.2059541 33.823673 -1.494544506072998 0.3238320052623749
Pedestrian 0.0 0 -2.727789878845215 427.9162292480469 163.13043212890625 457.4674377441406 214.67617797851562 0.84403986 1.808368 0.6297221 -5.998754 1.4675962 25.69773 -2.957118511199951 0.23491795361042023
Pedestrian 0.0 0 -1.0991774797439575 0.0 151.43943786621094 23.930130004882812 197.83607482910156 0.6567845 1.94364 0.7064194 -25.511442 1.0469029 30.622164 -1.7937803268432617 0.2315150946378708
Pedestrian 0.0 0 1.703036904335022 535.5397338867188 156.1932830810547 550.1380004882812 194.6959686279297 0.8039436 1.9244238 0.6355145 -3.4289744 1.0920537 36.47474 1.6093028783798218 0.21364115178585052
Cyclist 0.0 0 -0.49467703700065613 866.3970336914062 178.49180603027344 956.2588500976562 249.47145080566406 1.7986708 1.6262974 0.80599046 7.0739546 1.7641432 17.100382 -0.10244003683328629 0.40601620078086853
Cyclist 0.0 0 -0.40081632137298584 787.2692260742188 156.80543518066406 848.6555786132812 211.01901245117188 1.818531 1.7361251 0.6396283 6.7289476 1.222547 23.53199 -0.12229974567890167 0.28897374868392944
Car 0.0 0 2.5019707679748535 1001.87255859375 175.8544158935547 1233.9808349609375 252.16123962402344 3.6031468 1.4375225 1.5562096 10.039231 1.5016537 14.4947195 3.1077218055725098 0.7744032144546509
Car 0.0 0 2.3144822120666504 0.0 188.2585906982422 76.57318115234375 301.0436096191406 3.9207795 1.5885369 1.6213566 -11.668561 1.9010468 12.656898 1.56969153881073 0.547164797782898
Car 0.0 0 1.3184967041015625 114.52989196777344 182.7536163330078 209.14895629882812 234.37448120117188 4.052372 1.4511056 1.5900766 -14.392034 1.7942305 23.008251 0.759526252746582 0.49650484323501587
Car 0.0 0 1.5061018466949463 24.76641082763672 183.58782958984375 100.82939910888672 238.59793090820312 4.0633087 1.4866086 1.6067219 -17.058588 1.850282 22.359882 0.8543891906738281 0.4940989911556244
