Pedestrian 0.0 0 -2.3455328941345215 925.3718872070312 136.710693359375 961.6492309570312 194.2666473388672 0.89220774 1.8423908 0.6247984 11.047741 0.44222438 23.151167 -1.9002909660339355 0.35320061445236206
Pedestrian 0.0 0 1.814199686050415 0.0 183.4136962890625 20.800626754760742 226.681396484375 0.7424758 1.7932988 0.68482566 -25.231236 1.9197986 29.849333 1.1124484539031982 0.1815420240163803
Pedestrian 0.0 0 -2.2625341415405273 1001.8148193359375 162.9932098388672 1116.8492431640625 350.8570251464844 0.70655274 1.6994529 0.6185054 4.2836204 1.5427834 6.781075 -1.6991298198699951 0.16923706233501434
Pedestrian 0.0 0 2.5360093116760254 34.011539459228516 187.5607452392578 54.4616584777832 217.05929565429688 0.78111154 1.8004562 0.61809313 -34.76921 2.244229 43.835205 1.865440845489502 0.1555158495903015
Pedestrian 0.0 0 2.003948926925659 400.42584228515625 176.9928436279297 421.6903381347656 207.87911987304688 1.6306256 1.6606171 0.48977867 -10.657525 1.4734578 38.85441 1.7362394332885742 0.10225129872560501
Cyclist 0.0 0 0.010044023394584656 615.1543579101562 164.6298828125 641.6464233398438 189.31085205078125 1.8511882 1.7241884 0.71982396 1.6546322 0.61681616 49.78837 0.04326510429382324 0.5497466921806335
Cyclist 0.0 0 -1.112820029258728 401.9952697753906 177.017578125 423.7850341796875 207.5325164794922 1.657671 1.6430347 0.4757652 -10.575351 1.4569328 38.92416 -1.3781074285507202 0.4631260633468628
Cyclist 0.0 0 2.967106342315674 563.2404174804688 167.85894775390625 589.3240356445312 191.99537658691406 1.8429368 1.7619334 0.60776407 -2.111021 0.8404288 52.10228 2.9266116619110107 0.21615903079509735
Cyclist 0.0 0 -2.3262860774993896 924.6431274414062 136.30531311035156 962.7916870117188 194.7291717529297 0.9857774 1.864552 0.6157583 11.039227 0.4556617 23.123278 -1.8808752298355103 0.14087073504924774
Car 0.0 0 -1.453317403793335 530.0225830078125 172.25650024414062 561.967529296875 196.78396606445312 3.6794136 1.4859562 1.5941467 -3.6919625 0.98789716 44.696926 -1.535730242729187 0.483979195356369
Car 0.0 0 2.6278042793273926 865.3798217773438 148.30459594726562 972.2198486328125 185.10951232910156 3.9327242 1.5408376 1.6305612 13.5151205 0.1944603 30.599157 3.043720006942749 0.40965232253074646
Car 0.0 0 1.7632046937942505 43.482513427734375 181.71189880371094 113.68054962158203 222.0305938720703 3.8734612 1.5378184 1.6118243 -21.649967 1.5929061 29.18318 1.1249306201934814 0.22771155834197998
Car 0.0 0 1.3430235385894775 962.1389770507812 150.25518798828125 1008.8441772460938 178.21861267089844 3.7723243 1.5663375 1.6224555 22.512573 -0.14063086 41.964836 1.835414171218872 0.14448650181293488
