Pedestrian 0.0 0 0.03068964183330536 420.28485107421875 151.56353759765625 515.85205078125 302.4619445800781 1.102559 1.7529739 0.5894561 -1.7001159 1.418505 8.589878 -0.16470593214035034 0.6057925820350647
Pedestrian 0.0 0 1.8640145063400269 256.40838623046875 169.80165100097656 304.69000244140625 262.2214050292969 0.74133134 1.7359751 0.66600066 -6.3125196 1.5366578 13.689136 1.4319405555725098 0.21011294424533844
Pedestrian 0.0 0 -0.4323922097682953 821.4336547851562 188.96835327148438 870.5177612304688 277.86639404296875 0.6929442 1.7021186 0.6877326 4.714805 1.8758289 13.983901 -0.10720205307006836 0.20125527679920197
Pedestrian 0.0 0 1.4035358428955078 838.6384887695312 171.56478881835938 870.4370727539062 242.7480010986328 0.76323193 1.7530924 0.6360211 6.25035 1.5346344 17.838013 1.7405624389648438 0.195144921541214
Pedestrian 0.0 0 -2.164031505584717 1111.3238525390625 185.33827209472656 1224.0 370.0 0.68362767 1.6660591 0.66782314 4.3230205 1.7066975 5.3139477 -1.4810988903045654 0.15528838336467743
Pedestrian 0.0 0 -0.6353374719619751 986.89892578125 192.06956481933594 1125.452392578125 370.0 0.6527137 1.6205797 0.58161986 3.2883885 1.7138107 5.272972 -0.07772323489189148 0.12736529111862183
Cyclist 0.0 0 -1.2069536447525024 1115.0224609375 188.0757598876953 1224.0 370.0 1.8080828 1.627848 0.6714457 5.489208 1.7070713 6.4993954 -0.5056191682815552 0.23098984360694885
Cyclist 0.0 0 0.05473877489566803 421.7604064941406 152.61566162109375 518.3698120117188 303.7271423339844 1.1153247 1.7570657 0.5998621 -1.6690092 1.4345208 8.5896845 -0.1371738165616989 0.116099514067173
Car 0.0 0 -0.302639901638031 460.2956848144531 190.65989685058594 640.171630859375 261.6151428222656 3.8899 1.4687486 1.6016006 -1.3211432 1.728898 16.51982 -0.38244327902793884 0.1872938573360443
Car 0.0 0 -1.3135218620300293 292.50018310546875 194.71658325195312 382.6004943847656 251.6084442138672 3.5400066 1.4074414 1.5579691 -7.5767236 1.8531436 20.244942 -1.6716371774673462 0.14767511188983917
