Pedestrian 0.0 0 1.7464584112167358 711.3589477539062 123.95948791503906 740.637451171875 203.6677703857422 0.73313016 1.8740611 0.57995534 2.7541041 0.72483605 17.40284 1.9034128189086914 0.4536654055118561
Pedestrian 0.0 0 0.9376232624053955 1101.544677734375 131.59913635253906 1233.0302734375 315.7388000488281 0.9564398 1.7838866 0.6303816 5.6727777 1.3845805 7.470571 1.5870815515518188 0.32217592000961304
Car 0.0 0 -1.8226263523101807 683.1981201171875 186.42755126953125 807.4258422851562 274.07049560546875 3.6268513 1.4971389 1.6046307 2.5701566 1.8106812 14.773901 -1.6503840684890747 0.9079201817512512
Car 0.0 0 -1.4179211854934692 405.8678894042969 190.3612518310547 483.3450927734375 252.2214813232422 3.7507741 1.5351063 1.6314154 -4.7399487 2.0899472 20.921711 -1.640716552734375 0.8801088333129883
Car 0.0 0 -1.427213430404663 458.5319519042969 182.77952575683594 511.23626708984375 222.6199493408203 3.8606632 1.4865259 1.6111155 -5.1456723 1.9242903 29.843119 -1.5979586839675903 0.8742577433586121
Car 0.0 0 -1.688296914100647 645.2916259765625 182.7220916748047 703.0907592773438 230.5250701904297 3.4314814 1.496165 1.5905733 2.1157737 1.8628395 25.040445 -1.604002833366394 0.816611111164093
Car 0.0 0 2.320096492767334 0.0 217.45462036132812 218.51287841796875 375.0 3.9573011 1.4710442 1.5987781 -4.651708 1.9037932 5.0127296 1.572036623954773 0.7574325799942017
Car 0.0 0 1.627461314201355 497.14019775390625 184.35838317871094 526.5057983398438 211.8072967529297 3.6884866 1.5446423 1.5737776 -5.9942913 2.2783818 44.0937 1.4923452138900757 0.6090567708015442
Car 0.0 0 -2.0831193923950195 1038.8251953125 20.955921173095703 1242.0 375.0 3.8914335 1.4777663 1.6059973 2.717879 1.4190595 2.3798652 -1.2315115928649902 0.34567633271217346
Car 0.0 0 1.5404467582702637 628.4733276367188 178.29832458496094 659.2484130859375 206.73452758789062 3.9636314 1.5023688 1.6122563 1.8409438 1.8262087 40.874947 1.5854548215866089 0.3346188962459564
