Pedestrian 0.0 0 -1.878324031829834 832.8131103515625 165.12416076660156 900.5554809570312 268.2291564941406 1.8657392 1.7771771 0.63745534 4.6633897 1.6442989 13.3755045 -1.5428510904312134 0.12600882351398468
Cyclist 0.0 0 -1.878324031829834 832.8131103515625 165.12416076660156 900.5554809570312 268.2291564941406 1.8657392 1.7771771 0.63745534 4.6633897 1.6442989 13.3755045 -1.5428510904312134 0.3221105933189392
Cyclist 0.0 0 2.0110485553741455 455.5953063964844 174.87803649902344 472.82745361328125 200.29470825195312 1.6353973 1.7137856 0.5157513 -10.0513735 1.8558016 49.640717 1.8112671375274658 0.2790583670139313
Cyclist 0.0 0 -1.2346913814544678 1084.3350830078125 156.76956176757812 1182.435546875 277.1385803222656 1.88142 1.663981 0.60048056 7.7708464 1.4419874 10.756215 -0.6090554594993591 0.25001516938209534
Cyclist 0.0 0 -2.42474627494812 896.6245727539062 193.3149871826172 1031.999755859375 314.3303527832031 1.9454002 1.7164285 0.7370309 5.5853186 2.0758972 11.6217985 -1.9767470359802246 0.13510313630104065
Car 0.0 0 1.9651628732681274 249.04843139648438 184.55599975585938 372.0398864746094 246.74790954589844 4.104368 1.4537771 1.6348275 -8.048538 1.8069679 19.695303 1.5772196054458618 0.8887890577316284
Car 0.0 0 2.3115549087524414 122.8572998046875 206.4121856689453 206.31710815429688 238.6156768798828 3.7448525 1.4652402 1.7793512 -24.024752 3.3735414 39.013992 1.7595998048782349 0.3349308967590332
Car 0.0 0 3.5389554500579834 0.0 204.67738342285156 92.96569061279297 240.00729370117188 3.5770001 1.579298 1.5895295 -28.041805 3.2101417 35.725388 2.8734734058380127 0.2335517257452011
Car 0.0 0 1.0061732530593872 876.9025268554688 207.69302368164062 1242.0 375.0 3.9526696 1.4279464 1.582333 2.7797897 1.7114241 3.839241 1.6328562498092651 0.15033209323883057
Car 0.0 0 2.05020809173584 646.1732788085938 178.99105834960938 720.3369750976562 216.49183654785156 3.6841848 1.4382865 1.5759155 3.090919 1.7130629 30.288548 2.151905059814453 0.13095112144947052
