Pedestrian 0.0 0 -0.1905379742383957 547.5355834960938 150.45889282226562 641.2587890625 312.7825622558594 0.9333336 1.7026439 0.60780126 -0.18058977 1.3892279 7.807336 -0.21366463601589203 0.7909639477729797
Pedestrian 0.0 0 -1.6001534461975098 839.6861572265625 174.35101318359375 867.4361572265625 244.6585693359375 0.86681706 1.7321118 0.63548106 6.2554073 1.5822214 17.923111 -1.2643578052520752 0.19051553308963776
Pedestrian 0.0 0 2.406437397003174 53.26704406738281 191.94488525390625 104.11066436767578 252.96633911132812 1.0084258 1.6985589 0.6448581 -15.238667 2.0401137 20.442064 1.7658504247665405 0.17076994478702545
Pedestrian 0.0 0 2.602052688598633 749.5421142578125 127.16062927246094 806.2400512695312 233.20751953125 0.7681481 1.7930539 0.5881623 2.9688911 0.8928338 12.34533 2.8380579948425293 0.16358621418476105
Pedestrian 0.0 0 -3.459151029586792 822.5604248046875 192.9253387451172 870.4844360351562 282.6346130371094 0.71064657 1.7144054 0.6983566 4.7149725 1.9675766 13.956784 -3.133362054824829 0.1623608022928238
Pedestrian 0.0 0 -1.1524614095687866 483.4614562988281 164.2802734375 535.6079711914062 264.66937255859375 0.987553 1.790028 0.61685085 -1.8068836 1.502458 13.16243 -1.2888845205307007 0.1600959450006485
Pedestrian 0.0 0 1.878114104270935 255.42649841308594 170.82737731933594 304.0740051269531 263.8291931152344 0.73605293 1.7393053 0.6622287 -6.298592 1.5600461 13.624782 1.4450874328613281 0.1522710919380188
Pedestrian 0.0 0 -2.057063341140747 1114.9229736328125 188.34622192382812 1224.0 370.0 0.67341876 1.6642073 0.6558764 4.313121 1.7291616 5.300103 -1.3739759922027588 0.14482992887496948
Pedestrian 0.0 0 -2.5764663219451904 1128.91357421875 145.4600372314453 1204.7274169921875 257.28851318359375 0.75007504 1.7507602 0.62379164 9.100008 1.2038397 11.521514 -1.907958984375 0.1317274570465088
Pedestrian 0.0 0 2.98514723777771 637.0634155273438 171.458251953125 695.0436401367188 270.76031494140625 0.97288644 1.7755326 0.6269695 1.0668459 1.6155072 12.985953 3.0671169757843018 0.12775379419326782
Cyclist 0.0 0 -2.3814473152160645 0.0 174.03631591796875 86.80472564697266 257.7137145996094 1.9233379 1.6338993 0.7023592 -11.658211 1.5093195 14.221821 -3.0681099891662598 0.3010042607784271
Cyclist 0.0 0 1.9736123085021973 60.84075164794922 150.03553771972656 133.79281616210938 248.55967712402344 1.6594478 1.7110082 0.49234065 -9.435449 1.183596 13.13736 1.3507658243179321 0.19529716670513153
Cyclist 0.0 0 1.5154905319213867 963.990966796875 137.8143768310547 1010.4505615234375 254.80282592773438 1.6106708 1.7806168 0.57372236 6.204366 1.1325821 11.607805 2.0063552856445312 0.13609753549098969
Cyclist 0.0 0 3.6371819972991943 40.69032669067383 192.10205078125 104.65021514892578 254.95594787597656 1.2973862 1.7569585 0.6974165 -15.349734 2.1000152 20.364185 2.9912779331207275 0.13108192384243011
Car 0.0 0 2.278032064437866 0.0 186.38259887695312 125.69429016113281 236.87599182128906 4.187078 1.5134151 1.6385682 -18.481356 1.7308139 23.812685 1.6180264949798584 0.21130552887916565
