Pedestrian 0.0 0 -3.6427464485168457 1053.6199951171875 188.0777587890625 1091.7449951171875 248.48670959472656 0.74366915 1.7956775 0.67699444 14.047247 2.2677321 21.99079 -3.0743000507354736 0.2389553040266037
Pedestrian 0.0 0 1.0935877561569214 1190.51904296875 207.60501098632812 1242.0 288.1933288574219 0.81520283 1.7999756 0.7954787 14.332728 2.6434312 17.017147 1.7935665845870972 0.1755380481481552
Cyclist 0.0 0 -1.5378435850143433 58.4217529296875 198.20010375976562 82.21663665771484 268.3199768066406 1.6586486 1.6570646 0.4354002 -13.825496 2.333331 18.434313 -2.1813364028930664 0.22244670987129211
Cyclist 0.0 0 -3.028318166732788 901.2052001953125 195.55860900878906 948.2074584960938 241.57452392578125 1.702988 1.8065118 0.8180122 12.986725 2.7715104 29.87306 -2.618234872817993 0.19948062300682068
Car 0.0 0 1.8238189220428467 461.247802734375 177.6783447265625 496.43798828125 201.337890625 4.3362775 1.7824484 1.729188 -10.424211 2.1820948 57.489666 1.6444445848464966 0.3769010305404663
Car 0.0 0 1.8705430030822754 0.0 200.63719177246094 78.64976501464844 238.78387451171875 3.951664 1.5042415 1.803476 -26.639639 2.8887312 33.775616 1.202715516090393 0.3036472201347351
Car 0.0 0 1.4105111360549927 332.38262939453125 177.19471740722656 399.104736328125 224.0578155517578 3.933682 1.4952629 1.613661 -8.749017 1.6619253 25.52622 1.080312967300415 0.2460785210132599
Car 0.0 0 1.4485547542572021 1179.1142578125 180.3020477294922 1235.201416015625 214.51516723632812 3.7655675 1.5333853 1.6556984 29.061298 1.9186561 35.25338 2.1379709243774414 0.21006743609905243
Car 0.0 0 2.25988507270813 155.06094360351562 197.50784301757812 217.8415985107422 222.85365295410156 3.6220946 1.4785688 1.6587216 -27.98536 3.1758876 47.74232 1.7296929359436035 0.20912684500217438
Car 0.0 0 1.8699356317520142 775.374267578125 192.40582275390625 817.580078125 216.51710510253906 3.9345016 1.5033903 1.7870673 13.086064 2.9332216 50.606747 2.122976303100586 0.18682076036930084
