Pedestrian 0.0 0 1.2187682390213013 707.6746826171875 175.3927459716797 722.0678100585938 207.3553924560547 0.7641506 1.7867831 0.57723045 5.897527 1.9323564 40.83529 1.362198829650879 0.34714841842651367
Pedestrian 0.0 0 -0.696609377861023 1110.0494384765625 185.5090789794922 1161.09326171875 263.39874267578125 0.7022293 1.7975963 0.6871664 12.423147 2.1049862 17.135798 -0.06931286305189133 0.2536914050579071
Pedestrian 0.0 0 1.413817286491394 826.2267456054688 171.12875366210938 847.5735473632812 216.4249267578125 1.051062 1.7948688 0.66469926 9.119235 1.726864 29.156647 1.7169452905654907 0.24123221635818481
Cyclist 0.0 0 1.413817286491394 826.2267456054688 171.12875366210938 847.5735473632812 216.4249267578125 1.051062 1.7948688 0.66469926 9.119235 1.726864 29.156647 1.7169452905654907 0.11663063615560532
Car 0.0 0 1.992261290550232 239.4954071044922 187.0348663330078 322.0091552734375 226.76763916015625 4.130881 1.4987302 1.6510361 -13.960241 2.1443577 30.760057 1.566215991973877 0.8688191771507263
Car 0.0 0 2.296020030975342 0.0 192.75860595703125 56.51938247680664 280.3093566894531 3.7099206 1.5020128 1.5675539 -13.814933 1.9702976 15.092218 1.5547789335250854 0.5380483269691467
Car 0.0 0 2.1070809364318848 396.7400207519531 181.28314208984375 444.93865966796875 202.79344177246094 4.0388594 1.4683931 1.5923308 -13.893443 2.1144357 53.107246 1.8512043952941895 0.5059462189674377
Car 0.0 0 1.975831389427185 205.8495330810547 185.19200134277344 279.43341064453125 221.2586669921875 3.9528048 1.4900743 1.587419 -16.84859 2.0930395 33.21492 1.5063928365707397 0.456413209438324
Car 0.0 0 2.226649761199951 0.0 186.76316833496094 95.3729476928711 232.15464782714844 3.6948347 1.4736648 1.5479435 -20.960606 2.0192115 26.420242 1.5559744834899902 0.4031676650047302
Car 0.0 0 -0.2883962094783783 903.362060546875 182.3702850341797 964.5496215820312 203.4709014892578 4.2668533 1.6708914 1.7462269 26.56071 2.4687335 59.316154 0.13261175155639648 0.3015654981136322
