Car 0.0 0 -2.2435264587402344 718.1728515625 176.5742645263672 797.7720947265625 214.39617919921875 3.4473596 1.5085331 1.5323104 6.2579083 1.6786064 31.02979 -2.0445215702056885 0.9112812280654907
Car 0.0 0 -2.087970733642578 798.7124633789062 183.92196655273438 1242.0 375.0 4.0132475 1.463118 1.5967444 2.8818438 1.5837986 5.79341 -1.6263773441314697 0.9068682193756104
Car 0.0 0 -2.7076399326324463 130.70068359375 184.81239318847656 412.9239501953125 276.1496887207031 4.1672854 1.4650849 1.6408058 -5.8057766 1.6882144 12.61296 -3.139028310775757 0.7770814895629883
Car 0.0 0 -2.5227484703063965 0.0 176.25001525878906 294.188232421875 296.0325927734375 3.6141672 1.5335375 1.599245 -6.654122 1.5857848 10.153072 -3.1028966903686523 0.7693429589271545
Car 0.0 0 -2.6345841884613037 189.47988891601562 180.5644989013672 401.2291259765625 253.8310089111328 3.8144891 1.4275672 1.5748662 -6.605562 1.6010709 15.230112 -3.0438151359558105 0.6150250434875488
Car 0.0 0 1.3542450666427612 623.496826171875 175.46624755859375 663.2117309570312 201.8498992919922 3.824822 1.5005071 1.5964172 1.9274703 1.6655126 43.45411 1.3985724449157715 0.5702793598175049
Car 0.0 0 -2.8057994842529297 306.1390075683594 173.07420349121094 445.4369812011719 224.5780029296875 3.782859 1.5334651 1.611669 -7.2240067 1.5409003 22.336569 -3.118598222732544 0.5456899404525757
Car 0.0 0 3.7679591178894043 0.0 172.5982208251953 204.46151733398438 333.4448547363281 3.5331998 1.4682891 1.5449301 -6.4863715 1.466312 7.50569 3.0552821159362793 0.4000799059867859
Car 0.0 0 -2.7347617149353027 351.2075500488281 178.1519317626953 475.0686340332031 224.7255401611328 3.7272599 1.4963797 1.5924628 -6.6760964 1.6841193 24.467821 -3.0011298656463623 0.3520147204399109
Car 0.0 0 1.6827975511550903 615.630859375 173.9198760986328 644.4507446289062 195.5519561767578 4.2185006 1.5182532 1.6590502 1.4857924 1.600254 53.060215 1.7107921838760376 0.33344289660453796
