Pedestrian 0.0 0 1.4807690382003784 822.848388671875 158.8032989501953 855.861083984375 236.26080322265625 0.9651521 1.8773966 0.699051 5.6712656 1.5371971 18.031675 1.7854902744293213 0.6958723068237305
Pedestrian 0.0 0 -3.47737979888916 1178.9075927734375 133.01463317871094 1242.0 277.2840576171875 0.8665204 1.82612 0.65376323 8.160749 1.3222027 9.59147 -2.772401809692383 0.49597519636154175
Pedestrian 0.0 0 -1.9271180629730225 676.5670166015625 171.47857666015625 690.3318481445312 199.53875732421875 1.0930861 1.788796 0.53544176 4.7072263 1.7014724 46.590744 -1.8264262676239014 0.22691157460212708
Pedestrian 0.0 0 -1.6326181888580322 909.4502563476562 129.1904296875 961.3643188476562 259.3995361328125 0.8203967 1.8164383 0.6383825 4.6918406 1.2076821 10.5586 -1.2144627571105957 0.20681464672088623
Pedestrian 0.0 0 -1.435274600982666 778.7763671875 169.6254119873047 795.7927856445312 207.43504333496094 1.3622657 1.714665 0.5895387 8.1888895 1.5686066 33.46073 -1.195260763168335 0.1411677598953247
Cyclist 0.0 0 -1.704441785812378 695.4838256835938 166.9379425048828 713.48486328125 208.8142852783203 1.8955045 1.7854532 0.5325993 4.10046 1.5335726 31.710047 -1.5758442878723145 0.688890814781189
Cyclist 0.0 0 -0.7574174404144287 2.708653211593628 190.2744903564453 45.404476165771484 231.3890380859375 1.608676 1.689763 0.384457 -25.333618 2.462632 31.171259 -1.439868688583374 0.16546553373336792
Cyclist 0.0 0 -1.9422343969345093 676.3193969726562 171.30804443359375 690.6639404296875 199.34864807128906 1.1763568 1.7856474 0.5292054 4.708611 1.6875575 46.582848 -1.841496229171753 0.15646757185459137
Cyclist 0.0 0 -1.435274600982666 778.7763671875 169.6254119873047 795.7927856445312 207.43504333496094 1.3622657 1.714665 0.5895387 8.1888895 1.5686066 33.46073 -1.195260763168335 0.1524680256843567
Cyclist 0.0 0 -3.6283633708953857 1170.527099609375 133.68431091308594 1242.0 276.11474609375 0.9895381 1.8044838 0.6422091 8.1144495 1.3085918 9.558713 -2.9245047569274902 0.10828123241662979
Car 0.0 0 2.5985779762268066 951.6632690429688 194.98265075683594 1022.3853759765625 220.4362335205078 4.0284805 1.6328357 1.5124393 25.385048 3.153695 48.694996 3.0791256427764893 0.5946313142776489
Car 0.0 0 -3.5914759635925293 1134.66845703125 202.766357421875 1242.0 246.56777954101562 3.3692873 1.5853614 1.537243 23.18035 2.8259957 28.785252 -2.913520336151123 0.20600707828998566
