Pedestrian 0.0 0 -1.742069959640503 843.00341796875 160.09603881835938 879.0706787109375 239.70741271972656 1.3955128 1.8436395 0.589183 6.001929 1.5485488 17.44242 -1.4106613397598267 0.254570871591568
Pedestrian 0.0 0 -1.8558706045150757 1002.6561889648438 138.4798126220703 1043.218017578125 218.877685546875 0.6203689 1.8659177 0.6874708 9.74159 1.0685008 17.124039 -1.3386448621749878 0.12081113457679749
Pedestrian 0.0 0 -3.466442823410034 923.8345947265625 148.98191833496094 974.7398681640625 227.91580200195312 0.951449 1.8610057 0.6487825 8.113365 1.2985373 17.384222 -3.0297813415527344 0.11327751725912094
Pedestrian 0.0 0 -1.7911441326141357 1065.890625 142.483154296875 1099.62255859375 207.83834838867188 0.9991194 1.8749948 0.6266271 13.881175 1.0040345 21.275307 -1.2130452394485474 0.10858545452356339
Cyclist 0.0 0 -1.7866853475570679 842.6388549804688 160.50196838378906 881.116943359375 240.36331176757812 1.497619 1.8462299 0.56563103 6.024103 1.5610344 17.454317 -1.4543508291244507 0.49528661370277405
Cyclist 0.0 0 -0.9300587177276611 1185.16845703125 173.22877502441406 1242.0 233.10546875 1.8131144 1.7500833 0.6881554 18.26516 1.7619604 21.63401 -0.22889485955238342 0.1527867317199707
Cyclist 0.0 0 -2.5618667602539062 1038.58984375 164.84219360351562 1096.70458984375 214.8905792236328 1.705433 1.6854347 0.5190158 15.900788 1.4159861 25.17936 -1.9986063241958618 0.12811072170734406
Car 0.0 0 2.273772954940796 0.0 171.488525390625 165.49217224121094 285.48382568359375 3.8243709 1.5001354 1.577383 -9.102569 1.4825242 11.427657 1.6011463403701782 0.3119259774684906
Car 0.0 0 1.7367500066757202 888.4520874023438 156.1283721923828 926.0278930664062 183.42161560058594 3.6069925 1.6520474 1.6252552 18.796183 0.6400108 45.632183 2.1274781227111816 0.15586140751838684
Car 0.0 0 2.064426898956299 155.1632537841797 165.1175537109375 311.3824462890625 235.83230590820312 4.262363 1.5750165 1.6536942 -9.331856 1.4030623 18.21537 1.590982437133789 0.10047135502099991
