Pedestrian 0.0 0 -1.3408875465393066 10.223514556884766 161.5853271484375 51.57255935668945 234.99932861328125 0.8303136 1.8193321 0.6513729 -14.798558 1.5404322 18.393484 -2.018399477005005 0.34903278946876526
Pedestrian 0.0 0 -1.3166613578796387 46.15434646606445 163.3747100830078 89.34046936035156 231.69583129882812 1.7921181 1.7798276 0.51160944 -14.842114 1.5332415 19.719883 -1.9618544578552246 0.1497727930545807
Cyclist 0.0 0 -1.3166613578796387 46.15434646606445 163.3747100830078 89.34046936035156 231.69583129882812 1.7921181 1.7798276 0.51160944 -14.842114 1.5332415 19.719883 -1.9618544578552246 0.426481157541275
Car 0.0 0 2.040653705596924 79.35830688476562 188.16458129882812 320.66259765625 310.897216796875 4.290618 1.5948498 1.6986059 -6.556657 1.8976333 12.081852 1.5434428453445435 0.8482950329780579
Car 0.0 0 1.6731804609298706 468.4508972167969 186.0497283935547 527.8607177734375 234.5321044921875 4.3551593 1.5582161 1.7249413 -4.0778384 2.0858772 26.612288 1.5211317539215088 0.8289707899093628
Car 0.0 0 2.3189280033111572 0.0 217.94749450683594 112.13811492919922 375.0 3.9837644 1.5222008 1.6562121 -6.2110977 2.0171225 5.868858 1.5052062273025513 0.7057346701622009
Car 0.0 0 2.915095806121826 713.7015991210938 173.96461486816406 803.8790893554688 204.74795532226562 4.335775 1.5649816 1.6969788 7.677531 1.6246818 37.647476 3.11626935005188 0.6022292971611023
Car 0.0 0 1.8628571033477783 346.71099853515625 195.46127319335938 435.4334411621094 250.93226623535156 3.928207 1.4875329 1.6266884 -6.8778715 2.267408 22.911993 1.5712292194366455 0.579890251159668
Car 0.0 0 1.6754467487335205 509.3953552246094 184.93983459472656 546.6365966796875 216.0301971435547 3.6707754 1.4850488 1.5617415 -4.277248 2.1483765 37.735546 1.5625804662704468 0.481653094291687
Car 0.0 0 -1.6072423458099365 630.1171264648438 180.78782653808594 659.2870483398438 206.44541931152344 4.0284877 1.4646311 1.640675 2.0647664 1.9761076 44.458336 -1.5608329772949219 0.4746561050415039
Car 0.0 0 -2.0476319789886475 884.5081176757812 151.41073608398438 935.626953125 178.96881103515625 3.547144 1.7566409 1.6828951 19.800983 0.39013588 47.82855 -1.6551158428192139 0.3648867607116699
