Pedestrian 0.0 0 2.5046780109405518 720.654296875 146.09996032714844 829.2366333007812 317.947265625 0.9285229 1.7235023 0.64592475 1.7607495 1.3801891 7.566952 2.7332992553710938 0.7371196150779724
Pedestrian 0.0 0 -1.7183152437210083 839.235595703125 172.9748992919922 870.65380859375 243.5550994873047 0.77001756 1.7371676 0.6386141 6.2597566 1.553552 17.835787 -1.3807799816131592 0.23097951710224152
Pedestrian 0.0 0 -0.42246586084365845 822.796875 190.1473388671875 869.2037353515625 280.58837890625 0.6580666 1.7331944 0.65024436 4.713625 1.9304358 13.976078 -0.09718206524848938 0.15552589297294617
Pedestrian 0.0 0 0.4891958236694336 1126.14013671875 144.38467407226562 1202.435791015625 257.0535583496094 0.75753206 1.758638 0.6510989 9.050786 1.1965742 11.50919 1.1555867195129395 0.13686390221118927
Pedestrian 0.0 0 3.059096336364746 636.3401489257812 172.34451293945312 693.8035278320312 270.47509765625 1.0013044 1.7597929 0.61844873 1.047525 1.615181 12.984881 3.139594554901123 0.13531607389450073
Pedestrian 0.0 0 -2.1678097248077393 1112.046630859375 185.8638458251953 1224.0 370.0 0.6840787 1.6645671 0.65955764 4.3237157 1.7094103 5.311963 -1.484615445137024 0.1303211897611618
Pedestrian 0.0 0 -0.8422253727912903 53.87361526489258 190.901123046875 105.29479217529297 251.54635620117188 1.1060718 1.6880711 0.6152703 -15.216819 1.9990779 20.452234 -1.481886625289917 0.12993347644805908
Pedestrian 0.0 0 -2.4385900497436523 1136.2353515625 159.01742553710938 1224.0 260.35882568359375 1.5887767 1.6262947 0.5244731 10.054629 1.2832034 12.169705 -1.7480754852294922 0.1260620802640915
Pedestrian 0.0 0 -0.7697856426239014 984.6419677734375 190.5933074951172 1122.872314453125 370.0 0.64483017 1.6256382 0.5866565 3.2760887 1.7077851 5.274788 -0.2140069305896759 0.12418437749147415
Cyclist 0.0 0 -2.4385900497436523 1136.2353515625 159.01742553710938 1224.0 260.35882568359375 1.5887767 1.6262947 0.5244731 10.054629 1.2832034 12.169705 -1.7480754852294922 0.21165356040000916
Cyclist 0.0 0 -1.3874211311340332 74.47317504882812 158.39059448242188 125.03422546386719 252.48558044433594 1.6824027 1.6456993 0.47389346 -9.465274 1.2606556 13.223453 -2.008668899536133 0.17702214419841766
Car 0.0 0 1.960556983947754 53.69136047363281 185.0819854736328 147.63406372070312 227.9028778076172 3.7859764 1.4575268 1.5418785 -18.805504 1.64393 26.510635 1.343578815460205 0.21336889266967773
Car 0.0 0 1.8692076206207275 487.4242858886719 146.2759246826172 580.4549560546875 205.4608154296875 4.089025 1.592112 1.6345507 -2.041346 0.6730443 21.182146 1.7731332778930664 0.138151615858078
