Pedestrian 0.0 0 1.4332497119903564 1120.5537109375 189.4202423095703 1204.3167724609375 353.5871276855469 0.94323987 1.7317309 0.63491875 6.2610626 1.9354801 8.289357 2.0801427364349365 0.3001860976219177
Pedestrian 0.0 0 1.4356977939605713 921.843505859375 110.20551300048828 987.3566284179688 263.4308776855469 1.3649106 1.7990065 0.56510496 4.3096433 1.0638136 9.2044325 1.8735947608947754 0.12633298337459564
Cyclist 0.0 0 1.3785260915756226 1116.9825439453125 189.8101806640625 1207.4798583984375 356.17974853515625 1.1592349 1.7407886 0.6123816 6.2860227 1.9524975 8.335712 2.024650812149048 0.15765918791294098
Cyclist 0.0 0 1.4356977939605713 921.843505859375 110.20551300048828 987.3566284179688 263.4308776855469 1.3649106 1.7990065 0.56510496 4.3096433 1.0638136 9.2044325 1.8735947608947754 0.15016373991966248
Car 0.0 0 1.8422037363052368 374.9622497558594 181.33523559570312 444.89239501953125 223.0953369140625 4.012703 1.4692832 1.6143563 -7.767985 1.8248508 28.208097 1.5734829902648926 0.8569340705871582
Car 0.0 0 1.987738013267517 506.0937805175781 175.27703857421875 541.59765625 193.2908172607422 3.968123 1.4966183 1.5915225 -7.4613447 1.7145185 62.6474 1.869195818901062 0.3519175052642822
Car 0.0 0 2.037235736846924 455.8691101074219 174.07594299316406 501.7537841796875 195.6946563720703 3.9712007 1.4737248 1.6131381 -9.349656 1.5650128 51.557545 1.8578412532806396 0.18247123062610626
Car 0.0 0 2.134861469268799 262.4212341308594 190.8621826171875 306.61114501953125 210.3181610107422 3.8884296 1.5157279 1.6388155 -27.947191 3.1150956 62.02521 1.7115271091461182 0.14263540506362915
Car 0.0 0 -2.085115432739258 838.1401977539062 201.30360412597656 1242.0 375.0 4.051206 1.4523526 1.6089371 2.791045 1.7151743 4.6045804 -1.540189504623413 0.13777625560760498
Car 0.0 0 1.9745311737060547 117.68785095214844 193.19638061523438 188.72509765625 226.73109436035156 3.7908533 1.4698622 1.6406672 -22.765644 2.5431783 36.05309 1.4113086462020874 0.1218489333987236
Car 0.0 0 0.6690465807914734 258.6290283203125 194.53585815429688 320.77008056640625 217.61764526367188 3.9108698 1.5400981 1.6298283 -23.016083 3.135757 51.811287 0.25100207328796387 0.11925685405731201
