Car 0.0 0 -1.8819353580474854 794.5997314453125 191.6213836669922 1005.6564331054688 336.42645263671875 3.403483 1.4953979 1.5709858 3.5666401 1.791477 9.632373 -1.5273123979568481 0.9067627191543579
Car 0.0 0 1.9816603660583496 117.269287109375 199.85536193847656 431.7722473144531 375.0 3.4099424 1.5168879 1.5218393 -3.0325284 1.8507434 7.1951003 1.58278226852417 0.9002494215965271
Car 0.0 0 -1.631249189376831 707.8385620117188 193.0880889892578 770.7984008789062 251.35655212402344 4.0095487 1.5189484 1.6539669 3.8668795 2.204244 22.33777 -1.4598385095596313 0.8368650674819946
Car 0.0 0 1.7444621324539185 458.0646667480469 180.0591278076172 554.079833984375 250.89732360839844 4.3355083 1.5608195 1.7015795 -2.577052 1.7682643 18.53878 1.6063385009765625 0.7390583753585815
Car 0.0 0 1.5375430583953857 554.3604736328125 185.13604736328125 586.158935546875 218.28182983398438 3.8243103 1.6851894 1.6301943 -2.2858093 2.4022684 40.124977 1.4806373119354248 0.608081579208374
Car 0.0 0 1.379649043083191 734.7322387695312 194.70262145996094 845.0186157226562 278.10107421875 4.07288 1.535046 1.6472658 3.8888273 2.0956564 16.430578 1.612054705619812 0.5692779421806335
Car 0.0 0 0.9001734852790833 968.45849609375 212.42642211914062 1242.0 375.0 3.6943955 1.412092 1.5390469 3.8500068 1.7650505 4.556211 1.6017587184906006 0.5052368640899658
Car 0.0 0 1.4792121648788452 683.1365966796875 187.3098907470703 724.4212036132812 224.2557830810547 3.6771834 1.5828329 1.6015095 4.357557 2.3065064 34.23465 1.60581636428833 0.4824883043766022
Car 0.0 0 1.685447096824646 499.9615478515625 189.7340087890625 561.3427734375 241.7600555419922 3.8263335 1.505479 1.6028357 -2.607971 2.1131773 24.039677 1.5773836374282837 0.46293163299560547
Car 0.0 0 -1.6907525062561035 692.7830200195312 187.92388916015625 746.2257690429688 231.5115509033203 3.689473 1.4892659 1.5904168 4.1083527 2.1093764 27.805307 -1.5440596342086792 0.4593617916107178
Car 0.0 0 1.5112367868423462 674.4857788085938 187.91099548339844 708.824462890625 219.712890625 3.6327202 1.5509617 1.6120509 4.31073 2.3997276 38.798138 1.621889591217041 0.39855217933654785
