Pedestrian 0.0 0 -1.8064378499984741 1140.4373779296875 129.03872680664062 1214.3004150390625 247.90261840820312 1.3027838 1.7934968 0.6421611 9.041691 1.1327409 11.610147 -1.1447737216949463 0.24752402305603027
Pedestrian 0.0 0 -1.0555014610290527 1025.2086181640625 115.1882553100586 1087.154296875 227.65492248535156 0.68185794 1.8214691 0.63247657 7.442091 0.88789344 12.124723 -0.5050004720687866 0.17001469433307648
Pedestrian 0.0 0 -0.5921860933303833 1099.126220703125 103.03600311279297 1165.0848388671875 190.01010131835938 1.0052856 1.8374766 0.5678484 11.183146 0.36281 15.540623 0.03157830238342285 0.16845491528511047
Cyclist 0.0 0 -1.8064048290252686 729.4554443359375 176.84732055664062 744.2559204101562 210.48550415039062 1.6134007 1.6488798 0.36567745 6.350106 1.8550941 36.376114 -1.6335783004760742 0.24245674908161163
Cyclist 0.0 0 -1.0219135284423828 1126.5335693359375 130.9942169189453 1227.485107421875 247.3997802734375 1.3831706 1.7666209 0.6389045 8.974309 1.1316967 11.489589 -0.35881489515304565 0.2367868572473526
Car 0.0 0 1.8329441547393799 388.1044616699219 180.7411346435547 444.6820373535156 212.93533325195312 4.224134 1.4323044 1.6287397 -9.4138 1.8410693 35.246452 1.571951150894165 0.8215750455856323
Car 0.0 0 1.8141169548034668 360.58282470703125 179.00250244140625 438.7431640625 227.20249938964844 4.0513825 1.4684536 1.619594 -7.0934987 1.6956198 24.558662 1.532930850982666 0.4462239146232605
Car 0.0 0 1.7360491752624512 408.9174499511719 176.8117218017578 460.98419189453125 214.7996368408203 3.6073284 1.4543997 1.5212446 -7.220061 1.6287371 29.861897 1.498820185661316 0.4109084904193878
Car 0.0 0 1.6188626289367676 588.1589965820312 172.1479034423828 615.382568359375 195.78945922851562 3.928086 1.4978609 1.6148947 -0.5383481 1.4534831 47.704254 1.6075780391693115 0.31885579228401184
Car 0.0 0 2.031604766845703 461.2291259765625 176.22433471679688 503.28973388671875 197.06805419921875 3.9439132 1.5147195 1.582671 -9.755974 1.7829539 55.2307 1.8567678928375244 0.17337070405483246
