Pedestrian 0.0 0 -1.7904828786849976 938.2972412109375 127.96412658691406 968.4795532226562 190.48822021484375 0.86788636 1.8686872 0.6525843 10.615001 0.3000853 21.625277 -1.334173321723938 0.3959713280200958
Pedestrian 0.0 0 -2.8015530109405518 446.9979553222656 172.1033172607422 463.9355163574219 203.21531677246094 0.8433366 1.8527951 0.60182315 -8.982235 1.3541191 42.455112 -3.0100486278533936 0.29993656277656555
Pedestrian 0.0 0 -1.9721195697784424 1057.261474609375 116.20928955078125 1104.9998779296875 198.18516540527344 0.88412553 1.8462245 0.6210282 10.999133 0.39990908 16.411428 -1.381666660308838 0.24500243365764618
Pedestrian 0.0 0 -1.4146672487258911 460.71881103515625 175.26400756835938 480.7970275878906 216.34938049316406 0.7505068 1.7133358 0.7268685 -5.68773 1.4964694 29.866997 -1.6028492450714111 0.20363913476467133
Pedestrian 0.0 0 3.0080184936523438 559.74755859375 166.16403198242188 574.0944213867188 197.052001953125 0.82219803 1.8971285 0.53596115 -2.3625996 1.0179731 43.761654 2.95408296585083 0.1898035854101181
Pedestrian 0.0 0 -1.279961347579956 383.9287109375 179.83509826660156 401.68939208984375 213.72315979003906 1.57457 1.6324488 0.40615728 -10.463242 1.6018611 34.84232 -1.5716958045959473 0.12139598280191422
Cyclist 0.0 0 3.049255609512329 647.53369140625 167.41598510742188 679.6771850585938 196.73834228515625 1.8894207 1.7672724 0.70031816 3.5495994 0.980055 42.968708 3.1316773891448975 0.5698456168174744
Cyclist 0.0 0 -1.2584044933319092 384.607666015625 179.4277801513672 402.2893981933594 213.6629180908203 1.5687904 1.6520364 0.3744911 -10.44974 1.6017374 34.90234 -1.5493102073669434 0.5472977161407471
Cyclist 0.0 0 -0.18715481460094452 591.43115234375 169.51278686523438 622.2534790039062 197.3483428955078 1.9209114 1.7862612 0.59474254 0.11601331 1.0825272 45.83636 -0.18462379276752472 0.5380610227584839
Cyclist 0.0 0 -2.7525815963745117 364.0114440917969 181.94398498535156 392.3802185058594 208.3395233154297 1.709703 1.7896972 0.7068374 -15.519105 1.8907152 48.400356 -3.0628652572631836 0.17364579439163208
Cyclist 0.0 0 -1.809413194656372 938.2119140625 127.3153076171875 969.7110595703125 190.2695770263672 1.0219003 1.8765477 0.6385585 10.637204 0.29277584 21.638786 -1.3525238037109375 0.14159832894802094
Car 0.0 0 -1.5104141235351562 516.6707763671875 176.44085693359375 550.407470703125 204.6394500732422 3.526653 1.4358468 1.5862061 -3.7885454 1.2305827 37.790634 -1.6103311777114868 0.7153711915016174
Car 0.0 0 2.6238138675689697 925.1036376953125 141.5829315185547 1084.6236572265625 191.05018615722656 4.4358816 1.6135403 1.7103809 13.411119 0.34567377 23.928354 3.134659767150879 0.4863589406013489
Car 0.0 0 1.775388479232788 538.9366455078125 175.4222412109375 570.2718505859375 195.6737060546875 3.978334 1.4674222 1.5828943 -3.749612 1.1007694 53.30515 1.7051618099212646 0.16122400760650635
