Pedestrian 0.0 0 1.3540695905685425 903.70068359375 153.0286865234375 971.89990234375 292.0313720703125 0.86460704 1.7168832 0.62819684 4.314395 1.3665601 9.359264 1.7860134840011597 0.6554875373840332
Pedestrian 0.0 0 3.2692441940307617 379.38177490234375 143.66497802734375 418.8642578125 213.72872924804688 0.9664702 1.8670031 0.58687615 -5.514287 0.85997003 19.500462 2.993662118911743 0.5818873047828674
Pedestrian 0.0 0 -1.6529617309570312 763.978515625 155.1125030517578 795.7335205078125 229.15415954589844 0.7529163 1.7764637 0.69549626 4.343329 1.1445519 17.65899 -1.4117931127548218 0.48575377464294434
Pedestrian 0.0 0 0.9454612135887146 474.47735595703125 138.96200561523438 516.0641479492188 218.74630737304688 0.79385656 1.8477294 0.63682956 -2.5700867 0.8637968 17.139761 0.7966213226318359 0.4189748764038086
Pedestrian 0.0 0 -3.539290189743042 1034.56982421875 151.79676818847656 1123.2017822265625 295.82183837890625 0.7639587 1.7774959 0.62791854 6.074399 1.4122502 9.241252 -2.9577908515930176 0.2840431332588196
Pedestrian 0.0 0 1.3538262844085693 720.2371215820312 156.59439086914062 735.8241577148438 195.10833740234375 0.72534263 1.9146289 0.6285751 6.348616 0.6773892 36.08349 1.5279862880706787 0.20682604610919952
Pedestrian 0.0 0 -1.1026281118392944 569.0847778320312 157.2626953125 586.070068359375 191.91822814941406 0.88202804 1.8722018 0.5964692 -1.3055742 0.5636559 39.329746 -1.1358115673065186 0.19716013967990875
Pedestrian 0.0 0 -2.6623589992523193 457.2496032714844 181.87335205078125 490.27203369140625 247.46099853515625 0.66665626 1.7387921 0.6279805 -3.48329 1.7502595 19.444454 -2.8396193981170654 0.1956099420785904
Pedestrian 0.0 0 -1.3768054246902466 735.4738159179688 155.2542724609375 750.6643676757812 192.2370147705078 0.72429776 1.9128278 0.6536406 7.4133525 0.55619985 37.61021 -1.182190179824829 0.1926277130842209
Pedestrian 0.0 0 -1.6782476902008057 865.9202270507812 157.24960327148438 885.6300048828125 204.20521545410156 0.84151715 1.7229443 0.5992305 10.223525 0.8341652 26.838287 -1.314287781715393 0.17930097877979279
Pedestrian 0.0 0 2.022231340408325 181.3894805908203 162.54806518554688 384.1846923828125 374.0 1.6759934 1.6128666 0.57663095 -2.1043372 1.5077677 4.884843 1.6154675483703613 0.15290874242782593
Cyclist 0.0 0 2.007396697998047 185.7837677001953 155.92291259765625 385.697265625 374.0 1.6980071 1.6249772 0.5701337 -2.0859025 1.4827594 4.889539 1.6041672229766846 0.7574971318244934
Cyclist 0.0 0 -1.1296460628509521 1004.2429809570312 155.7997283935547 1076.052001953125 243.35678100585938 1.718938 1.6548775 0.53761727 8.691256 1.170387 14.27169 -0.5826456546783447 0.21738740801811218
Cyclist 0.0 0 3.2601699829101562 376.75970458984375 144.66770935058594 419.9300842285156 215.54644775390625 1.065456 1.8857801 0.5977935 -5.530503 0.9069956 19.488174 2.983652353286743 0.11775601655244827
Car 0.0 0 1.730104923248291 603.1023559570312 165.8153839111328 648.3575439453125 197.7568359375 4.2095027 1.5272781 1.6557807 1.2904065 0.7782251 36.569633 1.7653765678405762 0.5180795192718506
Car 0.0 0 1.8673421144485474 910.4017944335938 161.16278076171875 1053.9129638671875 244.1995849609375 3.6376498 1.4647535 1.5625142 7.724699 1.107283 14.506889 2.3566386699676514 0.21932734549045563
