Pedestrian 0.0 0 0.5072956085205078 230.76658630371094 145.9269561767578 346.0047912597656 309.4664001464844 1.0111514 1.748427 0.6014061 -3.5671186 1.3804904 7.8957653 0.08296561241149902 0.6893605589866638
Pedestrian 0.0 0 1.3591291904449463 839.03125 172.57208251953125 873.1029663085938 244.6123504638672 0.8606464 1.7680012 0.63988006 6.2790604 1.5750333 17.814756 1.6979974508285522 0.2889723479747772
Pedestrian 0.0 0 -0.42194825410842896 820.933837890625 181.65956115722656 869.29248046875 271.1700134277344 0.7020585 1.7238082 0.64270335 4.6954226 1.7489419 13.974712 -0.09780482202768326 0.22895872592926025
Pedestrian 0.0 0 -1.905251145362854 834.925048828125 146.55758666992188 890.0299682617188 249.15907287597656 0.9553027 1.7783315 0.6510941 4.5752263 1.1916732 12.730951 -1.5602461099624634 0.18021069467067719
Pedestrian 0.0 0 3.5789830684661865 242.31529235839844 168.847900390625 291.8351135253906 261.022216796875 0.66744345 1.7301813 0.6008644 -6.520542 1.5130987 13.570794 3.131070137023926 0.13618387281894684
Pedestrian 0.0 0 2.708148241043091 638.9302978515625 171.65960693359375 702.6273803710938 270.6508483886719 0.97732127 1.7477456 0.6527055 1.155258 1.5933073 12.950574 2.7971179485321045 0.12976306676864624
Pedestrian 0.0 0 -1.9998258352279663 1116.5150146484375 184.9243621826172 1224.0 370.0 0.6746161 1.660759 0.6652328 4.3150964 1.6981992 5.2952666 -1.3160672187805176 0.12681281566619873
Pedestrian 0.0 0 -0.8913756608963013 986.3021850585938 193.8739776611328 1125.191162109375 370.0 0.661417 1.6181846 0.59033287 3.2929125 1.7270045 5.2707553 -0.332955002784729 0.11422862857580185
Cyclist 0.0 0 -1.309445858001709 236.1301727294922 195.65185546875 296.02978515625 315.3834228515625 1.5068148 1.6003692 0.42525715 -5.0123477 1.8421983 10.422733 -1.7577012777328491 0.12789590656757355
Cyclist 0.0 0 -1.2331931591033936 337.707275390625 187.3036346435547 418.8148498535156 307.3728332519531 1.7598107 1.642696 0.6185998 -3.4157465 1.7554889 10.656937 -1.5433664321899414 0.1110755205154419
Cyclist 0.0 0 -1.1831128597259521 98.81975555419922 164.86839294433594 169.67440795898438 255.873291015625 1.709732 1.6450298 0.5358694 -9.100764 1.3641094 13.666874 -1.7705841064453125 0.10682855546474457
Car 0.0 0 -2.173187732696533 0.0 155.19444274902344 151.0331573486328 267.5638732910156 3.9812806 1.5306745 1.6349767 -9.378098 1.1876373 10.926567 -2.8824713230133057 0.5940017104148865
Car 0.0 0 -1.275780439376831 487.6353759765625 145.05972290039062 580.5797729492188 205.05796813964844 4.09359 1.6145908 1.643884 -2.0369785 0.66245276 21.19113 -1.371610164642334 0.14051643013954163
