Pedestrian 0.0 0 1.297308087348938 455.58392333984375 180.9361572265625 479.3840026855469 221.9584197998047 1.7807045 1.7829705 0.5947251 -6.500674 2.159506 32.652138 1.1007888317108154 0.15759575366973877
Cyclist 0.0 0 1.3466676473617554 455.91455078125 180.75709533691406 478.19140625 221.86705017089844 1.8056757 1.7852863 0.5990149 -6.518091 2.1535695 32.641785 1.1495745182037354 0.5475528240203857
Car 0.0 0 -1.8612065315246582 640.6417236328125 180.42991638183594 721.9602661132812 232.81625366210938 3.6968 1.522556 1.6268095 2.1849334 1.7905045 23.510616 -1.7685388326644897 0.8247884511947632
Car 0.0 0 -3.7235145568847656 1062.114990234375 178.3280029296875 1242.0 255.9096221923828 3.8476353 1.4846435 1.6127733 11.747922 1.6054723 14.909146 -3.0561537742614746 0.8033499717712402
Car 0.0 0 -3.350337266921997 827.2001953125 179.00662231445312 1024.5531005859375 256.8218688964844 3.690353 1.5602577 1.6479193 6.7137175 1.7053692 15.810717 -2.948779344558716 0.7602549195289612
Car 0.0 0 -1.811846375465393 573.6065673828125 181.24330139160156 619.746337890625 212.32005310058594 3.617361 1.507 1.6033589 -0.7875412 1.9718993 37.996475 -1.8325700759887695 0.7467400431632996
Car 0.0 0 2.3243560791015625 526.9050903320312 181.0605010986328 579.389404296875 203.07168579101562 3.9113455 1.5113572 1.6101143 -4.173086 2.138586 53.083675 2.245903968811035 0.44419583678245544
Car 0.0 0 2.1979942321777344 701.4306030273438 174.54689025878906 748.2811889648438 194.57962036132812 3.9396815 1.5033456 1.6157398 8.986159 1.6407405 56.44103 2.355882406234741 0.38275855779647827
Car 0.0 0 2.07139253616333 612.090576171875 175.6675567626953 659.7142333984375 199.2172393798828 3.9013553 1.5434269 1.6168101 1.8028657 1.7464268 49.87533 2.1075241565704346 0.33949989080429077
Car 0.0 0 0.8408103585243225 0.0 0.0 1242.0 375.0 3.9764602 1.4351803 1.5987746 2.7451074 1.5472724 1.8141751 1.8276238441467285 0.31132274866104126
