Car 0.0 0 -1.2589991092681885 237.60252380371094 191.11460876464844 380.7081604003906 274.8526916503906 3.5261598 1.3986613 1.5618068 -5.716224 1.530224 14.074964 -1.6447763442993164 0.9167057871818542
Car 0.0 0 -1.7648142576217651 641.9212036132812 180.60499572753906 763.384765625 270.3529968261719 4.114392 1.5782452 1.6532221 1.7316917 1.4982957 14.7523155 -1.647964596748352 0.855284571647644
Car 0.0 0 -1.586904764175415 521.61376953125 178.9472198486328 565.8477172851562 220.4868927001953 3.6699154 1.5450261 1.6445735 -2.6220884 1.313008 28.645866 -1.678184986114502 0.8494316935539246
Car 0.0 0 -1.3858022689819336 351.4289245605469 186.8107452392578 435.0997009277344 242.61322021484375 3.8218386 1.4316106 1.6072552 -6.056656 1.4827136 20.534502 -1.6726198196411133 0.8399673700332642
Car 0.0 0 -1.1714835166931152 124.97454071044922 161.59730529785156 276.4808044433594 240.16067504882812 4.6013646 1.7732062 1.733373 -10.329145 1.2412609 18.601522 -1.678375244140625 0.7638886570930481
Car 0.0 0 2.2409822940826416 0.0 194.81509399414062 208.30796813964844 376.0 3.602659 1.4485383 1.5392125 -4.9435205 1.5505432 5.717651 1.528069019317627 0.695661187171936
Car 0.0 0 -1.4164257049560547 395.68359375 183.03952026367188 453.5439147949219 223.21014404296875 4.129875 1.4837487 1.618781 -7.2593007 1.404501 28.679523 -1.6643366813659668 0.6358767747879028
Car 0.0 0 -1.6614753007888794 562.511474609375 182.01039123535156 586.96044921875 200.46890258789062 3.8519678 1.4049878 1.5793403 -2.65205 1.162144 56.72858 -1.7081910371780396 0.4530070424079895
Car 0.0 0 1.8740712404251099 441.4656982421875 179.153564453125 488.48321533203125 206.17098999023438 3.7694325 1.4559115 1.5565692 -8.052534 1.1303679 40.69142 1.6787028312683105 0.4498468041419983
Car 0.0 0 -1.2934449911117554 298.458740234375 178.0616912841797 368.9682922363281 218.25729370117188 3.7855563 1.4508679 1.578107 -10.578436 1.1937743 27.89646 -1.6558958292007446 0.43920958042144775
Car 0.0 0 -1.427072286605835 512.3323364257812 183.7969207763672 553.2345581054688 214.03152465820312 3.880724 1.5126282 1.6083405 -3.9324327 1.4427791 37.931652 -1.5303747653961182 0.42815762758255005
