Pedestrian 0.0 0 1.585455060005188 641.939208984375 163.92489624023438 657.7909545898438 209.00389099121094 0.8081047 1.799076 0.63070387 1.576645 1.4430784 29.218103 1.6393640041351318 0.2859286069869995
Pedestrian 0.0 0 -1.1600425243377686 0.0 139.52410888671875 83.14994049072266 298.0825500488281 1.008098 1.7731373 0.60323626 -6.9304996 1.4007715 8.631681 -1.8365578651428223 0.2812054753303528
Pedestrian 0.0 0 0.7538533210754395 179.16909790039062 144.1327667236328 227.96182250976562 228.04522705078125 0.7458451 1.8390642 0.59956807 -9.164456 1.2099544 16.190287 0.23877382278442383 0.26094546914100647
Pedestrian 0.0 0 0.31813403964042664 341.7811279296875 187.13357543945312 368.9240417480469 243.04510498046875 0.63766354 1.6940113 0.59853995 -7.919175 2.1422405 22.321442 -0.022791706025600433 0.21238790452480316
Pedestrian 0.0 0 1.6683213710784912 351.09161376953125 181.54710388183594 395.5188293457031 287.6856384277344 1.7565547 1.794873 0.61250794 -4.3787427 1.9663267 13.274362 1.3496958017349243 0.10061910003423691
Cyclist 0.0 0 1.6628899574279785 349.8092041015625 182.26968383789062 393.088134765625 287.4217529296875 1.771291 1.7732269 0.5990218 -4.4093738 1.9588253 13.262016 1.3419063091278076 0.7025874257087708
Cyclist 0.0 0 -1.1874096393585205 0.0 137.87928771972656 87.39485931396484 298.81988525390625 1.3867328 1.772566 0.5568382 -6.9551826 1.3877198 8.688261 -1.862471580505371 0.24521595239639282
Car 0.0 0 -2.026859760284424 811.5761108398438 179.48529052734375 1242.0 375.0 3.3559198 1.451209 1.5332206 2.6416175 1.5155382 5.2735834 -1.5624804496765137 0.8891609907150269
Car 0.0 0 2.0426671504974365 0.0 193.4503173828125 364.0631103515625 375.0 4.2397943 1.4764657 1.6607141 -3.7573922 1.7259476 6.5675135 1.5230015516281128 0.8687183260917664
Car 0.0 0 -1.6971309185028076 676.7689208984375 177.8032684326172 777.5743408203125 256.4081115722656 4.1821585 1.4872665 1.646649 2.40523 1.6120261 16.024122 -1.548142671585083 0.8509318828582764
Car 0.0 0 3.4013891220092773 339.0342102050781 173.37245178222656 479.09405517578125 230.69297790527344 4.033143 1.7721126 1.7164294 -6.4216537 1.7897733 23.198942 3.131342649459839 0.6868113279342651
Car 0.0 0 1.6529494524002075 539.1796264648438 179.92340087890625 561.9655151367188 199.88308715820312 3.8324792 1.5771319 1.5901842 -4.958117 2.1869345 60.28394 1.5708880424499512 0.4109196066856384
