Car 0.0 0 -1.9038572311401367 791.5784301757812 187.2093963623047 1005.36279296875 314.8243408203125 3.9094834 1.4216329 1.5921352 3.8327756 1.6690801 10.447401 -1.5522384643554688 0.9025292992591858
Car 0.0 0 1.8796138763427734 322.5647888183594 186.71604919433594 456.1737365722656 272.1020812988281 3.8685107 1.5165579 1.6050986 -4.5812263 1.8501948 15.395251 1.5903842449188232 0.8907154202461243
Car 0.0 0 1.8043122291564941 414.6908264160156 183.7608642578125 500.3904724121094 243.30894470214844 3.8621268 1.5318682 1.6093066 -4.4194393 1.8826635 21.227198 1.5990475416183472 0.8337670564651489
Car 0.0 0 -1.801995873451233 737.4778442382812 182.70465087890625 853.330322265625 262.6011047363281 3.831259 1.511021 1.6176513 3.917787 1.756637 16.039503 -1.5624281167984009 0.8276112675666809
Car 0.0 0 -2.2722668647766113 922.2572631835938 193.26910400390625 1242.0 375.0 3.7294962 1.4735506 1.5853465 3.8602176 1.673694 5.150568 -1.629102349281311 0.7628331184387207
Car 0.0 0 -1.7386870384216309 705.5457763671875 180.3057098388672 784.3665161132812 237.16725158691406 3.9467716 1.476972 1.6163651 3.8180954 1.7171751 21.239767 -1.560824990272522 0.75638347864151
Car 0.0 0 1.7526416778564453 530.1943359375 179.09713745117188 565.5812377929688 205.5756378173828 3.2776566 1.4561837 1.4949111 -3.6274257 1.8363016 42.184227 1.6668626070022583 0.685321033000946
Car 0.0 0 1.7671186923980713 455.7040100097656 181.56997680664062 524.4718627929688 226.86529541015625 4.3194838 1.467021 1.6655308 -4.3291507 1.8126637 26.394485 1.6045489311218262 0.5603384375572205
Car 0.0 0 -1.643747091293335 692.4452514648438 172.89991760253906 733.6013793945312 209.13880920410156 3.4294376 1.5061512 1.5358547 4.4433064 1.5086421 31.751762 -1.5047110319137573 0.495782732963562
Car 0.0 0 -1.6834938526153564 695.8094482421875 179.2136993408203 752.2390747070312 225.59521484375 3.7329805 1.5408834 1.6112553 4.052183 1.7905488 26.385332 -1.5311073064804077 0.4907433092594147
