Pedestrian 0.0 0 -0.18412092328071594 618.3603515625 139.00637817382812 715.2498168945312 289.7896728515625 1.0990217 1.8085111 0.69994485 0.70790106 1.3125131 8.880867 -0.10457830131053925 0.7320194840431213
Pedestrian 0.0 0 -1.5588736534118652 668.2177734375 173.8502197265625 703.4802856445312 268.32708740234375 0.7905549 1.7040234 0.6337391 1.4662398 1.5857263 13.178746 -1.4480714797973633 0.37470272183418274
Pedestrian 0.0 0 -1.5255720615386963 839.8306274414062 174.39097595214844 868.6408081054688 243.966064453125 0.7657197 1.7089077 0.6534754 6.257413 1.5604552 17.838768 -1.1882060766220093 0.27954480051994324
Pedestrian 0.0 0 -1.919945478439331 826.267822265625 147.11460876464844 883.3485107421875 251.9915313720703 0.9935564 1.8046527 0.65989906 4.411783 1.2318255 12.662772 -1.5846916437149048 0.1791025549173355
Pedestrian 0.0 0 1.6828688383102417 526.6875 164.7060089111328 564.7685546875 261.9208679199219 0.7438137 1.7330704 0.6202924 -1.1222881 1.45315 12.979531 1.596617341041565 0.16456949710845947
Pedestrian 0.0 0 -2.065091848373413 1115.2720947265625 189.6954345703125 1224.0 370.0 0.6787335 1.664222 0.6560428 4.3179092 1.740043 5.2986774 -1.3813294172286987 0.1415330171585083
Pedestrian 0.0 0 -0.6006653904914856 49.12631607055664 191.20040893554688 107.1151351928711 251.6333770751953 1.174214 1.6708148 0.6669427 -15.251669 1.9918483 20.441256 -1.2416799068450928 0.1360132247209549
Pedestrian 0.0 0 -0.8319019675254822 983.4558715820312 192.5428924560547 1122.50634765625 370.0 0.6644498 1.6216315 0.58097863 3.270341 1.7194991 5.2705054 -0.2765461802482605 0.13280729949474335
Cyclist 0.0 0 3.660515308380127 34.18644714355469 192.19700622558594 107.51800537109375 254.1154327392578 1.5433156 1.7295895 0.697297 -15.394277 2.0753822 20.357872 3.013068914413452 0.24685700237751007
Cyclist 0.0 0 -2.33520245552063 0.0 172.16311645507812 76.77214050292969 256.0313415527344 1.8519403 1.6341264 0.65083075 -11.774025 1.4733183 14.200238 -3.0274624824523926 0.1781320720911026
Cyclist 0.0 0 -2.2714955806732178 1141.060546875 159.15213012695312 1224.0 260.1205749511719 1.5499535 1.637082 0.4383389 10.052267 1.292605 12.236734 -1.5837918519973755 0.16092970967292786
Cyclist 0.0 0 -0.1710495948791504 616.7258911132812 139.24310302734375 716.2857666015625 289.80413818359375 1.132705 1.8024716 0.73327535 0.70166594 1.3102376 8.87681 -0.09216877818107605 0.1357351541519165
Car 0.0 0 2.2534732818603516 0.0 186.0351104736328 125.48403930664062 236.13699340820312 4.1640034 1.5079156 1.636022 -18.463512 1.7125444 23.83949 1.594480276107788 0.2027829885482788
