Pedestrian 0.0 0 -3.011784791946411 705.93408203125 149.27041625976562 770.0216674804688 292.9092712402344 0.72511667 1.7476902 0.6913581 1.6619259 1.3693918 9.038067 -2.8299355506896973 0.5881926417350769
Pedestrian 0.0 0 -1.6322749853134155 839.7760009765625 172.71389770507812 868.9326171875 242.71511840820312 0.7820469 1.720988 0.64441895 6.247164 1.5311632 17.8418 -1.2954736948013306 0.2432384192943573
Pedestrian 0.0 0 2.987915277481079 635.6292114257812 169.31973266601562 693.522705078125 268.3523864746094 0.9785173 1.7726957 0.58870393 1.0400537 1.5742096 12.980874 3.067866563796997 0.15617668628692627
Pedestrian 0.0 0 -0.5771127939224243 818.5239868164062 189.11607360839844 875.5360107421875 277.7047424316406 0.8067157 1.6860809 0.71499234 4.7367487 1.863629 13.9851675 -0.2505418062210083 0.14871060848236084
Pedestrian 0.0 0 -0.628364086151123 54.099124908447266 191.91859436035156 98.56221771240234 253.08197021484375 0.79467505 1.705371 0.65229833 -15.2541685 2.0435507 20.36259 -1.2713062763214111 0.1264263093471527
Pedestrian 0.0 0 -1.5422585010528564 758.9767456054688 138.38536071777344 798.7188110351562 247.26454162597656 0.93568426 1.8434316 0.6581551 3.0410151 1.1320376 12.5041685 -1.3036898374557495 0.12018567323684692
Pedestrian 0.0 0 -1.8983417749404907 1121.1859130859375 187.5490264892578 1224.0 370.0 0.6590617 1.6585826 0.65322256 4.3149962 1.7173289 5.2935805 -1.214438557624817 0.11289756745100021
Pedestrian 0.0 0 -1.5305523872375488 845.2805786132812 163.28077697753906 882.7098999023438 265.0137939453125 0.996286 1.7562689 0.5987451 4.6469355 1.4606507 12.775647 -1.1816952228546143 0.10533899068832397
Cyclist 0.0 0 -2.1377811431884766 0.0 175.73829650878906 67.86988067626953 261.5899353027344 1.7925584 1.6539484 0.63811946 -11.802424 1.5638462 14.193844 -2.831446647644043 0.1667381227016449
Cyclist 0.0 0 -1.1713424921035767 60.98945236206055 155.337158203125 135.61524963378906 251.82980346679688 1.6785117 1.674902 0.51788986 -9.419893 1.2397754 13.143556 -1.7931841611862183 0.1296030730009079
Cyclist 0.0 0 -1.132748007774353 77.09209442138672 197.48919677734375 115.80390930175781 253.07437133789062 1.5409912 1.6330657 0.3627117 -15.867463 2.1833565 22.041706 -1.7566944360733032 0.11744994670152664
Cyclist 0.0 0 -2.4580092430114746 1136.8048095703125 160.01226806640625 1224.0 261.8760986328125 1.58464 1.6332508 0.5210679 10.06194 1.3064117 12.1594925 -1.7667253017425537 0.10956553369760513
Cyclist 0.0 0 0.54948890209198 41.827449798583984 193.5885772705078 100.63798522949219 255.9048309326172 1.1795012 1.7442123 0.66075236 -15.3721285 2.1294327 20.333748 -0.09783542156219482 0.10636631399393082
Car 0.0 0 1.9917269945144653 51.182281494140625 184.59730529785156 149.16226196289062 227.3509063720703 3.8382742 1.4526204 1.5452975 -18.766865 1.6191428 26.440155 1.3744630813598633 0.16962353885173798
Car 0.0 0 -0.027628157287836075 588.5118408203125 177.04246520996094 690.5328369140625 212.6644744873047 4.107701 1.4333725 1.6051916 1.3803666 1.2957406 29.28797 0.019467830657958984 0.10763343423604965
