Pedestrian 0.0 0 -1.5166455507278442 863.9635620117188 150.54747009277344 880.7431030273438 192.4647216796875 0.76723677 1.9324199 0.6981102 12.236009 0.9044282 33.75034 -1.1688389778137207 0.20663505792617798
Pedestrian 0.0 0 2.51951003074646 845.0374755859375 145.2135009765625 876.1915283203125 201.08534240722656 0.81087345 1.8986659 0.6136282 8.610371 0.9597304 24.926706 2.8521056175231934 0.17523744702339172
Pedestrian 0.0 0 -0.5500732660293579 900.4561767578125 177.2767333984375 930.0821533203125 228.62246704101562 0.73835284 1.7811167 0.6368379 10.723517 1.9398265 25.460752 -0.15144407749176025 0.16763660311698914
Pedestrian 0.0 0 1.2343440055847168 1139.4674072265625 158.6860809326172 1169.9210205078125 207.6629180908203 1.0063497 1.791356 0.6086377 20.298769 1.273514 26.95979 1.879716157913208 0.14808350801467896
Cyclist 0.0 0 -2.246267795562744 683.5817260742188 170.46151733398438 707.727783203125 200.64271545410156 1.7661537 1.7477071 0.39802226 5.0168734 1.6095232 42.633842 -2.1291329860687256 0.18086737394332886
Car 0.0 0 2.0172481536865234 194.8557586669922 181.09327697753906 329.77313232421875 256.06451416015625 3.5310764 1.5889121 1.5555795 -8.292048 1.8086972 17.445456 1.5735445022583008 0.9038227200508118
Car 0.0 0 1.896540641784668 380.29815673828125 184.47909545898438 446.0588684082031 223.22789001464844 3.787184 1.49534 1.5909628 -8.39849 2.0255165 30.943274 1.631509780883789 0.7757726311683655
Car 0.0 0 -1.5477830171585083 577.4420166015625 179.7481231689453 613.4923095703125 213.68211364746094 4.1594152 1.5043049 1.6406311 -0.6947162 1.8581566 34.911587 -1.5676796436309814 0.6540842056274414
Car 0.0 0 1.7852903604507446 342.17340087890625 179.08465576171875 427.39947509765625 235.00299072265625 4.2332034 1.534407 1.659858 -6.9291086 1.7475654 22.461237 1.4860612154006958 0.16356071829795837
Car 0.0 0 1.7022204399108887 481.11553955078125 179.854248046875 511.7851257324219 204.1841278076172 3.6927798 1.5142045 1.539913 -7.5202403 1.996825 47.840916 1.546303629875183 0.16051140427589417
Car 0.0 0 1.7029894590377808 456.063720703125 177.46673583984375 495.372314453125 209.2754364013672 4.017821 1.656315 1.6391861 -7.4634695 1.9268503 40.210922 1.5194698572158813 0.14196810126304626
