Pedestrian 0.0 0 -3.0403127670288086 521.535400390625 164.3876190185547 547.9662475585938 210.74464416503906 1.0103191 1.8615885 0.6330038 -2.8698318 1.216048 28.705776 -3.139955759048462 0.5498952269554138
Pedestrian 0.0 0 -1.2034353017807007 418.76287841796875 165.55618286132812 446.2238464355469 215.3535919189453 0.96497506 1.8025349 0.68615216 -6.389769 1.2631285 26.110502 -1.4434386491775513 0.42483729124069214
Pedestrian 0.0 0 1.8039212226867676 389.4825744628906 165.15704345703125 413.1115417480469 211.73486328125 1.0077089 1.7776461 0.67034656 -7.940015 1.1935884 27.498955 1.5228276252746582 0.34347501397132874
Pedestrian 0.0 0 0.13482534885406494 870.060546875 140.08023071289062 896.7601928710938 189.50205993652344 0.88734597 1.8730727 0.5902136 10.714048 0.3426851 27.265944 0.5092360973358154 0.2450259029865265
Pedestrian 0.0 0 -3.140409231185913 811.8671875 152.48904418945312 866.400146484375 204.6773681640625 1.8364942 1.8308085 0.57763815 8.360902 0.84968966 25.361595 -2.8219611644744873 0.12516987323760986
Pedestrian 0.0 0 -0.7447864413261414 306.9161376953125 167.8537139892578 362.0750732421875 220.04367065429688 1.7853006 1.6946307 0.63509965 -9.147055 1.2855456 23.894024 -1.1103932857513428 0.11865320801734924
Pedestrian 0.0 0 -2.3662915229797363 919.306640625 156.4658203125 953.77880859375 191.8311767578125 1.7574373 1.7491565 0.4658896 16.790247 0.5618688 35.870056 -1.9285001754760742 0.1030145138502121
Cyclist 0.0 0 -0.3195936977863312 749.8397827148438 159.46994018554688 798.8898315429688 200.46128845214844 1.8833828 1.7068808 0.72304666 7.1265373 0.832673 29.87713 -0.08544084429740906 0.7527278065681458
Cyclist 0.0 0 2.531850814819336 634.5119018554688 163.6649932861328 670.4073486328125 195.97740173339844 1.8503059 1.6989881 0.70968956 2.5411782 0.81521547 37.953484 2.598706007003784 0.6704451441764832
Cyclist 0.0 0 -3.1977622509002686 812.3919067382812 152.0819091796875 867.1707153320312 203.7830352783203 1.8304541 1.814406 0.5947365 8.365871 0.81862557 25.333214 -2.8788042068481445 0.6148440837860107
Cyclist 0.0 0 -1.3861664533615112 794.9930419921875 160.19834899902344 810.54150390625 194.4051055908203 1.8323715 1.7337048 0.45167604 10.276515 0.7061794 36.75222 -1.113513708114624 0.5039143562316895
Cyclist 0.0 0 -0.7447864413261414 306.9161376953125 167.8537139892578 362.0750732421875 220.04367065429688 1.7853006 1.6946307 0.63509965 -9.147055 1.2855456 23.894024 -1.1103932857513428 0.3409712612628937
Cyclist 0.0 0 -2.3662915229797363 919.306640625 156.4658203125 953.77880859375 191.8311767578125 1.7574373 1.7491565 0.4658896 16.790247 0.5618688 35.870056 -1.9285001754760742 0.26683753728866577
Cyclist 0.0 0 1.8039212226867676 389.4825744628906 165.15704345703125 413.1115417480469 211.73486328125 1.0077089 1.7776461 0.67034656 -7.940015 1.1935884 27.498955 1.5228276252746582 0.22793297469615936
Cyclist 0.0 0 -1.2934523820877075 417.412353515625 165.76377868652344 443.3114013671875 215.5653839111328 1.0345794 1.804463 0.67412746 -6.4754725 1.272045 26.142178 -1.5362671613693237 0.19022879004478455
Cyclist 0.0 0 -3.040008544921875 520.6865844726562 164.5030059814453 547.5896606445312 210.9494171142578 1.0291648 1.8649733 0.6323967 -2.894241 1.2241368 28.70208 -3.1405062675476074 0.1535586416721344
Car 0.0 0 -1.4015828371047974 452.5335388183594 175.6317138671875 526.6214599609375 227.62425231933594 3.6917324 1.4417237 1.6157856 -3.439578 1.3083055 21.455147 -1.5605450868606567 0.8895948529243469
Car 0.0 0 -0.5392507314682007 1007.7064208984375 149.0465087890625 1106.3935546875 179.7232208251953 4.1587315 1.594764 1.6826432 24.03068 -0.04100933 37.69746 0.0282595157623291 0.6572589874267578
Car 0.0 0 -3.556434154510498 923.97412109375 160.69070434570312 1006.8311767578125 191.11981201171875 3.5530136 1.5696818 1.6085061 18.985933 0.54924095 37.36916 -3.0863559246063232 0.3326345682144165
