Pedestrian 0.0 0 2.1848368644714355 634.787109375 164.60133361816406 714.40478515625 304.2213439941406 0.72952646 1.6832829 0.72569084 0.7730088 1.584145 9.208878 2.268582344055176 0.4184679090976715
Pedestrian 0.0 0 -0.9289716482162476 770.7044677734375 172.7457275390625 813.0877075195312 244.2257843017578 0.6994919 1.6774019 0.71706676 4.343416 1.6752192 17.428291 -0.6847306489944458 0.20890943706035614
Pedestrian 0.0 0 -2.2236459255218506 379.23736572265625 186.32737731933594 411.77532958984375 244.10943603515625 0.70999074 1.6991107 0.648872 -6.557855 2.1173525 21.905107 -2.5145297050476074 0.19142484664916992
Pedestrian 0.0 0 1.6651090383529663 242.16163635253906 159.67164611816406 293.434814453125 276.8735656738281 1.4497044 1.8122358 0.63667613 -5.690488 1.6087614 11.944118 1.2204978466033936 0.13447976112365723
Cyclist 0.0 0 1.6405532360076904 241.2281036376953 168.2733917236328 289.9228515625 286.2454833984375 1.7419884 1.7806958 0.603134 -5.6599383 1.7119128 11.809133 1.1936147212982178 0.2167559117078781
Car 0.0 0 -2.1784579753875732 258.2944030761719 184.87843322753906 403.5126953125 249.8095703125 3.7606573 1.4482716 1.5870638 -7.2166386 1.7841985 18.42798 -2.551713466644287 0.4868350625038147
Car 0.0 0 -1.6337686777114868 690.9712524414062 175.04782104492188 845.0241088867188 317.35809326171875 3.4037948 1.4154202 1.5344719 1.7595105 1.4486309 9.015638 -1.4410293102264404 0.45674270391464233
Car 0.0 0 -1.5645649433135986 661.799560546875 175.57098388671875 707.327392578125 216.91311645507812 3.7167206 1.4154809 1.5716963 2.7406418 1.5243708 26.8875 -1.4629857540130615 0.430271178483963
Car 0.0 0 -0.9695302844047546 0.0 40.92299270629883 303.3800964355469 375.0 4.2079387 1.6432296 1.6519012 -3.2839456 1.3187255 3.9454494 -1.6636805534362793 0.24572233855724335
Car 0.0 0 -0.4954891502857208 793.7559814453125 170.4003143310547 1025.915283203125 254.94488525390625 3.835854 1.5124382 1.6066666 5.637784 1.4689014 13.915028 -0.11054418236017227 0.19497571885585785
Car 0.0 0 -1.3770818710327148 142.4352569580078 188.6702117919922 221.05186462402344 238.99453735351562 3.641479 1.4562211 1.5830301 -14.243924 2.0283613 24.101542 -1.9108548164367676 0.19043271243572235
Car 0.0 0 -1.593916654586792 651.9724731445312 164.15821838378906 681.4008178710938 194.21424865722656 3.8500473 1.736778 1.6779808 3.356871 1.2346537 43.6583 -1.517177939414978 0.17715290188789368
