Car 0.0 0 -1.9966297149658203 772.4300537109375 174.29290771484375 1139.499755859375 375.0 4.081145 1.5653526 1.651722 2.9679136 1.5845399 7.3653135 -1.6135756969451904 0.9027884006500244
Car 0.0 0 -2.2416739463806152 712.8562622070312 176.61924743652344 788.7100219726562 212.12864685058594 3.4556766 1.4902745 1.5393167 6.253176 1.6704465 32.567295 -2.0519747734069824 0.8827921748161316
Car 0.0 0 0.4777630865573883 52.107391357421875 173.08953857421875 330.42913818359375 276.9399108886719 3.5498493 1.5501788 1.5997562 -6.6431274 1.5546228 11.643117 -0.04073004052042961 0.6888309121131897
Car 0.0 0 0.40746378898620605 191.56512451171875 186.19497680664062 433.89166259765625 267.95599365234375 4.0949774 1.4785739 1.6366701 -5.7679873 1.7572628 14.188733 0.021350383758544922 0.6861486434936523
Car 0.0 0 -2.789977550506592 324.9277038574219 175.7698974609375 456.5638427734375 223.52110290527344 3.8465512 1.5121944 1.6203543 -7.238262 1.612775 23.878246 -3.0843052864074707 0.6791505217552185
Car 0.0 0 -1.744545817375183 625.7757568359375 177.70419311523438 660.9894409179688 203.2539520263672 3.5611188 1.5008236 1.593045 2.0072176 1.8159735 44.958878 -1.6999298334121704 0.6230291128158569
Car 0.0 0 3.5097360610961914 222.03909301757812 179.64266967773438 417.8730163574219 246.8368377685547 3.859378 1.4514065 1.5876601 -6.5979223 1.615285 16.562199 3.130633592605591 0.44376233220100403
Car 0.0 0 -2.772510290145874 363.1948547363281 178.17381286621094 484.20806884765625 222.06895446777344 3.8876622 1.4973356 1.6013972 -6.678845 1.6960455 25.87887 -3.0250799655914307 0.4033130407333374
Car 0.0 0 0.58510822057724 0.0 175.04385375976562 288.4716491699219 300.2380065917969 3.6374254 1.4513556 1.5510949 -6.3174973 1.482078 9.196148 -0.01682058535516262 0.39513158798217773
Car 0.0 0 0.23396502435207367 387.5058288574219 167.24305725097656 508.1542053222656 215.76431274414062 4.328732 1.8437798 1.7794434 -6.3397245 1.6309254 28.334885 0.013847589492797852 0.35269007086753845
