Pedestrian 0.0 0 -1.6844843626022339 506.554931640625 160.94830322265625 523.177734375 206.07923889160156 1.3147212 1.819567 0.5323584 -3.8791258 0.84229785 29.680857 -1.8144422769546509 0.16976343095302582
Cyclist 0.0 0 -1.6844843626022339 506.554931640625 160.94830322265625 523.177734375 206.07923889160156 1.3147212 1.819567 0.5323584 -3.8791258 0.84229785 29.680857 -1.8144422769546509 0.2502964437007904
Car 0.0 0 -1.2147525548934937 230.11717224121094 189.25082397460938 413.7529296875 292.0412902832031 3.684058 1.3875661 1.553283 -4.4657135 1.4647369 11.693943 -1.5795435905456543 0.8951601982116699
Car 0.0 0 -1.3144532442092896 364.7548522949219 181.58236694335938 458.7484130859375 239.1167449951172 3.699151 1.4173685 1.5727926 -5.2576065 1.3289921 19.5598 -1.577043056488037 0.8778274655342102
Car 0.0 0 -0.9134100675582886 0.0 203.2106475830078 161.7489776611328 329.5258483886719 3.7137647 1.4046869 1.5549192 -8.4023695 1.713104 10.397849 -1.5930628776550293 0.8483266234397888
Car 0.0 0 -1.593857765197754 574.7626953125 175.2843780517578 611.7044067382812 208.44068908691406 3.4901505 1.4567587 1.6234587 -0.75166726 1.0215471 33.36021 -1.616385817527771 0.7418806552886963
Car 0.0 0 -1.131394386291504 218.27423095703125 181.96632385253906 338.2066345214844 240.021484375 3.5872474 1.4398719 1.5946156 -8.89563 1.3604127 19.629673 -1.556883454322815 0.7142237424850464
Car 0.0 0 -1.2982287406921387 360.7638854980469 173.3968505859375 425.0796813964844 212.18614196777344 3.6995623 1.4851993 1.5798677 -8.735981 1.0338005 29.382929 -1.587220311164856 0.3735540807247162
Car 0.0 0 -1.4166759252548218 459.5774841308594 168.94508361816406 518.0764770507812 215.26905822753906 3.8702524 1.6464077 1.6302894 -4.507536 1.0692629 27.48712 -1.579216480255127 0.3471240699291229
Car 0.0 0 1.1667603254318237 417.2591552734375 178.0191192626953 469.0132141113281 205.8665008544922 3.6929364 1.5125016 1.5432256 -9.451983 1.1227584 40.986416 0.9401102066040039 0.2844444513320923
Car 0.0 0 -1.0575838088989258 516.30322265625 174.45143127441406 566.9173583984375 198.6004638671875 3.852459 1.5073872 1.6089472 -4.293731 0.83661115 46.95412 -1.1487754583358765 0.25235989689826965
