Pedestrian 0.0 0 -1.6413726806640625 471.3070983886719 166.587890625 514.6298217773438 258.1213684082031 0.8944332 1.7659017 0.79275864 -2.221033 1.4794654 14.37984 -1.7946163415908813 0.4096338152885437
Pedestrian 0.0 0 -1.4522604942321777 639.028564453125 171.97303771972656 656.5072631835938 214.94100952148438 0.7395417 1.7072338 0.62134206 1.8541619 1.3297065 28.958786 -1.3883202075958252 0.3951416313648224
Pedestrian 0.0 0 -1.7083848714828491 709.8113403320312 184.3733673095703 750.909912109375 264.9301452636719 1.1455736 1.6584547 0.71256083 2.7127128 1.7236775 15.413074 -1.5341683626174927 0.20714671909809113
Pedestrian 0.0 0 0.9763363599777222 329.2733459472656 142.26443481445312 376.5278015136719 233.370849609375 0.704727 1.8450441 0.650174 -5.232518 1.0517062 15.016041 0.6410324573516846 0.18645432591438293
Pedestrian 0.0 0 1.6428147554397583 738.0999145507812 148.22598266601562 757.7553100585938 198.96701049804688 1.386722 1.8229288 0.61611897 5.402908 0.62857336 26.555092 1.843535304069519 0.13905653357505798
Pedestrian 0.0 0 -1.818145751953125 672.2212524414062 169.79737854003906 703.0619506835938 223.30108642578125 1.7296389 1.7018695 0.60200274 2.8069167 1.3307289 23.742987 -1.700471043586731 0.11191519349813461
Cyclist 0.0 0 0.44949185848236084 488.9823913574219 170.69158935546875 554.8236083984375 227.62973022460938 1.8641698 1.6851302 0.7301316 -2.4524112 1.3663751 21.910599 0.3380277156829834 0.42361417412757874
Cyclist 0.0 0 -1.8357471227645874 671.8449096679688 170.7749786376953 704.0167236328125 224.75164794921875 1.7387539 1.7099042 0.6130716 2.805454 1.371254 23.658108 -1.7177151441574097 0.42193058133125305
Cyclist 0.0 0 -1.7257750034332275 705.9345092773438 184.61813354492188 746.856689453125 266.8275451660156 1.5355567 1.664561 0.6259019 2.6152432 1.7358665 15.372374 -1.5572621822357178 0.27779537439346313
Cyclist 0.0 0 1.6442315578460693 738.370361328125 147.4869842529297 757.4207763671875 198.1282196044922 1.486328 1.8194921 0.5862917 5.41164 0.59848744 26.601267 1.84492826461792 0.1808304488658905
Cyclist 0.0 0 1.9174609184265137 81.16404724121094 179.17587280273438 188.82687377929688 335.60980224609375 1.6658218 1.6640328 0.53630584 -5.5098724 1.6406701 8.510479 1.342900037765503 0.16722063720226288
Cyclist 0.0 0 -1.8311522006988525 775.6693725585938 142.85595703125 806.3150634765625 201.61541748046875 1.556675 1.8042353 0.5554381 5.983034 0.61876786 22.83365 -1.5748863220214844 0.14403557777404785
Car 0.0 0 -1.8495609760284424 768.1786499023438 201.82272338867188 969.7825927734375 345.2559814453125 3.3066397 1.4257492 1.5189589 3.1837153 1.7382154 9.306101 -1.5199319124221802 0.3357337713241577
Car 0.0 0 2.5113022327423096 613.269287109375 160.11109924316406 685.0349731445312 189.54425048828125 4.0923243 1.700999 1.7210722 2.9001706 0.46567717 43.331745 2.578131914138794 0.16393208503723145
Car 0.0 0 -0.4087975025177002 598.70361328125 169.2769317626953 683.5714111328125 198.94110107421875 4.336681 1.5663518 1.7054724 2.1769607 0.9217845 39.478508 -0.3537103533744812 0.14416714012622833
