Pedestrian 0.0 0 -3.0311825275421143 926.666259765625 160.85824584960938 951.3113403320312 213.0630645751953 0.7369793 1.8315167 0.62885153 11.708422 1.4110243 25.769825 -2.604720115661621 0.2461112141609192
Pedestrian 0.0 0 0.4529573321342468 975.2483520507812 104.5077896118164 1122.1834716796875 372.7289733886719 0.72625256 1.7617236 0.58053297 3.0916636 1.3131717 5.1993146 0.9894182682037354 0.22915010154247284
Pedestrian 0.0 0 -1.557072639465332 86.24747467041016 159.54624938964844 118.49507141113281 232.00975036621094 0.75661165 1.7984629 0.66165495 -12.988849 1.4685374 18.404083 -2.1716532707214355 0.19429339468479156
Cyclist 0.0 0 0.569663405418396 66.40164947509766 203.1398162841797 170.29861450195312 283.752685546875 1.8418372 1.7621982 0.7620582 -11.25469 2.4717143 16.484509 -0.029386799782514572 0.33560827374458313
Car 0.0 0 1.8689522743225098 174.53280639648438 194.5250701904297 470.16363525390625 375.0 4.657735 1.4566554 1.7330471 -2.9185145 1.7800225 8.392898 1.5342955589294434 0.8169311285018921
Car 0.0 0 1.7389674186706543 23.770864486694336 205.07508850097656 117.37493896484375 266.243896484375 3.6821723 1.4823555 1.6473049 -16.080832 2.5382254 21.619354 1.099435567855835 0.3076708912849426
Car 0.0 0 -0.41173556447029114 780.7565307617188 189.54788208007812 1059.9288330078125 283.0810241699219 4.2750554 1.5185198 1.6800861 5.345835 1.8379256 12.906438 -0.019048796966671944 0.2993130683898926
Car 0.0 0 1.350542664527893 692.7103881835938 185.7024383544922 732.4525146484375 212.83135986328125 3.7982142 1.5369687 1.6386673 6.2711577 2.3680592 44.690178 1.489957571029663 0.24795980751514435
Car 0.0 0 3.1118416786193848 605.1492919921875 194.5306854248047 658.6782836914062 215.9105987548828 4.2526283 1.6492163 1.6396269 1.7159137 3.4209454 58.13942 3.1413469314575195 0.23441609740257263
Car 0.0 0 2.1164350509643555 449.13775634765625 196.3585968017578 496.517822265625 218.63523864746094 3.9342213 1.5089372 1.8076915 -10.544033 3.390504 55.586987 1.9289767742156982 0.2070680856704712
Car 0.0 0 -0.9077076315879822 504.734375 185.5568389892578 548.1327514648438 205.93235778808594 3.8742502 1.6259152 1.6972741 -7.199101 2.7597158 62.282684 -1.0227844715118408 0.1739991009235382
