Pedestrian 0.0 0 -1.64327871799469 791.258056640625 163.20208740234375 828.6544189453125 246.31170654296875 0.7073859 1.7267013 0.7147387 4.405741 1.3477764 15.341289 -1.3636226654052734 0.4988805055618286
Pedestrian 0.0 0 2.00462007522583 442.07305908203125 127.80384826660156 490.0204162597656 228.84600830078125 0.82040423 1.8640862 0.61423624 -2.61578 0.8747319 13.722194 1.8162559270858765 0.4758146107196808
Pedestrian 0.0 0 -2.0394551753997803 972.2525024414062 151.9004669189453 1087.4656982421875 325.0973815917969 0.85037607 1.6854298 0.7123635 4.3504405 1.3987589 7.4337654 -1.5099689960479736 0.4725792706012726
Pedestrian 0.0 0 3.1124744415283203 336.2486572265625 148.44015502929688 379.29833984375 231.7095184326172 0.90032226 1.8264022 0.60943305 -5.5347447 1.1025006 16.196363 2.7831881046295166 0.41474035382270813
Pedestrian 0.0 0 -1.0671923160552979 568.8401489257812 161.5719451904297 585.9085693359375 198.50477600097656 0.6704957 1.8836726 0.6364995 -1.2459356 0.8681561 37.077408 -1.100783348083496 0.3618384003639221
Pedestrian 0.0 0 -2.275223970413208 488.533203125 171.23196411132812 511.6772766113281 214.84109497070312 0.6750763 1.7173338 0.6298502 -4.0729322 1.3139862 28.7451 -2.41597843170166 0.33579015731811523
Pedestrian 0.0 0 -2.993420362472534 645.6613159179688 160.43003845214844 656.746826171875 191.08961486816406 0.6152926 1.9328977 0.6444204 3.172672 0.60528624 45.66501 -2.9240546226501465 0.3049245774745941
Pedestrian 0.0 0 1.7453973293304443 577.420166015625 161.3055877685547 591.6275634765625 199.7175750732422 0.78705037 1.8594247 0.5691264 -0.833874 0.8827648 35.201965 1.7217134237289429 0.30405986309051514
Pedestrian 0.0 0 -1.4637285470962524 655.1082153320312 162.18411254882812 665.1727905273438 188.4386749267578 0.6911433 1.9123248 0.6668055 4.327779 0.5059979 52.721413 -1.3818244934082031 0.22135235369205475
Cyclist 0.0 0 1.6575381755828857 324.78045654296875 155.70628356933594 352.120361328125 221.44912719726562 1.7314973 1.7733673 0.5807825 -7.4404354 1.0787606 20.285543 1.3059890270233154 0.2772749364376068
Cyclist 0.0 0 -1.5627284049987793 381.4494323730469 180.2433319091797 410.2640075683594 246.39479064941406 1.8005515 1.6710339 0.7037086 -5.493202 1.6404709 19.104742 -1.8427066802978516 0.22481688857078552
Cyclist 0.0 0 3.1791722774505615 323.3697814941406 154.26438903808594 373.0597839355469 236.92401123046875 1.0371723 1.813917 0.61273974 -5.7350326 1.2174692 16.207785 2.8390767574310303 0.1904386281967163
Car 0.0 0 1.7658241987228394 585.9082641601562 171.72789001464844 648.4971313476562 215.55706787109375 3.994659 1.5213137 1.610993 0.6508716 1.183189 27.05549 1.7898764610290527 0.6770713329315186
Car 0.0 0 -1.6434334516525269 671.6697387695312 148.56973266601562 729.2973022460938 199.7128448486328 4.488237 1.6978091 1.7310292 3.490532 0.60570073 26.13618 -1.510667324066162 0.38297829031944275
Car 0.0 0 -1.623372197151184 868.9624633789062 165.1135711669922 924.7392578125 210.60891723632812 3.8564122 1.4629439 1.5890332 10.251696 0.9371208 25.178211 -1.2367041110992432 0.3019365668296814
