Car 0.0 0 -1.7345383167266846 686.6275024414062 181.69656372070312 771.5894165039062 244.514892578125 3.4734988 1.4098767 1.5684847 2.891502 1.6574306 18.424976 -1.578874111175537 0.9209144711494446
Car 0.0 0 -2.728156805038452 248.94676208496094 180.03529357910156 455.2545471191406 249.77960205078125 4.029856 1.4458729 1.6078724 -5.7113185 1.615916 16.098482 -3.069077968597412 0.8254608511924744
Car 0.0 0 3.53580904006958 171.91244506835938 187.998779296875 414.1105041503906 268.2516784667969 3.953664 1.4149704 1.5812644 -5.998644 1.7232387 13.8475685 3.127020835876465 0.8215430974960327
Car 0.0 0 -0.17251524329185486 738.2027587890625 172.4532928466797 873.9461669921875 222.79933166503906 4.0424285 1.5728997 1.6698151 6.2593427 1.5607388 23.547323 0.0872962474822998 0.7588995099067688
Car 0.0 0 3.7235915660858154 0.0 147.42543029785156 237.58233642578125 299.7912902832031 3.540112 1.5916816 1.6093895 -6.6193123 1.3264014 8.479698 3.0607879161834717 0.6801828742027283
Car 0.0 0 -2.553105592727661 13.525384902954102 187.36582946777344 312.0976257324219 286.6011047363281 3.7555673 1.4064169 1.5612558 -6.928928 1.6518285 11.327299 -3.1020848751068115 0.6781512498855591
Car 0.0 0 0.4041717052459717 329.5243225097656 179.35455322265625 480.4702453613281 233.50582885742188 3.9001331 1.4743685 1.5958574 -5.938218 1.6727022 20.931963 0.12774324417114258 0.6565768122673035
Car 0.0 0 -2.098799467086792 843.408447265625 183.79200744628906 1242.0 375.0 3.4984396 1.4448771 1.5333207 2.7473478 1.541572 4.594762 -1.5599031448364258 0.6516374349594116
Car 0.0 0 0.6820640563964844 0.0 203.90347290039062 182.14833068847656 375.0 3.9906914 1.4341115 1.5830749 -6.058027 1.7328336 5.9149313 -0.11528508365154266 0.6391550302505493
Car 0.0 0 1.731492519378662 445.1103515625 174.6667022705078 504.162109375 217.78378295898438 3.8525047 1.485312 1.5704975 -5.02228 1.5582936 26.960646 1.5473215579986572 0.41591548919677734
