Pedestrian 0.0 0 -1.1607062816619873 668.7986450195312 171.2247772216797 687.6240844726562 206.50978088378906 0.9954533 1.7303517 0.58685976 3.365591 1.650814 35.958496 -1.0673816204071045 0.3226805627346039
Pedestrian 0.0 0 -1.5397303104400635 875.4361572265625 151.01568603515625 899.7034912109375 215.01010131835938 0.779573 1.7632314 0.6168136 7.7886114 1.1618806 20.35635 -1.1743016242980957 0.3045671880245209
Cyclist 0.0 0 -1.179957389831543 668.4949951171875 171.111572265625 687.5020141601562 206.19029235839844 1.0718261 1.7180936 0.5792758 3.3544312 1.6331106 35.94603 -1.0869083404541016 0.15936918556690216
Car 0.0 0 -1.967952013015747 763.011474609375 180.5399169921875 1010.4161376953125 324.3404846191406 3.547201 1.4125739 1.5747302 3.142133 1.5292957 9.100457 -1.6354954242706299 0.9097135663032532
Car 0.0 0 2.134420871734619 0.0 192.5531463623047 246.1082763671875 366.0882263183594 3.245392 1.4390653 1.4648246 -5.5875454 1.7033645 8.010577 1.5253604650497437 0.8689163327217102
Car 0.0 0 1.9689137935638428 181.08184814453125 187.10592651367188 366.74212646484375 290.2055358886719 3.7840295 1.4539453 1.5636929 -5.682182 1.7412213 12.61208 1.5456151962280273 0.8562206029891968
Car 0.0 0 -2.363511085510254 889.8298950195312 196.29522705078125 1242.0 375.0 3.913095 1.4416041 1.5745287 3.1052265 1.6297868 3.7524376 -1.67221200466156 0.6202991604804993
Car 0.0 0 0.9839353561401367 468.39764404296875 177.94178771972656 528.6356201171875 206.0143585205078 3.7525182 1.499321 1.5757302 -6.4276724 1.803321 41.143562 0.8289625644683838 0.5783671736717224
Car 0.0 0 1.7019312381744385 227.48797607421875 177.70758056640625 282.4219665527344 216.9115447998047 3.8515415 1.4942509 1.5640732 -14.768624 1.710969 30.086906 1.2456178665161133 0.4157370626926422
Car 0.0 0 2.8109729290008545 675.54345703125 170.77716064453125 728.5003051757812 189.29507446289062 3.9738562 1.4783444 1.605132 7.4600816 1.3129002 58.789055 2.9371941089630127 0.26417800784111023
