Car 0.0 0 -2.564222574234009 39.02169418334961 174.18743896484375 344.1780090332031 271.3962097167969 4.0353823 1.439035 1.6087865 -6.649194 1.4625777 11.623309 -3.0838422775268555 0.8593273758888245
Car 0.0 0 -1.7540159225463867 691.7716674804688 177.45941162109375 812.6920776367188 263.3711242675781 4.278832 1.4883214 1.6325026 2.701766 1.5972757 14.868979 -1.5742720365524292 0.8565669655799866
Car 0.0 0 0.6278443336486816 0.0 164.61033630371094 229.62698364257812 284.2175598144531 3.5531788 1.4100444 1.5188853 -7.143947 1.3132179 9.309971 -0.026664625853300095 0.7503926157951355
Car 0.0 0 -0.278906911611557 772.9090576171875 171.30096435546875 936.3287353515625 228.472412109375 3.957261 1.5009375 1.619118 6.5753646 1.4605234 19.830467 0.04126381874084473 0.6910892128944397
Car 0.0 0 0.7625014185905457 0.0 182.6323699951172 257.1714782714844 357.8720703125 4.1204915 1.4477056 1.6050653 -5.908938 1.5553343 6.987037 0.06050896644592285 0.6267266869544983
Car 0.0 0 3.4038891792297363 273.74365234375 178.46182250976562 461.66314697265625 246.6658935546875 3.7426858 1.4416041 1.5633962 -5.403098 1.575448 16.283346 3.083503484725952 0.5517566204071045
Car 0.0 0 0.27681833505630493 408.03179931640625 168.57601928710938 517.0271606445312 208.81077575683594 3.9899032 1.5608923 1.6426419 -5.9108567 1.3952881 28.958437 0.0754690170288086 0.5271453857421875
Car 0.0 0 3.6019630432128906 112.58367919921875 163.861572265625 343.17706298828125 244.0716094970703 3.617292 1.4553628 1.5507841 -7.2862687 1.2925584 13.904657 3.1192874908447266 0.5255858898162842
Car 0.0 0 3.4231746196746826 307.99615478515625 154.64280700683594 478.1974182128906 221.16812133789062 3.924975 1.6489056 1.6549317 -5.5786123 1.1978786 18.724483 3.1336166858673096 0.4690384864807129
Car 0.0 0 -0.18717941641807556 669.5601806640625 171.36997985839844 734.4217529296875 197.8731231689453 3.6539414 1.5709096 1.6343495 5.5061727 1.4833059 43.693176 -0.06182117760181427 0.3597266674041748
Car 0.0 0 0.26946401596069336 381.0096130371094 168.88218688964844 493.21478271484375 210.90086364746094 3.715427 1.491377 1.5837028 -6.3285823 1.3507631 26.462803 0.03472280502319336 0.34873509407043457
