Pedestrian 0.0 0 -0.46979010105133057 702.7515258789062 148.866943359375 735.7586059570312 210.1759033203125 0.8001649 1.8505608 0.6414757 3.312653 1.1268891 22.207066 -0.32171088457107544 0.22770142555236816
Pedestrian 0.0 0 -3.0197556018829346 593.7691040039062 168.4563751220703 628.7147827148438 215.0601348876953 1.217682 1.6974914 0.7066261 0.009124353 1.537671 26.70337 -3.019413948059082 0.1968662589788437
Pedestrian 0.0 0 0.045503243803977966 711.7473754882812 159.25442504882812 741.7610473632812 223.3017120361328 0.82597524 1.8058223 0.59277755 3.3095021 1.4227384 20.714996 0.20392799377441406 0.16789843142032623
Cyclist 0.0 0 -2.9604647159576416 592.3237915039062 172.3513641357422 627.9541015625 218.72970581054688 1.2196743 1.6890341 0.66839343 -0.032962684 1.6710873 26.712576 -2.9616987705230713 0.15767045319080353
Car 0.0 0 1.9331754446029663 239.36561584472656 179.25518798828125 451.77911376953125 314.22332763671875 3.9621139 1.612848 1.6344893 -3.7297254 1.7269595 10.814576 1.6010695695877075 0.9040005207061768
Car 0.0 0 2.2703940868377686 0.0 229.9518585205078 290.899658203125 375.0 3.8406644 1.4017414 1.5631753 -3.757813 1.9209669 4.6208863 1.587641954421997 0.7814909815788269
Car 0.0 0 -1.5511419773101807 621.92578125 172.36212158203125 668.335693359375 215.3004150390625 3.8942451 1.4706537 1.5913821 1.2916784 1.4541647 26.706886 -1.5028146505355835 0.5535401105880737
Car 0.0 0 -1.322232723236084 487.3098449707031 173.7748260498047 550.227783203125 215.7938690185547 3.9660318 1.5888212 1.618804 -3.683 1.6293911 29.438574 -1.446694016456604 0.39490804076194763
Car 0.0 0 -0.7919251918792725 942.2793579101562 138.00547790527344 1222.052734375 246.12608337402344 3.7634356 1.5693258 1.6240311 7.5138464 1.0638717 11.673168 -0.2200019210577011 0.1938711553812027
Car 0.0 0 1.4799576997756958 512.9085693359375 175.7349853515625 555.7386474609375 211.27330017089844 4.16353 1.5580025 1.6342732 -3.6808085 1.7036718 34.188377 1.3727082014083862 0.18358072638511658
