Pedestrian 0.0 0 1.2438188791275024 893.874755859375 135.3616943359375 926.1653442382812 203.63284301757812 0.8175897 1.8472133 0.5912201 8.237994 0.8331416 19.946953 1.6354775428771973 0.3141770362854004
Pedestrian 0.0 0 1.2142035961151123 1009.4342041015625 133.029052734375 1101.2083740234375 291.1870422363281 0.80520344 1.8019953 0.69862527 5.2745914 1.3486018 8.679384 1.7602765560150146 0.2745330035686493
Pedestrian 0.0 0 -1.638264775276184 844.3449096679688 156.628662109375 858.6473388671875 193.25172424316406 0.59829515 1.941502 0.68636644 12.888309 1.0817045 38.62416 -1.3161976337432861 0.19902031123638153
Pedestrian 0.0 0 1.5268670320510864 875.4288940429688 139.80784606933594 897.3753051757812 197.20799255371094 0.9584834 1.9332846 0.66235113 9.470463 0.8206209 24.858349 1.8908675909042358 0.17882917821407318
Cyclist 0.0 0 -2.002086639404297 1130.498046875 90.35246276855469 1242.0 271.9724426269531 1.7629293 1.7377591 0.4902518 6.269403 0.94873357 7.8155966 -1.3260266780853271 0.2971402406692505
Cyclist 0.0 0 -3.4744842052459717 1064.4188232421875 179.9151611328125 1207.3145751953125 281.6357421875 1.867659 1.6787167 0.78555113 9.097249 1.8090901 12.638572 -2.850592613220215 0.29367151856422424
Car 0.0 0 -1.9624605178833008 795.311279296875 185.80946350097656 1140.12451171875 375.0 3.0973835 1.4542565 1.4913327 2.6830819 1.5952706 6.273021 -1.5582902431488037 0.8446816802024841
Car 0.0 0 2.110135793685913 0.0 195.2445068359375 455.7185974121094 375.0 4.00208 1.4636744 1.6124796 -2.6874664 1.7056997 5.7136817 1.670483112335205 0.8441884517669678
Car 0.0 0 1.7822068929672241 638.4443969726562 176.7523193359375 672.9346313476562 200.30319213867188 3.868364 1.5332686 1.598126 3.1596212 1.8136 49.739147 1.8456454277038574 0.7144801020622253
Car 0.0 0 -0.23929649591445923 897.2601318359375 176.3643341064453 1171.566650390625 265.703857421875 4.182214 1.505427 1.654127 7.7064147 1.5787346 13.62734 0.2753775119781494 0.36463606357574463
