Pedestrian 0.0 0 -1.48367440700531 720.071533203125 179.79489135742188 752.2652587890625 254.03076171875 0.8663581 1.7588485 0.70742476 3.0532265 1.934365 17.696712 -1.3128256797790527 0.3309606909751892
Pedestrian 0.0 0 -1.7528272867202759 892.8043823242188 175.1841583251953 951.8895874023438 298.6140441894531 0.833957 1.748281 0.6608596 4.566497 1.7847973 10.714561 -1.3499445915222168 0.26773470640182495
Pedestrian 0.0 0 -1.9756547212600708 593.0514526367188 178.92552185058594 613.0172729492188 216.9499969482422 0.7817275 1.7589129 0.6885878 -0.37062687 2.049816 34.028908 -1.9865458011627197 0.23014771938323975
Cyclist 0.0 0 -1.4836182594299316 719.98779296875 179.4932098388672 752.1583862304688 254.45526123046875 0.9485682 1.7698841 0.699014 3.0484824 1.9379694 17.677826 -1.312851071357727 0.10242489725351334
Car 0.0 0 1.875377893447876 279.5886535644531 202.328857421875 443.4176025390625 314.68438720703125 3.5159528 1.4136354 1.5130569 -3.9075716 1.9673605 11.773801 1.5549296140670776 0.9063255190849304
Car 0.0 0 1.7912824153900146 396.0620422363281 186.6747589111328 497.1095275878906 260.5134582519531 3.9592063 1.5727621 1.6306496 -4.0078387 1.9576244 18.08939 1.5732470750808716 0.8746451735496521
Car 0.0 0 -1.3698039054870605 609.5013427734375 179.67520141601562 660.0345458984375 214.73876953125 3.9648857 1.5161537 1.6308253 1.1937915 1.8593007 34.138897 -1.33484947681427 0.6779990196228027
Car 0.0 0 2.2933483123779297 0.0 223.51748657226562 225.4886016845703 375.0 3.8139496 1.4300549 1.560568 -3.9837532 1.8565824 4.1263323 1.5255286693572998 0.6668733358383179
Car 0.0 0 0.6975557804107666 1070.2841796875 0.0 1242.0 375.0 3.9249768 1.55295 1.6177695 3.7391505 1.2445352 2.832837 1.6199951171875 0.43015387654304504
Car 0.0 0 1.3773421049118042 511.14801025390625 177.8470001220703 553.6998901367188 209.02493286132812 4.2060547 1.6984165 1.6928562 -4.632497 2.0070498 42.28645 1.2682268619537354 0.24197717010974884
