Pedestrian 0.0 0 -0.5453743934631348 784.5624389648438 162.4707489013672 842.9252319335938 266.57159423828125 0.8055176 1.8271204 0.6335158 3.633129 1.6452372 13.0753145 -0.2743496894836426 0.20112359523773193
Pedestrian 0.0 0 1.329309344291687 985.1509399414062 117.02094268798828 1047.7664794921875 227.53504943847656 1.5958871 1.8419191 0.6010861 7.163766 0.9117172 12.871908 1.8371617794036865 0.17592735588550568
Cyclist 0.0 0 1.329309344291687 985.1509399414062 117.02094268798828 1047.7664794921875 227.53504943847656 1.5958871 1.8419191 0.6010861 7.163766 0.9117172 12.871908 1.8371617794036865 0.28331258893013
Cyclist 0.0 0 -1.6358506679534912 994.1611938476562 180.27845764160156 1011.3234252929688 236.70266723632812 1.547366 1.6499392 0.35775787 11.963466 1.8855087 22.078442 -1.1392769813537598 0.2618739902973175
Car 0.0 0 1.7658928632736206 433.7608337402344 184.04190063476562 514.365966796875 243.91676330566406 3.71315 1.5178849 1.5934709 -3.8728695 1.8705308 20.851683 1.5822513103485107 0.8867933750152588
Car 0.0 0 1.628359317779541 643.2870483398438 181.1432647705078 675.5253295898438 211.18031311035156 3.4273572 1.5456431 1.5869017 2.7338793 2.0253139 39.91918 1.6967378854751587 0.3460931181907654
Car 0.0 0 1.3531031608581543 1126.8690185546875 187.410888671875 1177.487060546875 215.01730346679688 3.966313 1.5600365 1.7120482 33.86469 2.5160933 45.20854 1.9960134029388428 0.25361794233322144
Car 0.0 0 1.2847306728363037 1033.1500244140625 192.6015167236328 1091.429443359375 222.21278381347656 4.026189 1.4502286 1.6872332 25.196655 2.6153276 40.38912 1.842500925064087 0.25022292137145996
Car 0.0 0 0.9926786422729492 1137.4964599609375 188.14907836914062 1242.0 228.45516967773438 4.241788 1.538711 1.7218555 25.17499 2.2513242 31.402817 1.668442726135254 0.21520304679870605
Car 0.0 0 1.876286268234253 516.0291137695312 189.8056182861328 568.3866577148438 221.3726806640625 4.0094786 1.5052136 1.6772915 -3.6203165 2.4681764 38.83355 1.7833284139633179 0.17667852342128754
