Pedestrian 0.0 0 -2.145094394683838 129.87472534179688 143.65557861328125 184.17539978027344 233.39004516601562 0.78832847 1.8715571 0.6673299 -9.786806 1.2629349 15.514508 -2.7078652381896973 0.4669991731643677
Pedestrian 0.0 0 -0.7977120876312256 371.05499267578125 181.4424285888672 404.0760803222656 240.87168884277344 0.7388645 1.7776515 0.6356536 -6.8837357 2.04781 22.190382 -1.0985116958618164 0.3601791262626648
Pedestrian 0.0 0 1.8158299922943115 105.81108856201172 136.3480682373047 148.40170288085938 223.409423828125 0.82436466 1.8683879 0.6032376 -10.72681 1.0853069 15.971977 1.2244184017181396 0.3270413875579834
Pedestrian 0.0 0 -0.42409175634384155 727.7938232421875 175.66098022460938 766.9854736328125 247.6022186279297 0.80806637 1.7979516 0.6006254 3.4592335 1.871593 18.447447 -0.23872613906860352 0.2991963028907776
Pedestrian 0.0 0 1.0755681991577148 67.64800262451172 127.2866439819336 124.48298645019531 221.93821716308594 0.8986889 1.8931491 0.5997717 -10.659648 0.9821032 14.895596 0.45443296432495117 0.25798532366752625
Pedestrian 0.0 0 2.0303239822387695 290.8245544433594 175.03135681152344 335.9462890625 258.07373046875 0.8610021 1.8359759 0.63562053 -6.7899866 1.8872662 16.424274 1.6383094787597656 0.2178860604763031
Cyclist 0.0 0 0.4491017758846283 11.948800086975098 204.56686401367188 181.037841796875 323.09405517578125 1.9528353 1.6794099 0.8335246 -7.8895383 2.1931498 11.103057 -0.16868534684181213 0.22725102305412292
Cyclist 0.0 0 1.0093014240264893 124.58948516845703 142.30712890625 181.84361267089844 231.41229248046875 0.9779584 1.8601695 0.6152555 -9.892073 1.2228274 15.547586 0.4426567554473877 0.11394122242927551
Car 0.0 0 -1.5127556324005127 462.5150451660156 186.0135498046875 507.3589782714844 226.97811889648438 3.3917038 1.5328709 1.6389141 -5.1721697 2.1113186 29.916359 -1.6839510202407837 0.7518194913864136
Car 0.0 0 3.337574005126953 230.29867553710938 179.51986694335938 389.8534851074219 237.00718688964844 4.5405974 1.746054 1.8195934 -9.689435 1.9763191 23.552155 2.9472758769989014 0.6889783143997192
Car 0.0 0 1.6574842929840088 483.97247314453125 184.2830352783203 523.3633422851562 217.57562255859375 4.013061 1.5229595 1.6287949 -5.355534 2.1334224 36.463238 1.5116521120071411 0.6600359678268433
