Pedestrian 0.0 0 0.7261956930160522 314.4625549316406 149.7832489013672 345.7372131347656 205.70269775390625 0.79950297 1.8921889 0.61155856 -9.6777525 1.1118845 24.838045 0.3546571731567383 0.3389539420604706
Pedestrian 0.0 0 -1.3964338302612305 311.3323059082031 155.91775512695312 329.4891662597656 197.79638671875 0.5524911 1.979579 0.7204009 -13.861549 1.1793702 34.448666 -1.7789926528930664 0.289770245552063
Pedestrian 0.0 0 -2.543400764465332 368.0396728515625 176.75503540039062 400.73931884765625 240.0762939453125 0.6575158 1.7506249 0.60121167 -6.414862 1.8632277 20.375353 -2.8484108448028564 0.15576498210430145
Pedestrian 0.0 0 0.7714893817901611 279.1982421875 146.56378173828125 312.1354675292969 203.54861450195312 0.84486324 1.8783749 0.5840921 -10.587282 1.0121359 24.202988 0.3591318130493164 0.15161855518817902
Pedestrian 0.0 0 -1.3004077672958374 86.9984130859375 186.69021606445312 160.64227294921875 308.4418029785156 1.300583 1.642941 0.57316035 -7.163087 1.8602328 10.602357 -1.894578218460083 0.1461694985628128
Cyclist 0.0 0 -1.4491612911224365 531.3969116210938 186.54539489746094 540.1607666015625 214.90765380859375 1.475301 1.6940895 0.3637879 -4.611233 2.5539308 44.55121 -1.5522981882095337 0.2376224845647812
Cyclist 0.0 0 -1.3843697309494019 89.54198455810547 185.29306030273438 156.74542236328125 308.3730773925781 1.5185158 1.6394715 0.5472559 -7.1543446 1.836102 10.576708 -1.9790973663330078 0.1718876212835312
Car 0.0 0 1.9686784744262695 154.2322998046875 188.44837951660156 439.1795654296875 360.3305969238281 4.019272 1.5087391 1.6344194 -3.4508357 1.7415261 8.725003 1.5920478105545044 0.8958371877670288
Car 0.0 0 3.154276132583618 354.11663818359375 176.47164916992188 455.4708251953125 213.1008758544922 4.327394 1.5829151 1.7129192 -9.330922 1.7549412 32.844673 2.877476692199707 0.7155163884162903
Car 0.0 0 -1.5366380214691162 502.5218200683594 183.75796508789062 534.3973388671875 214.14752197265625 3.371004 1.5239679 1.6053976 -4.9695597 2.1430922 39.190186 -1.6627711057662964 0.6885642409324646
Car 0.0 0 1.4719661474227905 626.4022827148438 176.10011291503906 655.5783081054688 201.215576171875 3.8372006 1.6519494 1.6392378 2.077298 1.8857563 49.925434 1.5135501623153687 0.1511373221874237
Car 0.0 0 1.5021255016326904 507.3313903808594 181.4689178466797 537.9268188476562 208.96592712402344 3.9746954 1.6074398 1.6429796 -5.5926685 2.1774924 45.604744 1.3801013231277466 0.1359955072402954
