Cyclist 0.0 0 -1.5447678565979004 519.1414184570312 174.80792236328125 536.5969848632812 222.16006469726562 1.8852006 1.7859846 0.6336696 -3.2477689 1.8654915 28.25823 -1.6591975688934326 0.6967171430587769
Car 0.0 0 0.6300572156906128 0.0 189.10382080078125 263.9971618652344 331.4832763671875 3.937264 1.4241434 1.580316 -6.3624167 1.6293344 8.249601 -0.026899028569459915 0.8223034143447876
Car 0.0 0 -0.5140218734741211 859.4796142578125 186.53851318359375 1152.3402099609375 289.70953369140625 3.7501 1.472814 1.6034306 6.0365186 1.7050569 11.373438 -0.026073411107063293 0.82176673412323
Car 0.0 0 -1.6732821464538574 633.8125 178.55319213867188 676.1240234375 211.21815490722656 4.0287247 1.4490969 1.6183485 2.0704165 1.7402691 34.768097 -1.6138030290603638 0.80606609582901
Car 0.0 0 3.5154201984405518 171.4063262939453 176.47171020507812 391.66326904296875 253.37252807617188 3.9270456 1.5252017 1.6386684 -6.880716 1.6069056 15.307527 3.0929830074310303 0.7952631711959839
Car 0.0 0 -0.6765531301498413 946.229736328125 183.15428161621094 1242.0 319.5596618652344 3.7230039 1.4356343 1.5703657 6.1787434 1.5715644 8.609505 -0.05406931787729263 0.7718045711517334
Car 0.0 0 -2.5594332218170166 0.0 185.12342834472656 314.34979248046875 291.98968505859375 3.7561812 1.4513577 1.5826763 -6.695729 1.6503769 10.835288 -3.1129510402679443 0.7714263200759888
Car 0.0 0 2.607180595397949 763.7813720703125 186.43292236328125 956.0625 255.2928466796875 3.9169197 1.4260423 1.5874323 5.6449156 1.7606953 16.58249 2.9352903366088867 0.7204864025115967
Car 0.0 0 2.734572649002075 733.8743896484375 179.89190673828125 892.8955078125 237.48760986328125 3.7982593 1.4445809 1.5811785 5.361388 1.6442944 19.392412 3.004303455352783 0.6876024007797241
Car 0.0 0 -0.46015819907188416 830.1512451171875 181.62107849121094 1060.5499267578125 262.5414733886719 3.725224 1.4462237 1.5709609 6.307772 1.6261609 13.926828 -0.034876685589551926 0.6808159351348877
Car 0.0 0 -0.7088437676429749 1074.9903564453125 166.60105895996094 1242.0 375.0 3.8081446 1.4885073 1.5934862 6.177221 1.4465299 5.8691077 0.1021261215209961 0.6368765234947205
Car 0.0 0 0.3617406487464905 218.14984130859375 160.63247680664062 421.7814025878906 234.14976501464844 4.330782 1.7231417 1.7405022 -7.0833726 1.4370444 17.815357 -0.016694406047463417 0.5903072357177734
Car 0.0 0 -2.768239974975586 420.89605712890625 179.69813537597656 512.5432739257812 215.29550170898438 3.6490498 1.499818 1.5928725 -6.351627 1.8135371 31.927883 -2.9646129608154297 0.527550458908081
