Car 0.0 0 -1.3145668506622314 391.26080322265625 185.775146484375 483.48260498046875 245.60586547851562 3.5306575 1.4607642 1.5672349 -4.523988 1.47836 19.366102 -1.5440548658370972 0.9008779525756836
Car 0.0 0 -1.1307659149169922 53.74588394165039 193.33592224121094 380.2891845703125 361.86749267578125 4.1148195 1.4170339 1.6047194 -4.1029325 1.5355045 8.312002 -1.5892928838729858 0.8779098987579346
Car 0.0 0 -1.3166981935501099 344.5964660644531 179.12205505371094 414.5477600097656 222.03646850585938 3.958421 1.5386381 1.6314577 -8.761896 1.3212905 27.788298 -1.6221399307250977 0.8136683106422424
Car 0.0 0 -1.45005202293396 458.2701721191406 179.43844604492188 509.8883972167969 218.943359375 3.9628386 1.5037259 1.6123909 -5.0193424 1.2849501 29.37711 -1.6192768812179565 0.8024420738220215
Car 0.0 0 -1.4439057111740112 496.5690002441406 178.63943481445312 534.6404418945312 207.00868225097656 3.7380672 1.4565984 1.5778785 -4.9511075 1.120076 38.77448 -1.5709083080291748 0.629652202129364
Car 0.0 0 -1.5129624605178833 576.5519409179688 177.40878295898438 609.7745971679688 206.25048828125 3.3572216 1.4843084 1.5988141 -0.7772153 1.0836655 38.698975 -1.533043384552002 0.5565913915634155
Car 0.0 0 2.2971372604370117 0.0 202.9077911376953 106.38227081298828 365.91339111328125 3.7774425 1.455653 1.5726601 -8.215425 1.7189995 8.74036 1.5426883697509766 0.5432751178741455
Car 0.0 0 -1.1123077869415283 186.9508056640625 168.35853576660156 298.57647705078125 218.49351501464844 4.3614473 1.5781204 1.6677446 -12.470021 1.0486317 24.810669 -1.5780390501022339 0.5032589435577393
Car 0.0 0 0.8582238554954529 0.0 209.7020721435547 152.8771514892578 376.0 3.855711 1.4297533 1.5746182 -5.446801 1.6174318 4.6801925 -0.0027297725901007652 0.4934925138950348
Car 0.0 0 -1.1409099102020264 210.06915283203125 196.13868713378906 336.7315979003906 264.8922119140625 3.3218038 1.4760016 1.5647959 -8.096102 1.7701457 17.618172 -1.5716617107391357 0.4328679144382477
