Car 0.0 0 -2.055380344390869 802.7140502929688 198.21922302246094 1236.1634521484375 375.0 3.5553217 1.3939545 1.553395 2.9000847 1.6734841 6.129397 -1.613447666168213 0.908036470413208
Car 0.0 0 -1.6888606548309326 670.3568725585938 180.03240966796875 733.2818603515625 228.12631225585938 3.7436166 1.4202493 1.6033276 2.894147 1.6754544 23.738758 -1.5675427913665771 0.9012197256088257
Car 0.0 0 -1.8426240682601929 724.4644165039062 180.8316650390625 890.9459228515625 291.3302001953125 3.6945496 1.4511502 1.5822735 2.918346 1.6005397 11.609487 -1.5963507890701294 0.8536141514778137
Car 0.0 0 -2.6627378463745117 191.22921752929688 169.99539184570312 414.534423828125 252.0302734375 3.8500195 1.5544122 1.6353782 -6.1796284 1.5006046 14.636807 -3.062232732772827 0.7960860133171082
Car 0.0 0 0.7434294819831848 0.0 164.838623046875 278.6263122558594 330.5079040527344 4.042806 1.5108677 1.6303151 -5.9032726 1.4381272 7.551459 0.07992267608642578 0.7200316786766052
Car 0.0 0 0.5733228921890259 99.7322006225586 187.98193359375 376.6507873535156 286.7263488769531 3.86866 1.4722096 1.5933515 -6.1468983 1.7459177 12.04633 0.10149192810058594 0.7003763914108276
Car 0.0 0 0.3933786451816559 327.6653747558594 177.5528106689453 476.0899963378906 229.69351196289062 4.090608 1.5220987 1.6435066 -6.4180765 1.6744957 22.296597 0.11310553550720215 0.6918257474899292
Car 0.0 0 -1.60813307762146 650.7813720703125 174.8177490234375 687.5730590820312 208.0349578857422 3.80855 1.4881079 1.5998646 2.740522 1.5876025 34.48672 -1.5288337469100952 0.6591720581054688
Car 0.0 0 0.52750563621521 0.0 163.29103088378906 307.4630432128906 286.80377197265625 3.8913944 1.5241455 1.6147766 -6.4500394 1.4064964 9.812275 -0.05401498079299927 0.6388041973114014
Car 0.0 0 -2.8678431510925293 381.8692932128906 170.4959716796875 502.5367736816406 215.2471466064453 4.1228027 1.6270193 1.692017 -6.299635 1.5416462 27.169952 -3.095677614212036 0.45868542790412903
