Pedestrian 0.0 0 -0.2501806616783142 722.7967529296875 185.323974609375 747.6820678710938 231.61758422851562 0.79754275 1.7391816 0.6724346 4.7549 2.2241206 27.669073 -0.0799940899014473 0.42479151487350464
Pedestrian 0.0 0 -0.9387943148612976 1117.9912109375 182.2075653076172 1164.84912109375 257.3398132324219 0.69340986 1.7374461 0.605775 12.595594 1.9655721 17.174116 -0.30599838495254517 0.23817266523838043
Pedestrian 0.0 0 -2.548612356185913 762.2225341796875 168.5650177001953 791.271484375 224.4829864501953 0.6983122 1.7866452 0.6148988 5.3888416 1.6499649 23.516243 -2.323347568511963 0.20300140976905823
Pedestrian 0.0 0 0.8889026045799255 754.1484375 138.44589233398438 796.1329956054688 194.41824340820312 1.5370755 1.8629841 0.5628276 5.6216683 0.7181025 24.82657 1.1115849018096924 0.11703144758939743
Cyclist 0.0 0 1.8968315124511719 482.5021057128906 178.8409881591797 502.49530029296875 209.71604919433594 1.9714885 1.7090371 0.5292992 -6.755373 2.0609198 41.346447 1.7348779439926147 0.4375128448009491
Cyclist 0.0 0 0.8889026045799255 754.1484375 138.44589233398438 796.1329956054688 194.41824340820312 1.5370755 1.8629841 0.5628276 5.6216683 0.7181025 24.82657 1.1115849018096924 0.26259833574295044
Car 0.0 0 -0.9930340051651001 0.0 188.70840454101562 252.44998168945312 342.5615539550781 3.8941298 1.4436897 1.628053 -6.320909 1.688239 9.142005 -1.597974181175232 0.8741751313209534
Car 0.0 0 -1.455758810043335 496.8760986328125 181.1374969482422 554.2361450195312 225.6949462890625 4.0239725 1.459566 1.6303568 -3.052909 1.7860533 26.392824 -1.5709189176559448 0.8468846678733826
Car 0.0 0 -1.4116504192352295 554.9798583984375 177.59268188476562 583.872802734375 197.93521118164062 3.853036 1.4559451 1.5928704 -3.0584292 1.827818 54.56803 -1.4676398038864136 0.19755339622497559
Car 0.0 0 1.9254577159881592 493.2720947265625 175.63417053222656 535.8965454101562 200.2013397216797 3.6609356 1.5193175 1.5821849 -6.2023153 1.7084256 47.02356 1.7943166494369507 0.17577476799488068
