Pedestrian 0.0 0 -2.450390338897705 382.3313903808594 147.50535583496094 451.7632751464844 256.0420227050781 0.9108283 1.8014182 0.7238314 -3.2949827 1.2554461 12.248544 -2.713179349899292 0.6994580030441284
Pedestrian 0.0 0 -2.183734893798828 59.30906295776367 182.57943725585938 118.16435241699219 265.912841796875 0.8511793 1.7245457 0.64171064 -11.0550375 1.7718469 15.089087 -2.8160400390625 0.5779199004173279
Pedestrian 0.0 0 -1.5565690994262695 5.9693403244018555 178.8739776611328 51.194480895996094 270.6391296386719 0.8335701 1.679254 0.6519592 -11.009574 1.6511381 13.46276 -2.2420578002929688 0.5600358843803406
Pedestrian 0.0 0 0.5870109796524048 618.741943359375 151.24354553222656 677.8922119140625 241.40005493164062 0.9848215 1.7865045 0.720063 0.8522599 1.2083997 14.589418 0.6453609466552734 0.5336766242980957
Pedestrian 0.0 0 -1.4801025390625 177.50538635253906 162.4107208251953 213.8415985107422 241.54544067382812 0.8013508 1.6317511 0.6023885 -8.752437 1.2603755 15.064667 -2.006427526473999 0.4813602864742279
Pedestrian 0.0 0 -2.002142906188965 1143.647216796875 142.6279296875 1184.577392578125 201.90882873535156 0.93125105 1.7774439 0.6555762 17.13523 0.6434716 21.724247 -1.334293007850647 0.3984794318675995
Pedestrian 0.0 0 -0.7807915806770325 1155.6260986328125 133.29559326171875 1224.0 231.1855010986328 0.86495984 1.7999119 0.58541906 10.992928 0.9335983 13.326432 -0.09105312824249268 0.31182822585105896
Pedestrian 0.0 0 -1.3843408823013306 125.30208587646484 184.1664581298828 167.4436798095703 261.38690185546875 1.4066161 1.7067815 0.57497865 -10.692898 1.7976727 16.454546 -1.9606068134307861 0.21000143885612488
Cyclist 0.0 0 -3.4950835704803467 954.0206909179688 151.271728515625 1011.6039428710938 197.1548614501953 1.7950642 1.7061924 0.68304884 14.250593 0.62083536 26.747177 -3.0055503845214844 0.6930729150772095
Cyclist 0.0 0 -1.28263258934021 918.0789184570312 149.57577514648438 955.9454956054688 207.64837646484375 1.9490753 1.7977965 0.57774866 10.694027 0.84200764 22.803957 -0.8441281318664551 0.4983034133911133
Cyclist 0.0 0 -1.3843408823013306 125.30208587646484 184.1664581298828 167.4436798095703 261.38690185546875 1.4066161 1.7067815 0.57497865 -10.692898 1.7976727 16.454546 -1.9606068134307861 0.30633291602134705
Cyclist 0.0 0 -1.9873327016830444 1142.4029541015625 142.73072814941406 1184.5777587890625 201.42420959472656 1.0918349 1.7566227 0.6287048 17.143982 0.62779725 21.762972 -1.3201003074645996 0.22997549176216125
Cyclist 0.0 0 1.0539308786392212 619.7632446289062 151.23414611816406 676.39990234375 242.7764129638672 1.0608222 1.8076953 0.7365652 0.83566874 1.231409 14.595943 1.1111218929290771 0.1451169103384018
Cyclist 0.0 0 -1.4354281425476074 175.49497985839844 162.29762268066406 213.7526092529297 242.16688537597656 0.8895257 1.6392506 0.591352 -8.753509 1.2672864 15.030607 -1.9627902507781982 0.12307676672935486
Cyclist 0.0 0 -2.4660658836364746 381.8289794921875 147.79954528808594 454.7617492675781 256.7962341308594 0.9815768 1.8074942 0.7302334 -3.2740526 1.2668725 12.251853 -2.7271933555603027 0.10999348014593124
Cyclist 0.0 0 0.9650428891181946 55.26136779785156 181.5586395263672 119.18630981445312 265.4897766113281 0.94684464 1.7370464 0.6858093 -11.108088 1.7620207 15.118444 0.33138155937194824 0.10273811966180801
Car 0.0 0 -1.1364047527313232 118.6453857421875 191.39064025878906 430.89410400390625 368.0633239746094 3.714022 1.387553 1.5521909 -3.2284818 1.5363549 7.6636324 -1.5351144075393677 0.9021508097648621
Car 0.0 0 -0.6704040765762329 1117.08203125 150.15283203125 1224.0 198.7642822265625 3.912704 1.5402904 1.6194537 19.373877 0.58026785 23.255236 0.024194955825805664 0.5084245204925537
Car 0.0 0 1.5854185819625854 461.5220642089844 170.35400390625 486.4293212890625 193.90231323242188 3.9228735 1.54342 1.6103512 -8.938264 0.8797511 48.40537 1.4028210639953613 0.42174017429351807
