Pedestrian 0.0 0 -1.367129921913147 700.4867553710938 167.71066284179688 739.758056640625 255.776611328125 0.881977 1.6874281 0.6084776 2.1465614 1.5892347 14.341483 -1.2185578346252441 0.49100130796432495
Pedestrian 0.0 0 3.09901762008667 226.81735229492188 180.56817626953125 248.3445587158203 221.9956512451172 0.7824523 1.7184664 0.6728099 -15.83557 2.0511549 30.595078 2.621400833129883 0.4726286232471466
Pedestrian 0.0 0 1.8051676750183105 727.0665283203125 146.86265563964844 775.6434936523438 252.8480682373047 0.8685404 1.7548044 0.6426648 2.4005084 1.3248225 12.471852 1.9953163862228394 0.3822767734527588
Pedestrian 0.0 0 -1.2157564163208008 177.0685577392578 183.9606475830078 206.76226806640625 231.21499633789062 0.8050677 1.677735 0.700934 -15.266937 2.0897777 26.285828 -1.741942286491394 0.3189453184604645
Cyclist 0.0 0 -2.5586659908294678 731.72265625 144.8498992919922 865.4904174804688 269.6086730957031 1.9332553 1.7367469 0.6338527 2.7684853 1.3472642 10.968921 -2.3114356994628906 0.5596507787704468
Cyclist 0.0 0 -1.7261018753051758 911.5432739257812 174.40054321289062 950.6972045898438 246.60232543945312 1.9109681 1.5984572 0.5465161 7.4939327 1.6374043 17.007374 -1.3110686540603638 0.3710428476333618
Cyclist 0.0 0 -1.4875988960266113 702.380126953125 165.92306518554688 737.1597900390625 255.8777313232422 1.1893631 1.7007782 0.58769584 2.1349437 1.5700926 14.285654 -1.339250087738037 0.15066616237163544
Car 0.0 0 -1.0608704090118408 0.0 177.9968719482422 413.6615905761719 375.0 3.5982413 1.4025998 1.5230964 -2.6664724 1.4509223 4.9176917 -1.5577211380004883 0.8939133286476135
Car 0.0 0 1.83466637134552 427.37567138671875 183.23121643066406 468.78106689453125 209.1532745361328 3.725052 1.4541104 1.539889 -9.829144 2.112883 43.88319 1.6143189668655396 0.5804120302200317
Car 0.0 0 -1.5835431814193726 595.6734619140625 173.78895568847656 622.253173828125 199.58563232421875 4.0753946 1.5926826 1.647148 -0.12810118 1.6562694 46.743668 -1.5862836837768555 0.36451661586761475
Car 0.0 0 -1.2261524200439453 277.3099365234375 188.9895477294922 403.89910888671875 265.4474182128906 3.4915774 1.4381623 1.5372618 -5.893508 1.8368796 16.0596 -1.5778709650039673 0.23925402760505676
Car 0.0 0 1.8595962524414062 347.11981201171875 179.12091064453125 392.04217529296875 205.0361785888672 4.0676603 1.5288702 1.6028645 -15.169094 1.943351 45.618572 1.5385777950286865 0.2380724400281906
