Pedestrian 0.0 0 -2.711303472518921 310.64300537109375 133.24180603027344 372.5603332519531 243.88702392578125 0.79977614 1.8364601 0.63778275 -4.5839725 0.9749421 12.274768 -3.068711757659912 0.31925275921821594
Pedestrian 0.0 0 0.1974230706691742 394.88720703125 138.88690185546875 459.0537414550781 248.61680603027344 0.95565665 1.8206356 0.6493984 -3.1220937 1.0530804 12.272413 -0.051691826432943344 0.26648396253585815
Pedestrian 0.0 0 -2.2196452617645264 293.5986633300781 168.19993591308594 335.5733947753906 228.91839599609375 1.062887 1.728453 0.6177905 -8.607792 1.2452022 20.995712 -2.6087241172790527 0.2285798043012619
Cyclist 0.0 0 -2.2255325317382812 290.3797607421875 167.73300170898438 336.0243835449219 228.91531372070312 1.2313156 1.743176 0.61281055 -8.672236 1.2461991 21.051327 -2.6163036823272705 0.24050909280776978
Cyclist 0.0 0 -2.6533727645874023 309.0380859375 132.82177734375 386.52490234375 243.3434600830078 1.0799488 1.8299545 0.6225308 -4.4806542 0.96357715 12.281405 -3.003199577331543 0.14282457530498505
Car 0.0 0 -1.137712836265564 177.62400817871094 179.73291015625 316.6788024902344 253.38087463378906 3.2089431 1.4623723 1.5337131 -7.8654003 1.3546358 15.894193 -1.5972399711608887 0.8515151739120483
Car 0.0 0 -1.5626071691513062 577.3462524414062 176.2452850341797 618.052978515625 212.85679626464844 3.5493238 1.4662896 1.6304997 -0.4517526 1.1081563 30.56636 -1.5773855447769165 0.7972895503044128
Car 0.0 0 2.328688383102417 0.0 196.56459045410156 148.46559143066406 346.8309631347656 3.666613 1.4413705 1.5614512 -7.8373375 1.6147153 9.03893 1.6143704652786255 0.6920746564865112
Car 0.0 0 1.7253090143203735 435.6960754394531 187.75433349609375 512.4735107421875 244.3701934814453 3.7720673 1.4364247 1.5648334 -3.7198975 1.5160319 20.311754 1.5441761016845703 0.47026312351226807
Car 0.0 0 -1.1868956089019775 183.50282287597656 183.91485595703125 279.8393859863281 232.9315185546875 3.6062706 1.4876684 1.5715467 -12.30858 1.449319 23.683462 -1.6661882400512695 0.30647480487823486
Car 0.0 0 1.816999077796936 555.3927612304688 174.12335205078125 586.1617431640625 192.5934295654297 4.0383043 1.4628081 1.589984 -3.0130718 0.58543915 59.063736 1.7660293579101562 0.27297794818878174
Car 0.0 0 -1.6277453899383545 641.4046020507812 170.5491943359375 681.8358154296875 205.30323791503906 4.1195016 1.5183347 1.6316093 2.4164886 0.87871593 33.473454 -1.555679202079773 0.25058531761169434
