Pedestrian 0.0 0 -0.9732307195663452 304.0617370605469 179.56417846679688 344.59674072265625 235.59817504882812 1.1976321 1.7135592 0.63187534 -9.087967 1.9327238 22.87205 -1.3514413833618164 0.2356819212436676
Pedestrian 0.0 0 -1.422415018081665 249.09835815429688 172.20724487304688 293.0966796875 247.2562255859375 1.2353716 1.6500819 0.74207777 -7.807826 1.6362197 16.559895 -1.8629956245422363 0.16488365828990936
Cyclist 0.0 0 -1.4046136140823364 247.6726837158203 172.8674774169922 296.1622009277344 247.25131225585938 1.6517198 1.624046 0.75294423 -7.8213606 1.6247318 16.64793 -1.8438186645507812 0.285601407289505
Cyclist 0.0 0 -0.9732307195663452 304.0617370605469 179.56417846679688 344.59674072265625 235.59817504882812 1.1976321 1.7135592 0.63187534 -9.087967 1.9327238 22.87205 -1.3514413833618164 0.25613388419151306
Car 0.0 0 -1.7778035402297974 470.49334716796875 176.75193786621094 517.3441162109375 208.4317169189453 3.9753199 1.5389149 1.6262178 -6.1568217 1.7546767 37.723034 -1.9395883083343506 0.8312730193138123
Car 0.0 0 3.4974288940429688 0.0 155.2209014892578 264.0646057128906 262.0879821777344 4.08414 1.8592951 1.6928715 -9.099511 1.5528686 13.8332205 2.915588855743408 0.7559527158737183
Car 0.0 0 -2.349684238433838 0.0 193.19869995117188 131.9116973876953 349.4786071777344 4.017391 1.4193964 1.5835308 -7.5960474 1.6555126 7.55869 -3.137547492980957 0.5923566818237305
Car 0.0 0 3.4399149417877197 150.4222869873047 173.3921661376953 321.75885009765625 233.3827667236328 3.8615294 1.5469756 1.6167948 -10.153581 1.5629191 19.758503 2.965221881866455 0.47408008575439453
Car 0.0 0 1.4946041107177734 326.1556091308594 168.50338745117188 367.83660888671875 201.7716522216797 3.9455652 1.5389615 1.622233 -13.023566 1.3380636 35.50647 1.1430469751358032 0.44967779517173767
Car 0.0 0 0.20539431273937225 195.5906982421875 173.98855590820312 343.1606750488281 226.46371459960938 3.9848208 1.5711298 1.6544079 -10.737717 1.6095195 22.91952 -0.23273445665836334 0.3785589039325714
Car 0.0 0 -2.545823097229004 109.26100158691406 173.85781860351562 303.3941955566406 241.37393188476562 3.708233 1.4843241 1.5796753 -9.386373 1.5094289 16.836561 -3.054405689239502 0.34191572666168213
Car 0.0 0 3.2339460849761963 229.51792907714844 166.81590270996094 330.1719970703125 204.88034057617188 3.865468 1.5894105 1.6440098 -14.374148 1.3376434 31.53782 2.806300163269043 0.28615379333496094
