Pedestrian 0.0 0 -0.7847506403923035 761.3496704101562 138.97047424316406 809.6200561523438 225.07525634765625 0.87182945 1.8614444 0.6035505 3.983699 0.96526146 15.762609 -0.537203311920166 0.1793554127216339
Pedestrian 0.0 0 -2.3967342376708984 995.6306762695312 83.5062255859375 1224.0 370.0 0.6557956 1.7260274 0.70725507 2.3679814 1.3170165 3.3851264 -1.7863270044326782 0.1604522317647934
Pedestrian 0.0 0 0.8079147338867188 172.2696990966797 161.8988800048828 196.4434051513672 202.7830352783203 0.7802372 1.8548193 0.5739483 -19.325562 1.0123901 32.453083 0.2708163261413574 0.15881770849227905
Pedestrian 0.0 0 -3.185580253601074 719.6539916992188 136.98992919921875 749.4776611328125 204.24400329589844 0.81583023 1.9020883 0.6322658 3.6901095 0.67310417 20.360144 -3.006284713745117 0.1527903825044632
Pedestrian 0.0 0 -1.5492603778839111 773.7623291015625 169.47308349609375 805.3004150390625 259.5234375 0.7533312 1.7601889 0.59990263 3.686089 1.54628 14.259383 -1.2962952852249146 0.11526337265968323
Pedestrian 0.0 0 1.2708762884140015 795.1375122070312 114.51670837402344 855.8036499023438 245.0597381591797 0.9730932 1.9073567 0.62104 3.306069 0.94494224 10.813214 1.5675939321517944 0.11218059062957764
Cyclist 0.0 0 -1.561170220375061 1086.4066162109375 130.89852905273438 1114.279541015625 217.0124969482422 1.7733629 1.7518169 0.46851027 10.6424675 0.7443998 15.236504 -0.9514617919921875 0.4912991523742676
Cyclist 0.0 0 -2.000126838684082 834.9999389648438 161.25511169433594 862.2482299804688 202.68789672851562 1.675404 1.7151192 0.4363717 10.342538 0.9199593 30.118587 -1.6693494319915771 0.27898895740509033
Cyclist 0.0 0 2.752628803253174 422.61029052734375 170.00833129882812 445.1198425292969 194.4531707763672 1.4838601 1.7415012 0.54429585 -12.341387 0.99534273 51.022038 2.515303611755371 0.21445947885513306
Car 0.0 0 -1.472751259803772 555.0159912109375 167.1719970703125 576.591064453125 184.6754608154297 3.666216 1.5193446 1.577411 -3.456661 0.36362755 63.2343 -1.527361273765564 0.3446197807788849
Car 0.0 0 2.1228442192077637 0.0 155.0162353515625 150.08551025390625 224.76553344726562 4.0695434 1.6215141 1.646505 -13.945536 1.0306805 18.534748 1.4778093099594116 0.1275026649236679
Car 0.0 0 1.6629259586334229 521.6588134765625 164.59629821777344 546.31884765625 184.87026977539062 3.9911647 1.586624 1.631375 -5.7093472 0.34325662 57.32944 1.5636647939682007 0.11560431867837906
Car 0.0 0 2.0873074531555176 24.974042892456055 185.2903594970703 130.84841918945312 228.028076171875 3.8614335 1.5142453 1.6022576 -20.386303 1.7157935 27.51075 1.4495716094970703 0.11119891703128815
Car 0.0 0 2.099454402923584 158.81419372558594 178.9861297607422 230.68350219726562 210.95680236816406 3.487125 1.5105022 1.542937 -20.322914 1.4404253 35.14757 1.57520592212677 0.1088089570403099
