Pedestrian 0.0 0 1.2267577648162842 719.1959228515625 140.77804565429688 776.3174438476562 250.02590942382812 0.97733563 1.8340771 0.68870735 2.4427583 1.1688656 12.399633 1.421269416809082 0.787747323513031
Pedestrian 0.0 0 1.5466104745864868 528.7905883789062 137.8825225830078 557.752685546875 221.58499145507812 0.8084466 1.8503921 0.63305587 -1.4498982 0.90987104 16.063263 1.4565926790237427 0.6714051365852356
Pedestrian 0.0 0 1.3775923252105713 433.19989013671875 131.67852783203125 470.8833923339844 219.69956970214844 0.82731295 1.8666075 0.6584021 -3.4010696 0.83290106 15.499462 1.1615843772888184 0.6000787019729614
Pedestrian 0.0 0 1.2885624170303345 648.01123046875 141.47877502441406 676.2625732421875 204.62054443359375 0.80460894 1.8224871 0.62986374 1.646194 0.69777036 20.860521 1.3673135042190552 0.4703941345214844
Pedestrian 0.0 0 1.4831840991973877 506.7381286621094 143.04092407226562 535.1450805664062 221.90199279785156 0.85087407 1.8426524 0.6030339 -2.0664818 0.96899676 16.994455 1.3621807098388672 0.4694443345069885
Pedestrian 0.0 0 -0.09119264036417007 584.8196411132812 147.4319305419922 640.6554565429688 256.4419250488281 0.8630292 1.7484945 0.6821624 0.071020275 1.2197448 11.712458 -0.08512905985116959 0.4354237914085388
Pedestrian 0.0 0 -1.6132001876831055 243.63592529296875 138.2716522216797 284.70306396484375 242.74652099609375 0.9340823 1.7079244 0.5905625 -5.890116 1.0192399 12.104912 -2.066061496734619 0.3841506540775299
Pedestrian 0.0 0 0.2056545466184616 617.6612548828125 139.65298461914062 643.6921997070312 193.87925720214844 0.8035728 1.872408 0.62307096 0.87665224 0.463511 24.807528 0.24097800254821777 0.3092389702796936
Pedestrian 0.0 0 3.161623239517212 424.6227111816406 140.8909149169922 448.6016540527344 201.49310302734375 0.72271454 1.872616 0.6089146 -5.3176417 0.6502452 22.217459 2.9266974925994873 0.30257734656333923
Pedestrian 0.0 0 -1.5163439512252808 503.1407775878906 145.43687438964844 518.8239135742188 189.63784790039062 0.7648379 1.9058166 0.6399946 -4.12361 0.39547235 30.887177 -1.6490646600723267 0.2755047082901001
Pedestrian 0.0 0 1.3997802734375 469.4188232421875 138.9854736328125 503.86236572265625 223.36387634277344 0.8223526 1.8551809 0.63723975 -2.731453 0.9440391 16.034369 1.2310500144958496 0.2748534381389618
Pedestrian 0.0 0 0.6258975863456726 258.559326171875 136.02581787109375 336.1648864746094 246.45181274414062 0.94399035 1.744389 0.68893415 -5.0820136 1.0434905 11.600671 0.21300101280212402 0.2658327519893646
Pedestrian 0.0 0 -0.8901172876358032 232.068115234375 154.27291870117188 267.6176452636719 215.39454650878906 0.75223696 1.8022256 0.6223638 -10.715189 1.0304617 21.276653 -1.356650710105896 0.2581242620944977
Pedestrian 0.0 0 1.7957849502563477 109.04402160644531 147.79745483398438 166.14328002929688 256.861328125 0.8746873 1.7343216 0.61497074 -7.799173 1.2159445 11.756166 1.210039496421814 0.2341645061969757
Cyclist 0.0 0 -2.5405399799346924 621.9290771484375 160.2734375 671.68115234375 207.28111267089844 1.8348157 1.7067909 0.6097926 1.5280098 0.9739094 26.469759 -2.482877254486084 0.32205745577812195
Cyclist 0.0 0 0.7521167397499084 251.32504272460938 134.56610107421875 338.28448486328125 244.13336181640625 1.1762842 1.7245964 0.659712 -5.1422615 1.0032498 11.629256 0.3357822895050049 0.25042635202407837
Cyclist 0.0 0 -0.07579109817743301 570.454345703125 149.95791625976562 629.69580078125 259.0791015625 0.9226128 1.7386018 0.6892825 -0.13915671 1.253637 11.644008 -0.08774145692586899 0.1907215565443039
Cyclist 0.0 0 2.0219550132751465 421.0517272949219 139.6482391357422 452.0667724609375 200.31912231445312 0.98539954 1.8702011 0.5836736 -5.3440685 0.6124873 22.33392 1.7870906591415405 0.1235695406794548
Cyclist 0.0 0 1.2267577648162842 719.1959228515625 140.77804565429688 776.3174438476562 250.02590942382812 0.97733563 1.8340771 0.68870735 2.4427583 1.1688656 12.399633 1.421269416809082 0.1051563173532486
Car 0.0 0 1.9170823097229004 0.0 31.5795955657959 289.90521240234375 370.0 4.079292 1.6081675 1.6133021 -3.1326284 1.1680549 4.277201 1.2849397659301758 0.2998645007610321
