Pedestrian 0.0 0 1.8687102794647217 243.47386169433594 160.50076293945312 270.8559875488281 215.6786346435547 0.72672904 1.8193709 0.6410643 -11.871435 1.4124078 24.197721 1.4126098155975342 0.2960938513278961
Pedestrian 0.0 0 -1.020846962928772 1043.248046875 186.80540466308594 1083.50537109375 239.60304260253906 0.93334484 1.6577194 0.7289656 14.699085 2.1222305 23.468184 -0.46128395199775696 0.28832945227622986
Cyclist 0.0 0 -1.020846962928772 1043.248046875 186.80540466308594 1083.50537109375 239.60304260253906 0.93334484 1.6577194 0.7289656 14.699085 2.1222305 23.468184 -0.46128395199775696 0.11009761691093445
Car 0.0 0 -1.9408390522003174 743.3561401367188 187.58438110351562 1007.4830932617188 341.12060546875 4.220348 1.4116515 1.603506 2.9536593 1.6438315 9.198581 -1.6301391124725342 0.8787631392478943
Car 0.0 0 -1.6846895217895508 655.8779296875 173.18174743652344 709.8558959960938 217.5271759033203 4.166151 1.6228098 1.6419808 2.7616587 1.6370813 28.529785 -1.588191032409668 0.810947835445404
Car 0.0 0 -2.835585832595825 351.59698486328125 176.07025146484375 476.9513244628906 225.0770263671875 3.603824 1.5187008 1.586613 -6.3150535 1.6269734 23.33917 -3.0998358726501465 0.7359891533851624
Car 0.0 0 -2.32084321975708 0.0 134.05348205566406 175.2138671875 320.4164123535156 3.7888837 1.6216631 1.6359749 -6.7673645 1.284393 7.2200985 -3.073885440826416 0.699798047542572
Car 0.0 0 1.5240510702133179 633.0416870117188 174.61007690429688 657.8255615234375 196.89065551757812 3.924404 1.5260582 1.5848007 2.4765577 1.6570032 51.689907 1.571926236152649 0.4248533248901367
Car 0.0 0 0.1910785734653473 436.09893798828125 175.16139221191406 526.5401000976562 208.77392578125 4.0974336 1.5918921 1.6607615 -6.25717 1.7074115 35.148323 0.014902353286743164 0.41800108551979065
Car 0.0 0 1.6217420101165771 450.7930908203125 180.19869995117188 498.1666564941406 224.5543212890625 3.591988 1.4707022 1.5244826 -4.945866 1.7592422 26.426281 1.436725378036499 0.3941470980644226
Car 0.0 0 -2.9400997161865234 424.6404113769531 172.5160369873047 511.10845947265625 209.2388458251953 3.6256912 1.6370159 1.6402235 -6.4910913 1.6223086 32.994926 -3.1343491077423096 0.36407706141471863
Car 0.0 0 -0.8573875427246094 718.6023559570312 187.45848083496094 905.2315673828125 272.64581298828125 3.7132668 1.4492224 1.5745636 4.0635066 1.7777628 14.52991 -0.5846895575523376 0.3223033547401428
