Car 0.0 0 1.6696983575820923 524.3046875 176.72686767578125 574.009521484375 217.35165405273438 3.666885 1.4361923 1.5470442 -2.3164136 1.595163 27.70251 1.5862749814987183 0.8813835978507996
Car 0.0 0 -1.810616135597229 714.9380493164062 184.0246124267578 866.4861450195312 283.1669921875 4.1466994 1.4110855 1.5995597 2.9432244 1.6422479 12.821035 -1.5849636793136597 0.8787039518356323
Car 0.0 0 -1.719367504119873 653.795654296875 174.05966186523438 704.7457275390625 211.27557373046875 3.9603217 1.5089998 1.6245531 2.9066508 1.5652232 31.407358 -1.6270835399627686 0.8066038489341736
Car 0.0 0 0.5319506525993347 2.5841572284698486 187.02159118652344 375.7658386230469 304.81427001953125 4.2344327 1.4614714 1.6393133 -5.6873803 1.6750693 10.00581 0.01508474349975586 0.7960689067840576
Car 0.0 0 0.5257036685943604 149.06407165527344 187.91676330566406 404.3536071777344 277.8907775878906 3.81934 1.4258707 1.5619699 -5.8214827 1.7117802 12.714721 0.09633779525756836 0.757899820804596
Car 0.0 0 0.08509364724159241 444.8658142089844 174.26461791992188 523.5702514648438 206.55311584472656 3.6109881 1.5080386 1.583711 -6.0410295 1.5781401 34.725426 -0.08714818954467773 0.6870830655097961
Car 0.0 0 -2.388129949569702 0.0 174.2325439453125 176.14988708496094 333.9378356933594 3.5404582 1.4656061 1.5533891 -6.7607045 1.4817145 7.4369693 -3.125931978225708 0.6790130138397217
Car 0.0 0 -2.217334747314453 0.0 194.6499481201172 116.09486389160156 375.0 3.7247841 1.4246311 1.5559207 -5.800905 1.6010422 4.9392843 -3.0827853679656982 0.5688039064407349
Car 0.0 0 3.4011683464050293 296.19854736328125 175.1059112548828 458.09893798828125 234.60792541503906 3.7794666 1.4897358 1.5929649 -6.0872293 1.5522417 19.01983 3.091423273086548 0.5422106385231018
Car 0.0 0 -2.2130985260009766 861.2362670898438 203.54949951171875 1242.0 375.0 3.9605308 1.408115 1.568755 2.7853975 1.6570735 3.8485184 -1.5866045951843262 0.5346897840499878
Car 0.0 0 1.4904305934906006 631.002197265625 172.34364318847656 652.7289428710938 189.5071258544922 4.105978 1.5003991 1.6301991 2.8270738 1.4561409 65.15441 1.5337938070297241 0.46174848079681396
