Pedestrian 0.0 0 -0.5993227958679199 882.0350341796875 156.3284454345703 986.2866821289062 302.3680114746094 0.8829873 1.6228344 0.66285956 3.7763116 1.3559198 8.253383 -0.17021043598651886 0.5379024744033813
Pedestrian 0.0 0 -1.539043664932251 838.5173950195312 173.7235107421875 866.81005859375 243.53662109375 0.94851005 1.7161767 0.6498666 6.2534556 1.5511914 17.935316 -1.203556776046753 0.2730769217014313
Pedestrian 0.0 0 -0.24265384674072266 634.231201171875 170.50531005859375 692.339599609375 269.7630920410156 0.94401515 1.7715001 0.60800385 1.0186106 1.5947627 12.991216 -0.16440629959106445 0.16821804642677307
Pedestrian 0.0 0 -3.1711511611938477 753.9063720703125 168.1494598388672 788.7894287109375 255.59912109375 0.6640505 1.7178311 0.5970424 3.3011367 1.4768518 14.24211 -2.9433860778808594 0.14028604328632355
Pedestrian 0.0 0 -1.4472148418426514 523.5513305664062 165.44801330566406 564.3244018554688 265.4956970214844 0.94536644 1.7569634 0.6326794 -1.1444837 1.4942758 12.895178 -1.5357357263565063 0.12323114275932312
Pedestrian 0.0 0 -0.4728752374649048 758.1277465820312 140.67782592773438 822.04736328125 245.843505859375 0.89694226 1.7752546 0.6125853 3.1748164 1.104683 12.327482 -0.2208130806684494 0.12202580273151398
Pedestrian 0.0 0 -0.33623042702674866 819.7511596679688 191.8958740234375 872.1781616210938 281.9517822265625 0.78971463 1.7212012 0.70326144 4.7022886 1.9535602 13.95465 -0.011211108416318893 0.11574100703001022
Pedestrian 0.0 0 -1.3985675573349 74.8677978515625 152.63934326171875 125.3843994140625 247.38259887695312 1.5792915 1.6595427 0.50777197 -9.444108 1.173174 13.201454 -2.0195438861846924 0.1146310418844223
Pedestrian 0.0 0 -0.7601262927055359 984.6574096679688 191.11648559570312 1123.3294677734375 370.0 0.646199 1.6258307 0.5901707 3.2814708 1.7122364 5.281394 -0.20417284965515137 0.1141156405210495
Pedestrian 0.0 0 1.8871116638183594 258.5384521484375 173.67654418945312 308.7912292480469 266.4943542480469 0.8400216 1.7465883 0.6640361 -6.2796717 1.6198246 13.754318 1.4588158130645752 0.11022830754518509
Pedestrian 0.0 0 1.5400010347366333 965.0467529296875 136.28916931152344 1011.166259765625 253.4638671875 1.719465 1.7697909 0.601354 6.201184 1.103697 11.577942 2.031723976135254 0.11013757437467575
Pedestrian 0.0 0 2.438485622406006 47.0517692565918 191.51234436035156 111.04460906982422 251.7537384033203 1.4504884 1.6543239 0.59026045 -15.233658 1.9867858 20.46738 1.7986490726470947 0.101436547935009
Cyclist 0.0 0 1.5400010347366333 965.0467529296875 136.28916931152344 1011.166259765625 253.4638671875 1.719465 1.7697909 0.601354 6.201184 1.103697 11.577942 2.031723976135254 0.28535518050193787
Cyclist 0.0 0 -1.3925814628601074 72.7862319946289 152.35122680664062 125.19175720214844 248.40846252441406 1.652395 1.6756856 0.5132216 -9.451642 1.1862849 13.185608 -2.0145037174224854 0.2588549554347992
Cyclist 0.0 0 0.8220115900039673 0.0 174.5514373779297 81.32193756103516 257.3090515136719 1.8690978 1.6090891 0.701222 -11.711318 1.4950608 14.213763 0.1328413486480713 0.22430363297462463
Cyclist 0.0 0 -2.6290831565856934 276.9627990722656 198.50408935546875 358.832275390625 266.6209411621094 1.8533242 1.7069933 0.745836 -7.518219 2.1910536 18.456547 -3.015907049179077 0.218838632106781
Cyclist 0.0 0 3.5748748779296875 38.541812896728516 190.72544860839844 111.54024505615234 251.0623321533203 1.54136 1.6826099 0.68022144 -15.282632 1.9860228 20.373117 2.931285858154297 0.14250348508358002
Cyclist 0.0 0 -1.8472704887390137 844.7756958007812 145.56265258789062 904.64208984375 254.95126342773438 1.5942595 1.7657666 0.5433579 4.5860977 1.2034565 12.2251005 -1.4883790016174316 0.11672069132328033
Cyclist 0.0 0 -1.539043664932251 838.5173950195312 173.7235107421875 866.81005859375 243.53662109375 0.94851005 1.7161767 0.6498666 6.2534556 1.5511914 17.935316 -1.203556776046753 0.10097701102495193
Car 0.0 0 1.6458326578140259 57.56367874145508 189.4320068359375 119.7138442993164 233.74346923828125 3.8117256 1.4590757 1.5727485 -19.02397 1.8164368 26.130526 1.0165371894836426 0.13052894175052643
Car 0.0 0 -1.2845180034637451 290.843505859375 194.90443420410156 383.74530029296875 251.85191345214844 3.4933038 1.4105787 1.555649 -7.5721593 1.8607173 20.21589 -1.6429070234298706 0.11476826667785645
