Pedestrian 0.0 0 -3.1879522800445557 798.2926025390625 111.52251434326172 892.9898681640625 274.5783386230469 1.0229934 1.8206929 0.52988726 2.67913 1.136219 8.441934 -2.880646228790283 0.5114691853523254
Pedestrian 0.0 0 -1.591400146484375 704.4699096679688 164.94715881347656 721.5208740234375 211.08494567871094 0.88450956 1.8295728 0.660506 4.1048036 1.5163888 29.088005 -1.4512090682983398 0.42331430315971375
Pedestrian 0.0 0 1.7711131572723389 421.86053466796875 180.48382568359375 465.8304443359375 268.3000183105469 1.8252198 1.7980075 0.5935248 -3.6728582 1.9757402 15.85083 1.5434175729751587 0.11920182406902313
Pedestrian 0.0 0 1.5834141969680786 517.0818481445312 174.90380859375 531.894775390625 218.48501586914062 1.877867 1.765612 0.5969367 -3.6209533 1.8547573 30.285141 1.4644169807434082 0.11829499155282974
Pedestrian 0.0 0 1.573563575744629 469.6601867675781 173.95960998535156 497.0944519042969 258.0435791015625 1.8141764 1.7950205 0.5797186 -2.9227028 1.8219105 16.368982 1.396874189376831 0.10077528655529022
Cyclist 0.0 0 1.7711131572723389 421.86053466796875 180.48382568359375 465.8304443359375 268.3000183105469 1.8252198 1.7980075 0.5935248 -3.6728582 1.9757402 15.85083 1.5434175729751587 0.7611474990844727
Cyclist 0.0 0 1.5429840087890625 516.6632080078125 175.188232421875 533.1069946289062 219.07568359375 1.829369 1.7755973 0.6298027 -3.6188476 1.8768736 30.241297 1.423884630203247 0.7576819062232971
Cyclist 0.0 0 1.693889856338501 462.866943359375 174.6499786376953 498.6756286621094 258.81591796875 1.8288958 1.7983284 0.5842504 -2.961485 1.8417852 16.382925 1.5150545835494995 0.7065758109092712
Cyclist 0.0 0 -3.1843600273132324 788.3707275390625 111.26786041259766 884.93896484375 274.2868957519531 1.0500858 1.8261976 0.51769984 2.581645 1.1366454 8.462361 -2.8882548809051514 0.10141649842262268
Car 0.0 0 2.1613011360168457 0.0 189.4158172607422 276.0616760253906 375.0 3.8884838 1.5216166 1.6024643 -4.999961 1.7298183 7.089545 1.5470548868179321 0.8894217610359192
Car 0.0 0 1.7587885856628418 395.16070556640625 182.83213806152344 475.839111328125 238.74752807617188 4.3659215 1.5389779 1.6893753 -5.4529843 1.8863109 22.8681 1.5247061252593994 0.7142745852470398
Car 0.0 0 1.8831404447555542 494.9587097167969 180.79745483398438 544.0896606445312 209.77719116210938 4.0648746 1.5327002 1.6330245 -5.1741447 2.0134726 41.486046 1.7590609788894653 0.6038422584533691
Car 0.0 0 -1.564371943473816 641.1524658203125 178.5808868408203 669.3245239257812 205.45350646972656 3.9589236 1.5244341 1.6308784 2.7241783 1.8887714 43.824898 -1.5022913217544556 0.5934432148933411
Car 0.0 0 -2.177638053894043 859.6680297851562 194.1283416748047 1242.0 375.0 4.0268455 1.4241589 1.5760369 2.4395208 1.5785314 3.1712742 -1.521926760673523 0.5549773573875427
Car 0.0 0 1.767372965812683 653.4690551757812 174.01271057128906 684.7091674804688 195.46226501464844 3.8153303 1.5282916 1.6038427 4.4044466 1.6181637 53.6838 1.849233865737915 0.3131829500198364
