Car 0.0 0 -2.017137050628662 824.5415649414062 186.9554443359375 1140.9544677734375 357.139892578125 3.8419018 1.4196355 1.5940108 3.8003073 1.6194456 8.269625 -1.5863696336746216 0.922848105430603
Car 0.0 0 1.9387836456298828 259.3385009765625 188.33274841308594 429.5563049316406 286.3703918457031 3.9190464 1.4434575 1.5917641 -4.69212 1.7700989 13.226516 1.5978825092315674 0.9085320234298706
Car 0.0 0 -1.8039504289627075 754.2341918945312 183.14231872558594 887.1996459960938 274.7934875488281 3.6619115 1.4774958 1.6086434 3.8390477 1.7026719 13.905281 -1.5345752239227295 0.9073505997657776
Car 0.0 0 1.8329229354858398 385.8042907714844 182.8236083984375 485.3560791015625 249.96701049804688 3.8261454 1.5305667 1.594338 -4.500713 1.8196114 18.955187 1.5998002290725708 0.8759641647338867
Car 0.0 0 -1.7625834941864014 712.4535522460938 177.336181640625 804.8692626953125 241.03794860839844 4.0955215 1.48775 1.6207279 3.7743263 1.6200467 19.1869 -1.568349838256836 0.7537593841552734
Car 0.0 0 1.7743473052978516 437.7242126464844 183.04083251953125 512.6355590820312 232.3224639892578 4.1947217 1.4444427 1.6423191 -4.447147 1.815421 24.13402 1.5921226739883423 0.7504794001579285
Car 0.0 0 1.8029507398605347 522.9173583984375 179.56549072265625 563.7116088867188 207.94424438476562 3.3716547 1.4748676 1.5248312 -3.6986284 1.8648767 40.11196 1.711003065109253 0.7356111407279968
Car 0.0 0 1.4251766204833984 683.3160400390625 174.56442260742188 729.5189819335938 208.58389282226562 4.1217813 1.5502784 1.6374168 4.5947742 1.6389053 35.159927 1.5551223754882812 0.555592954158783
Car 0.0 0 -1.6670827865600586 694.9909057617188 176.17445373535156 740.5194091796875 214.86199951171875 3.32772 1.4815754 1.5238289 4.3285155 1.6260735 29.619919 -1.5219745635986328 0.5214738249778748
Car 0.0 0 -1.7342770099639893 696.5485229492188 176.31430053710938 761.8636474609375 224.42782592773438 3.6584148 1.4699949 1.5621144 3.8607275 1.59492 24.138784 -1.575681447982788 0.48754072189331055
