Car 0.0 0 -1.73524010181427 680.6813354492188 180.85470581054688 761.7369384765625 239.65618896484375 3.455182 1.4012337 1.5860184 2.8475125 1.6361403 19.407679 -1.5895586013793945 0.9217604398727417
Car 0.0 0 -2.0591206550598145 814.67333984375 175.82614135742188 1242.0 375.0 3.4569674 1.4384012 1.5162934 2.7943895 1.4687457 5.533221 -1.591464877128601 0.8952174186706543
Car 0.0 0 0.39089539647102356 192.95338439941406 185.6151885986328 426.5714416503906 260.3932189941406 4.145965 1.4294112 1.6175095 -6.112016 1.7072874 14.877565 0.0010955333709716797 0.840028703212738
Car 0.0 0 0.40467220544815063 266.6138916015625 183.44097900390625 466.5614318847656 249.9325714111328 4.209749 1.4631771 1.6258045 -5.7535963 1.7298843 17.168646 0.08131241798400879 0.7825441956520081
Car 0.0 0 -0.1732783019542694 735.8687133789062 173.6949920654297 861.8067626953125 220.64990234375 3.9119582 1.5305012 1.6283718 6.2874675 1.5605584 24.514118 0.07779312133789062 0.7608135342597961
Car 0.0 0 0.3893037438392639 338.7170715332031 178.40797424316406 487.712890625 230.4208984375 4.0598755 1.4893241 1.6218532 -5.9729633 1.6666851 21.937595 0.12347674369812012 0.7027055621147156
Car 0.0 0 3.6938681602478027 0.0 155.908447265625 263.98736572265625 292.3939514160156 3.6890943 1.617079 1.6190302 -6.8363576 1.4166659 9.4864435 3.069420337677002 0.6974785923957825
Car 0.0 0 0.7432810068130493 0.0 203.76463317871094 250.56321716308594 375.0 4.004839 1.4559375 1.6079715 -6.016076 1.8014663 7.1619782 0.04462003707885742 0.6596657037734985
Car 0.0 0 0.4694748818874359 39.77869415283203 182.44598388671875 328.3153076171875 278.81634521484375 3.8759077 1.4734963 1.5878487 -7.0229983 1.646862 12.110172 -0.05605318024754524 0.6337555646896362
Car 0.0 0 0.27912795543670654 347.029052734375 175.34930419921875 471.55877685546875 220.15806579589844 3.7905161 1.468088 1.5864714 -6.8039136 1.556112 24.537027 0.008632421493530273 0.5028848648071289
