Pedestrian 0.0 0 1.7380633354187012 336.1153564453125 153.88815307617188 358.2396240234375 204.2442626953125 0.9017807 1.880685 0.6513164 -10.034294 1.1727123 27.447702 1.387578010559082 0.31346845626831055
Pedestrian 0.0 0 -1.840254306793213 931.4950561523438 145.30076599121094 999.1806030273438 262.77935791015625 1.8586076 1.8079399 0.5280165 5.8445086 1.3842664 12.063088 -1.3890873193740845 0.14983969926834106
Cyclist 0.0 0 -1.8322210311889648 930.57861328125 145.9767303466797 996.0299072265625 262.4726867675781 1.8149217 1.807995 0.52662224 5.84871 1.3912226 12.136034 -1.3831342458724976 0.46516066789627075
Car 0.0 0 -1.9054970741271973 752.9439697265625 190.22079467773438 999.0882568359375 348.0979919433594 3.6504848 1.4261763 1.5852131 2.8671386 1.6817068 8.75942 -1.5891677141189575 0.9405592083930969
Car 0.0 0 1.4031269550323486 655.3690185546875 182.45501708984375 726.8287963867188 233.98953247070312 4.188467 1.5027094 1.6586329 2.5489814 1.8506322 23.976099 1.509042501449585 0.8385673761367798
Car 0.0 0 1.7946470975875854 372.5069885253906 185.7095184326172 497.4553527832031 267.81536865234375 4.2224584 1.4195946 1.6425952 -3.567368 1.7294315 15.251201 1.564870834350586 0.8384315371513367
Car 0.0 0 1.7481350898742676 465.750244140625 175.59463500976562 534.3972778320312 228.03956604003906 3.651198 1.5497386 1.5744646 -3.518878 1.6458442 23.358368 1.5986120700836182 0.8248694539070129
Car 0.0 0 1.6854121685028076 511.03717041015625 174.48687744140625 557.0694580078125 210.49459838867188 4.059012 1.5229864 1.6233857 -3.4215949 1.6020508 32.738213 1.5812764167785645 0.7220330238342285
Car 0.0 0 1.427610158920288 647.0839233398438 176.61158752441406 694.8628540039062 212.37930297851562 3.878387 1.4981076 1.6020367 2.6544626 1.6786978 32.620575 1.5088051557540894 0.5635634064674377
Car 0.0 0 -0.7352225184440613 0.0 178.6399688720703 225.49217224121094 375.0 3.9267733 1.4279972 1.5905465 -3.114843 1.464324 2.4722898 -1.6351234912872314 0.5354474782943726
Car 0.0 0 1.6827458143234253 534.6970825195312 176.84165954589844 566.4649047851562 202.7855224609375 3.6451454 1.4927673 1.5315884 -3.6109016 1.7460922 43.92509 1.6007243394851685 0.3318032920360565
