Car 0.0 0 -1.323510766029358 416.4818115234375 184.3922576904297 497.75787353515625 238.89126586914062 3.6214125 1.5290073 1.5928025 -4.5548563 1.5070363 22.007626 -1.5275964736938477 0.901268482208252
Car 0.0 0 -1.2183430194854736 214.79978942871094 196.5379638671875 423.1264343261719 315.4629821777344 3.9908118 1.4135401 1.6033272 -4.151917 1.6183802 10.92595 -1.5814944505691528 0.8526754379272461
Car 0.0 0 -1.1686841249465942 229.70729064941406 170.90045166015625 322.70806884765625 216.0177459716797 4.3349633 1.5860617 1.654329 -12.561746 1.0839525 27.456032 -1.597775936126709 0.7242431044578552
Car 0.0 0 -0.916290283203125 0.0 184.98526000976562 212.572998046875 293.9486389160156 3.9505727 1.4439505 1.6076602 -8.318121 1.4420278 11.520152 -1.5416618585586548 0.7070481181144714
Car 0.0 0 -1.4121325016021729 469.56158447265625 181.02093505859375 519.366943359375 216.642333984375 3.8938131 1.4933921 1.6004103 -5.0243435 1.3186629 32.083115 -1.5674747228622437 0.7013484239578247
Car 0.0 0 -1.3529984951019287 370.16546630859375 180.45059204101562 429.6748352050781 218.88766479492188 3.9064782 1.5267711 1.6222779 -8.786954 1.3386264 30.550058 -1.633063554763794 0.6865525245666504
Car 0.0 0 -1.5507054328918457 578.2188110351562 179.33975219726562 609.05810546875 207.1886444091797 3.6044 1.451368 1.6072556 -0.76526856 1.1462696 39.26268 -1.5701940059661865 0.5117127299308777
Car 0.0 0 2.1093409061431885 232.01988220214844 186.30865478515625 358.67266845703125 244.19764709472656 3.5574303 1.4187346 1.546614 -8.396168 1.4524318 19.54977 1.7036848068237305 0.4896562695503235
Car 0.0 0 1.6544212102890015 506.8093566894531 180.6980438232422 538.6592407226562 206.9345245361328 3.5475936 1.4426488 1.5291848 -4.87548 1.1953704 41.322113 1.536976933479309 0.45684897899627686
Car 0.0 0 -1.092162847518921 352.3672180175781 180.7563934326172 410.1912536621094 208.7740478515625 3.6279347 1.4830222 1.5730525 -12.5558605 1.2481154 39.969368 -1.3965383768081665 0.4094580411911011
