Pedestrian 0.0 0 0.8820692896842957 981.5755615234375 166.35816955566406 1075.5667724609375 307.6218566894531 0.9094926 1.8064903 0.6689249 5.5659695 1.7237788 9.728871 1.4017277956008911 0.32463258504867554
Pedestrian 0.0 0 -1.3307394981384277 599.993896484375 182.4619903564453 616.86328125 218.2938690185547 0.76956767 1.7506877 0.677891 -0.11274516 2.2357957 35.94727 -1.3338758945465088 0.24703799188137054
Pedestrian 0.0 0 -2.018927812576294 248.9281463623047 195.9112548828125 296.5284423828125 283.8179626464844 0.7568144 1.7328953 0.6267802 -7.0425677 2.226653 14.955501 -2.45902681350708 0.20335125923156738
Pedestrian 0.0 0 1.5152194499969482 592.0474243164062 142.76275634765625 607.7720336914062 191.68418884277344 1.5103418 1.8636625 0.52917224 -0.44578013 0.71769434 28.25636 1.4994444847106934 0.10755784064531326
Cyclist 0.0 0 1.5152194499969482 592.0474243164062 142.76275634765625 607.7720336914062 191.68418884277344 1.5103418 1.8636625 0.52917224 -0.44578013 0.71769434 28.25636 1.4994444847106934 0.22566968202590942
Car 0.0 0 1.7304221391677856 376.29559326171875 190.99319458007812 456.64056396484375 250.25872802734375 4.004009 1.4542547 1.6394824 -5.577019 2.0358734 21.045042 1.4713727235794067 0.8915468454360962
Car 0.0 0 1.6878033876419067 429.91192626953125 187.82508850097656 478.9715576171875 228.9918212890625 3.5190773 1.4925292 1.5480919 -6.29936 2.138941 29.309248 1.4760966300964355 0.784915030002594
Car 0.0 0 1.3064358234405518 642.3064575195312 171.65977478027344 741.4437255859375 237.6478729248047 4.3061714 1.6823403 1.7199808 2.1602936 1.6522522 20.655247 1.4106451272964478 0.6932147741317749
Car 0.0 0 -1.2721824645996094 543.9331665039062 179.00926208496094 581.9085083007812 201.6951904296875 3.9754932 1.5342104 1.6387615 -3.3797812 1.9968977 52.06944 -1.3370006084442139 0.4611920714378357
Car 0.0 0 1.6634474992752075 452.3387145996094 186.20298767089844 490.54150390625 219.0778350830078 3.5597563 1.4814193 1.5431018 -6.875337 2.1793602 35.85682 1.474002718925476 0.37321019172668457
