Car 0.0 0 -1.8025354146957397 707.6614379882812 188.37203979492188 839.4081420898438 281.343994140625 3.5247095 1.4404026 1.5997299 2.861271 1.7705628 13.551186 -1.5944464206695557 0.9176991581916809
Car 0.0 0 0.5141386985778809 161.94662475585938 179.52867126464844 398.5483703613281 262.78326416015625 3.8033252 1.4519132 1.5699321 -6.2051454 1.5876536 13.682486 0.08836960792541504 0.8308502435684204
Car 0.0 0 -2.53410267829895 0.0 195.5942840576172 318.5467224121094 327.5142517089844 4.1345882 1.4341874 1.6302742 -6.0751185 1.743877 8.971755 -3.129319906234741 0.8024448752403259
Car 0.0 0 0.48648297786712646 228.11376953125 183.88919067382812 445.8713073730469 256.4928283691406 4.270104 1.4780486 1.6571997 -6.0629253 1.7415159 16.109303 0.12651896476745605 0.776245653629303
Car 0.0 0 0.5061415433883667 70.3243179321289 190.9167022705078 391.106201171875 294.5996398925781 4.1621943 1.444649 1.6149606 -5.788431 1.747796 11.223091 0.029964923858642578 0.7601811289787292
Car 0.0 0 -0.2978169322013855 768.9856567382812 174.76002502441406 957.21728515625 237.24334716796875 4.2818403 1.5312399 1.6788807 6.373326 1.5832442 18.641537 0.03161334991455078 0.7037647366523743
Car 0.0 0 0.4386448562145233 259.428955078125 177.2935333251953 431.2054138183594 236.38381958007812 3.860132 1.4363656 1.5845282 -6.813403 1.5573305 18.639713 0.08820104598999023 0.6532906293869019
Car 0.0 0 -2.7667174339294434 321.722412109375 181.79519653320312 473.5634460449219 235.0734405517578 3.9265003 1.454832 1.602904 -6.1628723 1.7275193 21.000134 -3.052170991897583 0.6484710574150085
Car 0.0 0 -2.818384885787964 350.8179626464844 179.2472381591797 484.9632263183594 227.99197387695312 3.9101975 1.5087494 1.6306578 -6.242899 1.7257969 23.514555 -3.0778892040252686 0.5391292572021484
Car 0.0 0 0.7843906879425049 0.0 196.0233154296875 85.8375015258789 375.0 3.6469412 1.4295449 1.5451955 -7.023292 1.6594028 6.267695 -0.0577966645359993 0.5387800931930542
Car 0.0 0 2.7562763690948486 708.9214477539062 180.6497802734375 818.1387329101562 220.22268676757812 3.9896145 1.5084726 1.6310376 6.119248 1.8359002 29.113028 2.9634499549865723 0.5169374942779541
Car 0.0 0 3.3066086769104004 386.0146484375 178.46018981933594 496.2865295410156 220.5192413330078 3.9444745 1.5602177 1.6522245 -6.515435 1.785278 27.966972 3.0777223110198975 0.47818973660469055
