Pedestrian 0.0 0 1.6884676218032837 528.202880859375 130.19195556640625 612.0712280273438 360.8431396484375 0.85348606 1.6765717 0.5703739 -0.304318 1.3126017 5.578358 1.6339683532714844 0.5372457504272461
Pedestrian 0.0 0 -1.5723519325256348 839.8211669921875 172.0662384033203 868.519287109375 243.4899444580078 0.8706822 1.7513026 0.6676086 6.251551 1.5461056 17.852741 -1.2355228662490845 0.2781955897808075
Pedestrian 0.0 0 2.7533881664276123 748.1966552734375 128.3001708984375 813.4085083007812 235.6634979248047 0.95451367 1.8243399 0.5890249 3.022703 0.9389975 12.371259 2.993025779724121 0.1532156765460968
Pedestrian 0.0 0 -3.414828300476074 825.3963623046875 194.73739624023438 867.1345825195312 285.5636291503906 0.6183238 1.7362118 0.679386 4.7184587 2.026552 13.977567 -3.089266300201416 0.1447349488735199
Pedestrian 0.0 0 1.8010751008987427 659.805419921875 171.68630981445312 706.0391845703125 271.4473571777344 0.9353343 1.7855406 0.6650989 1.4229578 1.6294335 13.201334 1.9084495306015015 0.13862885534763336
Pedestrian 0.0 0 -2.0023515224456787 1115.4608154296875 189.2195281982422 1224.0 370.0 0.6844453 1.6749592 0.6718754 4.3147063 1.7471746 5.297251 -1.3188207149505615 0.13040952384471893
Pedestrian 0.0 0 -1.4603099822998047 113.58728790283203 161.19094848632812 156.12277221679688 256.19122314453125 1.7414253 1.6747476 0.48329157 -8.892714 1.3359947 13.343899 -2.0481455326080322 0.12815675139427185
Pedestrian 0.0 0 -2.321772575378418 1142.5078125 162.81307983398438 1224.0 264.1249084472656 1.5545719 1.62721 0.53294635 10.080414 1.3447874 12.142673 -1.628907322883606 0.10244733840227127
Cyclist 0.0 0 -1.5127556324005127 115.18679809570312 159.9424591064453 152.0327911376953 255.2170867919922 1.7556118 1.6743691 0.47984564 -8.89018 1.3147323 13.299176 -2.1020097732543945 0.4614156186580658
Cyclist 0.0 0 -2.321772575378418 1142.5078125 162.81307983398438 1224.0 264.1249084472656 1.5545719 1.62721 0.53294635 10.080414 1.3447874 12.142673 -1.628907322883606 0.1624024659395218
Cyclist 0.0 0 1.5835208892822266 968.3060302734375 140.66448974609375 1010.7904663085938 257.6158142089844 1.59942 1.7625598 0.56949764 6.209427 1.1638643 11.488072 2.079049587249756 0.13431234657764435
Car 0.0 0 1.6789554357528687 0.0 10.168182373046875 129.8675994873047 370.0 3.90122 1.5461365 1.5885347 -3.9983995 1.0143178 4.244796 0.9234392642974854 0.3013409972190857
Car 0.0 0 -1.4543315172195435 766.85498046875 191.03912353515625 863.0423583984375 273.1747741699219 3.7541716 1.5122465 1.5982059 4.6819806 1.7765002 15.576183 -1.162337303161621 0.1457241177558899
Car 0.0 0 -1.0384538173675537 290.5474853515625 196.68359375 408.5025939941406 254.46688842773438 3.5822515 1.4146248 1.5769784 -7.2295203 1.9241596 20.280647 -1.3808842897415161 0.12828463315963745
