Pedestrian 0.0 0 -1.8060672283172607 654.5858764648438 138.93655395507812 695.437255859375 228.7584686279297 0.87485 1.7949651 0.65041137 1.3937848 0.9660059 14.602963 -1.7109102010726929 0.7129416465759277
Pedestrian 0.0 0 1.1655126810073853 660.4470825195312 146.2739715576172 730.0562744140625 286.6769714355469 0.8185174 1.7106004 0.6104559 1.0969185 1.2952873 9.087954 1.2856318950653076 0.685600996017456
Pedestrian 0.0 0 -3.0922415256500244 598.564697265625 155.5077667236328 661.00390625 294.5624694824219 0.7514123 1.666991 0.62657475 0.2725492 1.3690646 8.813544 -3.0613274574279785 0.5527958869934082
Pedestrian 0.0 0 0.8446708917617798 537.38916015625 134.9847869873047 587.8313598632812 230.8413543701172 0.80470246 1.8566302 0.63729906 -0.8956435 0.97668564 14.199344 0.7816779613494873 0.5167747139930725
Pedestrian 0.0 0 -1.625289797782898 243.5468292236328 137.94297790527344 285.2910461425781 243.9494171142578 0.9787614 1.7284847 0.58693856 -5.881217 1.0362251 12.094109 -2.0779075622558594 0.4004737436771393
Pedestrian 0.0 0 1.716326117515564 525.589111328125 142.9381561279297 560.2626953125 233.23947143554688 0.82793885 1.8723913 0.6263401 -1.356074 1.0951724 15.086451 1.6266801357269287 0.39364558458328247
Pedestrian 0.0 0 1.5445709228515625 373.4466247558594 140.47308349609375 395.4703369140625 204.34634399414062 0.79871154 1.8596488 0.60351753 -6.6068134 0.6958459 21.056164 1.2405285835266113 0.3879522979259491
Pedestrian 0.0 0 1.5013281106948853 483.9832763671875 135.7337646484375 522.5745849609375 232.82720947265625 0.8280985 1.8410801 0.6906344 -2.0491 0.99386036 13.880491 1.3547621965408325 0.38187336921691895
Pedestrian 0.0 0 0.8651975393295288 262.2879333496094 136.12887573242188 334.5086669921875 248.82369995117188 0.84082407 1.7698604 0.7125351 -5.072273 1.074673 11.603507 0.4530954360961914 0.37392979860305786
Pedestrian 0.0 0 -1.9526331424713135 638.6371459960938 139.16867065429688 669.80810546875 201.7945556640625 1.0042739 1.8205737 0.595301 1.4290656 0.62061363 21.11895 -1.885068655014038 0.34471258521080017
Pedestrian 0.0 0 1.422460675239563 390.79425048828125 146.8218536376953 411.85540771484375 196.25242614746094 0.8557561 1.8926462 0.66953826 -7.9790688 0.6046508 27.595688 1.1409950256347656 0.26872020959854126
Pedestrian 0.0 0 1.8115217685699463 109.06037139892578 146.31878662109375 167.22789001464844 256.06109619140625 0.9071831 1.745299 0.6120561 -7.7981853 1.2033494 11.76994 1.2263739109039307 0.22133147716522217
Pedestrian 0.0 0 0.5699038505554199 441.6289367675781 140.58811950683594 474.1250305175781 203.9278106689453 0.76076937 1.8761075 0.5947326 -4.4731593 0.69549036 21.35082 0.36338329315185547 0.21575145423412323
Pedestrian 0.0 0 1.9328224658966064 524.2780151367188 138.3245849609375 548.8019409179688 191.53443908691406 0.8850218 1.8709226 0.602796 -2.4775932 0.3895114 25.36168 1.835440993309021 0.2129141092300415
Pedestrian 0.0 0 0.06926838308572769 579.3516235351562 143.049560546875 622.9388427734375 194.98992919921875 1.5157981 1.8222194 0.54268616 -0.15791894 0.5098769 25.118885 0.06298160552978516 0.2045765072107315
Cyclist 0.0 0 -2.970188617706299 573.3232421875 144.7222442626953 622.6810913085938 196.80038452148438 1.6887094 1.823179 0.542891 -0.27211285 0.57218075 25.150742 -2.9810075759887695 0.33353203535079956
Cyclist 0.0 0 -1.9384496212005615 638.1066284179688 137.337158203125 671.1122436523438 200.66864013671875 1.2238396 1.8348371 0.5808061 1.4396954 0.5858933 21.15001 -1.8704837560653687 0.27434512972831726
Cyclist 0.0 0 0.9200823307037354 254.06793212890625 135.89378356933594 333.9071350097656 246.71469116210938 1.0707636 1.7358559 0.6949662 -5.161653 1.0388181 11.632328 0.5024518966674805 0.200271338224411
Cyclist 0.0 0 -1.8098441362380981 654.2987060546875 138.650634765625 695.6245727539062 229.47544860839844 0.933721 1.8117104 0.6433109 1.392199 0.97855663 14.606943 -1.714820384979248 0.10380681604146957
Car 0.0 0 1.9073803424835205 0.0 32.32047653198242 285.6092529296875 370.0 4.0875726 1.6181766 1.6140454 -3.1342387 1.1870328 4.251335 1.272098183631897 0.2681953012943268
