Cyclist 0.0 0 -1.9977803230285645 1026.2569580078125 188.06350708007812 1111.83837890625 314.8821716308594 1.6809196 1.6574645 0.3774901 6.572055 1.897116 10.491286 -1.4381533861160278 0.4019511640071869
Car 0.0 0 -1.972036600112915 828.5042724609375 188.89031982421875 1097.75390625 358.4521179199219 3.2261353 1.4759018 1.5302464 3.6620991 1.6949912 8.212117 -1.552565336227417 0.8764135241508484
Car 0.0 0 2.080641984939575 0.0 200.48765563964844 410.5625 375.0 3.322594 1.4615052 1.4896095 -2.9896235 1.7570336 6.0091558 1.6189873218536377 0.8319224119186401
Car 0.0 0 -1.7031919956207275 712.7290649414062 193.0558319091797 789.1566162109375 254.2743682861328 4.076439 1.4981234 1.6408459 3.9662015 2.1476948 21.105774 -1.5174381732940674 0.8153271079063416
Car 0.0 0 1.6907169818878174 455.93505859375 175.38494873046875 550.6119384765625 251.63514709472656 4.4329596 1.5895886 1.7236967 -2.479992 1.6589055 17.421974 1.5493184328079224 0.7812297940254211
Car 0.0 0 1.6039276123046875 556.2556762695312 186.48431396484375 589.0902099609375 218.26890563964844 3.8722475 1.5551697 1.6433096 -2.005523 2.327752 38.92503 1.55245041847229 0.7688508033752441
Car 0.0 0 1.3681559562683105 750.255859375 197.45213317871094 872.9189453125 288.3999938964844 4.085686 1.5092393 1.6446999 4.015272 2.0984523 15.184579 1.6266698837280273 0.6509578227996826
Car 0.0 0 -1.704622745513916 702.275390625 187.3828887939453 760.8773193359375 232.79376220703125 3.8045285 1.4693093 1.6111605 4.3436766 2.0420656 26.499304 -1.5421509742736816 0.5735942125320435
Car 0.0 0 1.4012997150421143 686.7415161132812 189.00164794921875 735.432373046875 226.8831787109375 3.6700394 1.5458803 1.5895909 4.5072994 2.323965 32.888546 1.537498950958252 0.419544517993927
Car 0.0 0 1.6690715551376343 502.40313720703125 192.83885192871094 564.565673828125 247.74176025390625 3.793659 1.4858769 1.586604 -2.383236 2.1707697 22.810425 1.5649691820144653 0.3572503924369812
Car 0.0 0 -1.6911873817443848 677.088134765625 186.9324493408203 715.72119140625 219.26914978027344 3.4429905 1.5395114 1.5866035 4.4169602 2.3067033 37.57426 -1.574171543121338 0.3552129566669464
