Pedestrian 0.0 0 2.3133578300476074 161.6873321533203 166.40829467773438 224.59445190429688 260.7723693847656 0.8428604 1.7862147 0.6748663 -8.104927 1.5211084 13.862086 1.7842769622802734 0.531816840171814
Pedestrian 0.0 0 1.5829708576202393 538.09423828125 101.00072479248047 591.7239990234375 251.39321899414062 0.852101 1.8310653 0.65319115 -0.55876637 0.8648219 9.045212 1.521274447441101 0.47625938057899475
Pedestrian 0.0 0 -1.2489423751831055 227.82325744628906 177.1275634765625 273.6677551269531 257.99969482421875 0.742748 1.7286011 0.70317745 -7.808185 1.658136 15.525862 -1.714919090270996 0.403343141078949
Pedestrian 0.0 0 2.368474245071411 298.51141357421875 166.25106811523438 361.27178955078125 269.74505615234375 0.86396724 1.8269163 0.65692836 -5.0942035 1.5770321 13.0050335 1.9951345920562744 0.31312817335128784
Pedestrian 0.0 0 -2.5890560150146484 176.29454040527344 177.91746520996094 195.1530303955078 210.92295837402344 0.6423972 1.8106357 0.669978 -23.208038 1.6703593 39.123226 -3.1244630813598633 0.23517780005931854
Pedestrian 0.0 0 -2.044315814971924 569.1724853515625 147.43875122070312 624.2259521484375 260.481689453125 0.71107805 1.7916671 0.65482557 -0.18856892 1.2693205 11.669106 -2.060474157333374 0.18911610543727875
Pedestrian 0.0 0 -2.5766046047210693 501.8789978027344 139.07479858398438 544.247802734375 230.49241638183594 0.623685 1.8251382 0.63400257 -1.7216506 0.9997189 14.53181 -2.6945295333862305 0.172529399394989
Pedestrian 0.0 0 2.0406179428100586 60.7088508605957 94.45983123779297 162.6095733642578 259.4175109863281 0.82510835 1.888197 0.7165017 -5.983461 0.9050181 8.547087 1.4298527240753174 0.15803557634353638
Pedestrian 0.0 0 2.289764404296875 243.24429321289062 179.16244506835938 260.36029052734375 207.21974182128906 0.79185647 1.7742013 0.607841 -22.562231 1.6909635 45.16511 1.826476812362671 0.1543074995279312
Pedestrian 0.0 0 3.722227096557617 9.09980297088623 169.82530212402344 61.1042366027832 221.12490844726562 1.3614072 1.7984167 0.549031 -20.26831 1.4257206 25.12209 3.043358087539673 0.13250234723091125
Pedestrian 0.0 0 -0.6622854471206665 633.7642211914062 173.67568969726562 778.6995849609375 316.3104553222656 1.8109511 1.6764963 0.6688352 1.2641366 1.5979675 9.047785 -0.5234662890434265 0.10953795164823532
Pedestrian 0.0 0 1.8242238759994507 66.26380157470703 161.53146362304688 91.3486557006836 201.37815856933594 1.6493822 1.7572534 0.516962 -23.849873 0.92220277 32.03744 1.1842923164367676 0.10377403348684311
Cyclist 0.0 0 -0.5972012877464294 634.31982421875 173.76016235351562 780.7899169921875 315.0165710449219 1.7906433 1.6688166 0.66962254 1.2736268 1.5908737 9.043881 -0.45729386806488037 0.7431613802909851
Cyclist 0.0 0 1.8242238759994507 66.26380157470703 161.53146362304688 91.3486557006836 201.37815856933594 1.6493822 1.7572534 0.516962 -23.849873 0.92220277 32.03744 1.1842923164367676 0.3568078875541687
Cyclist 0.0 0 3.7472758293151855 7.116283416748047 165.24220275878906 60.248443603515625 216.9904022216797 1.4213859 1.8143799 0.5257342 -20.301891 1.2809438 25.10035 3.0671744346618652 0.29635682702064514
Car 0.0 0 1.896340012550354 58.64226150512695 183.68777465820312 115.66468811035156 210.2937469482422 3.9721756 1.5134426 1.6034578 -31.313452 1.7176702 42.860344 1.2653757333755493 0.21872948110103607
