Car 0.0 0 -1.857054591178894 723.5499267578125 187.30914306640625 910.9580078125 309.40423583984375 3.7122078 1.4062359 1.5914721 2.7641575 1.6573523 10.633457 -1.6027342081069946 0.9092327952384949
Car 0.0 0 -1.6874414682388306 666.0999145507812 177.78335571289062 737.0075073242188 234.6372833251953 3.8758724 1.5173665 1.6333653 2.5903327 1.6780959 21.531202 -1.5677108764648438 0.8517563343048096
Car 0.0 0 0.4288984537124634 163.3258819580078 168.03591918945312 399.1488037109375 254.75344848632812 3.8261836 1.5819914 1.6474489 -6.2968817 1.494453 13.995705 0.006114959716796875 0.8051590323448181
Car 0.0 0 0.6731640696525574 0.0 188.4849853515625 303.67584228515625 318.00018310546875 4.203607 1.4428087 1.6298994 -6.4050946 1.663494 9.216313 0.06581950187683105 0.798907458782196
Car 0.0 0 -1.6790246963500977 653.5708618164062 181.42518615722656 707.951904296875 225.24427795410156 4.001301 1.5033942 1.6256659 2.5843675 1.8549839 27.552216 -1.5854994058609009 0.6823769211769104
Car 0.0 0 3.380232810974121 325.3422546386719 178.7359619140625 474.4759521484375 233.05621337890625 4.0296206 1.5505526 1.6611317 -6.273319 1.7353569 21.707417 3.0989034175872803 0.5864834785461426
Car 0.0 0 0.35941192507743835 280.0665283203125 185.12925720214844 455.1754150390625 243.8572235107422 4.084961 1.452047 1.6200272 -6.3737774 1.7923354 19.092842 0.037213802337646484 0.5081944465637207
Car 0.0 0 -1.7215675115585327 639.2064819335938 178.2989501953125 681.6796264648438 211.51129150390625 3.7041605 1.5729963 1.6072396 2.4768481 1.8648355 36.71029 -1.654199481010437 0.48804062604904175
Car 0.0 0 -2.856096029281616 389.465087890625 180.827880859375 493.23681640625 218.68946838378906 4.0336313 1.554896 1.6608803 -7.228569 1.9079407 30.968637 -3.0854060649871826 0.4768068492412567
Car 0.0 0 0.6955261826515198 245.94334411621094 189.4448699951172 430.732177734375 259.69110107421875 3.9394774 1.4443175 1.5959195 -6.3966084 1.8653208 16.892267 0.3335411548614502 0.4258960485458374
