Car 0.0 0 2.005154848098755 154.40814208984375 198.1400909423828 348.7566833496094 306.1216735839844 3.7295265 1.4544579 1.5502993 -5.9951854 1.9576232 12.469562 1.5569965839385986 0.9108368754386902
Car 0.0 0 2.2537553310394287 0.0 212.91749572753906 202.54176330566406 375.0 3.6961184 1.4542252 1.5449227 -5.8840284 1.9531898 7.123332 1.563347578048706 0.8577795624732971
Car 0.0 0 1.807338833808899 378.88861083984375 188.2407684326172 460.8781433105469 242.2298583984375 4.10261 1.4980105 1.6324177 -6.057933 2.0385165 23.260788 1.552562952041626 0.8543380498886108
Car 0.0 0 1.8225915431976318 439.46337890625 185.94570922851562 500.2633056640625 225.39212036132812 3.977296 1.4960611 1.601112 -5.9316154 2.0912435 30.74655 1.6320130825042725 0.8524376749992371
Car 0.0 0 1.8760597705841064 291.92266845703125 193.96543884277344 411.5847473144531 267.8621826171875 3.8737476 1.455854 1.5941749 -6.0777497 2.0197363 17.29526 1.538128137588501 0.8510251641273499
Car 0.0 0 2.704371452331543 859.5657348632812 157.8750457763672 1037.9228515625 216.9059295654297 4.0113525 1.5141838 1.6365622 8.9293995 1.130321 19.332558 3.137063980102539 0.8065895438194275
Car 0.0 0 -1.679030179977417 673.4923095703125 176.957763671875 733.0364379882812 223.72096252441406 4.0622993 1.4804183 1.6148939 3.1342635 1.6359744 25.241411 -1.5554910898208618 0.7991428971290588
Car 0.0 0 1.724940538406372 471.3954162597656 186.48870849609375 514.5219116210938 219.34771728515625 3.8171544 1.5143334 1.6018813 -5.9421287 2.245381 36.751312 1.5646429061889648 0.6747114658355713
Car 0.0 0 -1.6779685020446777 660.2899780273438 176.09495544433594 708.122802734375 213.94227600097656 3.799311 1.4893599 1.6081133 3.0458605 1.6358446 30.623556 -1.5788332223892212 0.5667334794998169
Car 0.0 0 -0.6373399496078491 808.3228759765625 163.97109985351562 937.245849609375 210.10264587402344 3.933985 1.4810257 1.6013457 8.85788 1.1962035 24.49202 -0.29031214118003845 0.5354997515678406
