Pedestrian 0.0 0 2.1035516262054443 712.3683471679688 132.94711303710938 749.4751586914062 211.2321319580078 0.68557066 1.8464457 0.62604135 2.8822343 0.9055521 17.479342 2.266974925994873 0.4707213342189789
Pedestrian 0.0 0 -2.534044027328491 311.4040832519531 176.83233642578125 363.1861572265625 258.39111328125 0.77000326 1.6924659 0.7109501 -5.882051 1.7804447 15.450858 -2.8977973461151123 0.35188665986061096
Car 0.0 0 -1.1907224655151367 198.54359436035156 200.0554656982422 409.6288757324219 329.72760009765625 3.472856 1.4232248 1.5817479 -4.20377 1.8808459 10.386505 -1.575303077697754 0.9587092399597168
Car 0.0 0 -1.7474857568740845 701.7756958007812 182.36940002441406 811.9263305664062 267.04388427734375 3.3239274 1.4520364 1.5597295 2.7562664 1.6646054 14.417514 -1.5585901737213135 0.8895951509475708
Car 0.0 0 -1.3180288076400757 390.3994445800781 182.66847229003906 491.05560302734375 251.63589477539062 4.154509 1.6120646 1.6562937 -4.493757 1.9070503 19.558826 -1.543865442276001 0.8782516121864319
Car 0.0 0 1.7465230226516724 480.2691650390625 185.28958129882812 529.22802734375 222.33152770996094 3.8357346 1.5532196 1.60329 -4.86209 2.164442 33.498627 1.6023865938186646 0.8650591969490051
Car 0.0 0 -1.6591583490371704 654.4400634765625 177.82827758789062 700.1431274414062 216.58836364746094 3.4094112 1.4965155 1.5851469 2.7024815 1.7154678 29.999327 -1.5693161487579346 0.7762165665626526
Car 0.0 0 -2.2262606620788574 866.0830078125 175.03085327148438 1242.0 375.0 3.8774555 1.4824737 1.5903131 2.8595436 1.5005684 3.9182634 -1.5958143472671509 0.7404304146766663
Car 0.0 0 1.3915681838989258 745.2261352539062 173.77928161621094 809.8327026367188 218.6630859375 3.8975248 1.5191371 1.6221507 6.017089 1.5560021 26.482845 1.6149823665618896 0.39916419982910156
Car 0.0 0 1.6933724880218506 518.50732421875 183.97991943359375 548.881103515625 208.13526916503906 3.9182067 1.5238678 1.5986739 -5.2034497 2.3149774 49.30633 1.5882285833358765 0.36140960454940796
