Pedestrian 0.0 0 -1.753609299659729 784.9586791992188 182.79551696777344 826.2858276367188 263.23321533203125 1.5526762 1.6754465 0.6067595 4.2714186 1.9075719 16.020952 -1.4930555820465088 0.24685277044773102
Cyclist 0.0 0 -2.711284637451172 302.7828674316406 192.63119506835938 389.3880310058594 268.26629638671875 1.8031482 1.7283089 0.6995734 -6.296636 2.2095573 17.122818 -3.0636696815490723 0.6038278937339783
Cyclist 0.0 0 -1.753609299659729 784.9586791992188 182.79551696777344 826.2858276367188 263.23321533203125 1.5526762 1.6754465 0.6067595 4.2714186 1.9075719 16.020952 -1.4930555820465088 0.3408043086528778
Car 0.0 0 -1.7222113609313965 666.9476318359375 181.73829650878906 749.079833984375 246.52145385742188 3.539527 1.539168 1.649433 2.4907815 1.800702 19.419695 -1.5946472883224487 0.9072437286376953
Car 0.0 0 1.7572240829467773 460.3165588378906 188.43408203125 542.72509765625 257.3102111816406 3.3864183 1.5749282 1.5397316 -2.809958 2.0227482 18.99756 1.610377311706543 0.8929697871208191
Car 0.0 0 2.0615525245666504 0.0 217.39910888671875 379.9103698730469 375.0 3.8703067 1.407961 1.5605636 -2.7207618 1.799227 4.3450017 1.5021038055419922 0.7730604410171509
Car 0.0 0 1.0557546615600586 818.4529418945312 195.6725311279297 1242.0 375.0 3.5565252 1.4518061 1.5214121 2.753412 1.6726347 5.171407 1.5450084209442139 0.7619636058807373
Car 0.0 0 -1.6480011940002441 647.8740234375 179.07034301757812 696.947998046875 223.4450225830078 4.1323233 1.6391543 1.6541367 2.4223058 1.9098121 29.30071 -1.5655182600021362 0.6260225176811218
Car 0.0 0 -1.6811351776123047 656.291259765625 185.28311157226562 717.020751953125 234.693359375 3.7865872 1.4658884 1.6031297 2.453374 1.9169515 24.260809 -1.580352783203125 0.5943006873130798
Car 0.0 0 1.6030299663543701 538.7880249023438 186.2191925048828 568.3291015625 214.4287567138672 3.9944804 1.5478936 1.6514858 -3.398342 2.3926046 43.548 1.5251511335372925 0.5414299368858337
Car 0.0 0 1.4021588563919067 633.4521484375 177.20167541503906 671.66796875 205.34153747558594 3.9904306 1.5911101 1.6449711 2.483283 1.8661597 43.510525 1.4591702222824097 0.34287774562835693
