Pedestrian 0.0 0 -1.4000753164291382 510.6562194824219 173.92333984375 537.0282592773438 229.1512908935547 0.92061216 1.7941744 0.72534823 -2.5898707 1.5491271 23.815756 -1.508395791053772 0.6259382367134094
Pedestrian 0.0 0 -1.7062993049621582 871.6099243164062 170.46192932128906 916.5011596679688 260.8343505859375 0.8383895 1.7055285 0.7025524 5.6683636 1.498475 14.046571 -1.322744369506836 0.5104357600212097
Pedestrian 0.0 0 1.1106336116790771 908.6809692382812 148.24026489257812 993.6130981445312 294.48638916015625 0.7880322 1.791936 0.6972205 4.409614 1.3857485 9.197605 1.5576907396316528 0.49981892108917236
Pedestrian 0.0 0 2.2360386848449707 691.1216430664062 169.45668029785156 742.9791870117188 260.1866760253906 0.9122716 1.8149973 0.6365371 2.3650343 1.5753236 14.910823 2.3933401107788086 0.491497278213501
Pedestrian 0.0 0 2.328505039215088 888.201904296875 138.44296264648438 953.2257690429688 253.25140380859375 0.80873626 1.8060002 0.5698497 5.1613545 1.1299868 11.716606 2.7434442043304443 0.48858967423439026
Pedestrian 0.0 0 -1.5803881883621216 679.0108032226562 177.4638671875 706.512451171875 249.08909606933594 0.9328871 1.7554086 0.6700262 2.261698 1.6576806 18.104235 -1.4561055898666382 0.416362464427948
Pedestrian 0.0 0 1.9498053789138794 778.9058227539062 151.13626098632812 864.1520385742188 321.81256103515625 0.76769835 1.7817707 0.6751613 2.411354 1.4661514 8.006965 2.242323398590088 0.3884938359260559
Pedestrian 0.0 0 -2.4111409187316895 19.439035415649414 180.37176513671875 130.573486328125 355.5116882324219 0.6102244 1.6192744 0.62583536 -5.1444507 1.6102198 6.9793453 -3.046332597732544 0.3670504689216614
Pedestrian 0.0 0 -1.478705883026123 661.5517578125 173.418212890625 682.721923828125 225.75234985351562 0.8043648 1.7851193 0.6623937 2.4381325 1.510523 24.957184 -1.3813222646713257 0.3622780740261078
Pedestrian 0.0 0 -1.4915000200271606 590.2030029296875 175.566650390625 602.860595703125 206.70663452148438 0.8219908 1.7711062 0.6655719 -0.2780865 1.4344385 41.287205 -1.4982353448867798 0.3355255126953125
Pedestrian 0.0 0 2.216050863265991 920.0946655273438 133.32000732421875 995.8114624023438 259.3772888183594 0.92626303 1.8423425 0.60124356 5.4005165 1.1394973 10.973206 2.673402786254883 0.2828437089920044
Pedestrian 0.0 0 0.8574045300483704 1014.3973388671875 137.8286590576172 1072.194580078125 237.79454040527344 0.70366347 1.7658522 0.57524925 7.9949985 0.99569154 13.080694 1.4060230255126953 0.2730486989021301
Pedestrian 0.0 0 2.103841543197632 278.54888916015625 143.83934020996094 325.4095764160156 231.70774841308594 0.7856027 1.8402616 0.62012696 -6.4773602 1.052754 15.473113 1.70738685131073 0.26858165860176086
Pedestrian 0.0 0 -0.6546264886856079 709.16552734375 182.16543579101562 771.5701293945312 276.963623046875 0.9456665 1.7316877 0.6791574 2.5952392 1.7460549 13.642388 -0.4666391909122467 0.2660706639289856
Pedestrian 0.0 0 -1.888251781463623 635.6639404296875 175.57627868652344 660.7924194335938 228.0737762451172 0.773051 1.7829142 0.6576476 1.5902472 1.5828084 24.850037 -1.8243451118469238 0.2621288001537323
Pedestrian 0.0 0 1.8415234088897705 129.0442352294922 135.8878936767578 173.3199005126953 219.0391845703125 1.0520852 1.8245509 0.5965085 -10.266908 0.824927 16.34885 1.2807772159576416 0.23859041929244995
Pedestrian 0.0 0 0.8025678992271423 0.0 213.0233154296875 63.84059524536133 314.8471374511719 1.2623141 1.6781905 0.6497961 -10.2322235 2.2444708 12.476914 0.11569499969482422 0.18428339064121246
Cyclist 0.0 0 0.8025678992271423 0.0 213.0233154296875 63.84059524536133 314.8471374511719 1.2623141 1.6781905 0.6497961 -10.2322235 2.2444708 12.476914 0.11569499969482422 0.33498474955558777
Cyclist 0.0 0 -2.173976421356201 109.42228698730469 164.95840454101562 198.6254119873047 252.30313110351562 1.8093666 1.7147036 0.63901556 -9.232143 1.3912182 14.751875 -2.733171224594116 0.24892525374889374
Cyclist 0.0 0 -0.19132283329963684 652.6390380859375 173.42369079589844 683.5848388671875 226.02110290527344 0.96554 1.7979836 0.62905645 2.2836027 1.5229763 24.913975 -0.09991873800754547 0.17180418968200684
Cyclist 0.0 0 -1.4142494201660156 510.6773376464844 173.71759033203125 536.6507568359375 229.17599487304688 0.94838303 1.8003684 0.7187701 -2.5947042 1.5488187 23.807878 -1.5228060483932495 0.14757078886032104
Cyclist 0.0 0 -1.6875872611999512 870.01708984375 172.4842529296875 914.236083984375 262.72039794921875 0.9325352 1.7004305 0.69506884 5.640821 1.5317955 14.0747385 -1.306411862373352 0.14738231897354126
Cyclist 0.0 0 -1.6000570058822632 678.9293212890625 177.18734741210938 706.9242553710938 249.22882080078125 0.9772332 1.7633618 0.6677234 2.2619286 1.6589917 18.0982 -1.4757208824157715 0.1288161277770996
Cyclist 0.0 0 1.8415234088897705 129.0442352294922 135.8878936767578 173.3199005126953 219.0391845703125 1.0520852 1.8245509 0.5965085 -10.266908 0.824927 16.34885 1.2807772159576416 0.12348473072052002
Car 0.0 0 2.148500919342041 0.0 191.5491180419922 409.6880798339844 374.0 3.9248507 1.475843 1.6066326 -2.9522624 1.5811256 5.406789 1.6487118005752563 0.8769460320472717
