Pedestrian 0.0 0 -2.2155776023864746 1162.3199462890625 169.1025848388672 1242.0 270.7406311035156 1.6234884 1.6186876 0.4325701 10.17969 1.5593003 12.309331 -1.5245949029922485 0.1003945916891098
Cyclist 0.0 0 -2.2155776023864746 1162.3199462890625 169.1025848388672 1242.0 270.7406311035156 1.6234884 1.6186876 0.4325701 10.17969 1.5593003 12.309331 -1.5245949029922485 0.456641286611557
Car 0.0 0 -1.8039989471435547 565.1051025390625 200.44642639160156 694.6724853515625 301.05218505859375 3.62907 1.4611738 1.5777442 0.17665848 2.0516388 13.485473 -1.7908997535705566 0.9003968238830566
Car 0.0 0 -1.9831602573394775 624.2119140625 202.28280639648438 882.8934326171875 369.9942321777344 3.9219177 1.4271699 1.6056198 1.4276925 1.8793126 8.97421 -1.8253940343856812 0.9002218246459961
Car 0.0 0 1.7757229804992676 168.2144317626953 210.25540161132812 295.5332946777344 308.33770751953125 3.429338 1.4776794 1.5278151 -7.299263 2.3074093 14.14053 1.299203872680664 0.8648912310600281
Car 0.0 0 1.8911874294281006 0.0 217.2379913330078 238.77587890625 375.0 4.0456696 1.4181774 1.6302744 -5.3850603 2.030508 7.775428 1.2854626178741455 0.8628950119018555
Car 0.0 0 -1.7769174575805664 502.5113220214844 190.13558959960938 593.09228515625 263.515380859375 3.4812584 1.5903165 1.6021522 -1.7269973 2.0776277 18.428919 -1.8703558444976807 0.8209084272384644
Car 0.0 0 -2.3288538455963135 775.833984375 205.6572265625 1242.0 375.0 3.4745963 1.4549351 1.5496815 2.4829814 1.7420815 4.431315 -1.8181172609329224 0.8198293447494507
Car 0.0 0 1.6423327922821045 284.39166259765625 196.05609130859375 346.2973327636719 252.2528533935547 4.2553554 1.62853 1.6874506 -10.188516 2.5088284 25.077297 1.2564204931259155 0.7492981553077698
Car 0.0 0 1.5668507814407349 467.3829650878906 192.87741088867188 508.112060546875 233.1963348388672 3.8928406 1.484472 1.5999821 -5.244526 2.3927777 30.659618 1.3974339962005615 0.50971519947052
Car 0.0 0 2.188856601715088 0.0 176.56382751464844 101.40679168701172 375.0 3.9879677 1.4767351 1.5883683 -3.6339884 1.5021063 2.7209404 1.2607593536376953 0.4275682270526886
Car 0.0 0 1.5265498161315918 341.1907043457031 197.2715301513672 372.1678161621094 224.98622131347656 3.6308274 1.5454897 1.6887757 -16.126421 3.1620271 45.75589 1.1876987218856812 0.425187349319458
