Pedestrian 0.0 0 -1.0379767417907715 22.848007202148438 177.98992919921875 50.99406051635742 221.13595581054688 0.7588201 1.8350309 0.6599749 -24.820496 2.0605388 31.20661 -1.709882140159607 0.19218894839286804
Pedestrian 0.0 0 1.9998235702514648 7.564301490783691 198.1764678955078 45.88313293457031 251.8912353515625 1.0897126 1.7148564 0.60213983 -19.596794 2.585882 24.203375 1.319212794303894 0.15457198023796082
Pedestrian 0.0 0 -3.2800631523132324 1061.8062744140625 134.8031768798828 1104.9215087890625 224.66265869140625 0.6621265 1.8050869 0.6360687 9.726541 1.041084 14.920053 -2.702345848083496 0.12300069630146027
Pedestrian 0.0 0 1.9321224689483643 188.5106658935547 179.91026306152344 212.52291870117188 215.08200073242188 1.6690103 1.7352253 0.50986075 -20.912172 2.1039968 36.80543 1.4154274463653564 0.10955554991960526
Cyclist 0.0 0 -1.8499572277069092 687.2396240234375 158.30868530273438 705.311767578125 193.69667053222656 1.7897372 1.789676 0.45167544 4.4255614 1.0544341 37.407097 -1.732196569442749 0.34132078289985657
Cyclist 0.0 0 1.9321224689483643 188.5106658935547 179.91026306152344 212.52291870117188 215.08200073242188 1.6690103 1.7352253 0.50986075 -20.912172 2.1039968 36.80543 1.4154274463653564 0.27169865369796753
Cyclist 0.0 0 -0.7360656261444092 916.234619140625 172.39955139160156 977.644287109375 232.90628051757812 1.6832496 1.7874559 0.6565045 10.167375 1.7743888 21.875519 -0.3009861409664154 0.14567652344703674
Cyclist 0.0 0 2.0524003505706787 6.1777567863464355 197.36288452148438 49.181114196777344 250.64170837402344 1.3460095 1.691327 0.56854624 -19.618513 2.5407116 24.27667 1.372726559638977 0.13169406354427338
Cyclist 0.0 0 -1.0708820819854736 130.3229217529297 195.3449249267578 160.49630737304688 238.014404296875 1.5826504 1.6783803 0.3403827 -19.35942 2.639721 30.0252 -1.643573522567749 0.11458396911621094
Car 0.0 0 2.0640032291412354 177.51324462890625 186.6983184814453 262.92303466796875 226.67880249023438 3.878823 1.5515325 1.6109976 -16.825796 2.1893582 31.281115 1.570505142211914 0.8676395416259766
Car 0.0 0 2.2006654739379883 0.0 194.2573699951172 51.373294830322266 224.6945343017578 3.4289238 1.508202 1.6367701 -33.07212 2.7470942 39.988728 1.509655237197876 0.1109064370393753
