Pedestrian 0.0 0 0.4125630855560303 242.69253540039062 183.5765838623047 277.2333984375 236.95518493652344 0.838254 1.730238 0.65038514 -11.615822 2.0903642 23.864706 -0.04041745141148567 0.30668002367019653
Pedestrian 0.0 0 -1.1755176782608032 227.70706176757812 187.71133422851562 262.23760986328125 246.64254760742188 0.78890175 1.7327588 0.6828405 -11.088092 2.191561 21.842583 -1.6452558040618896 0.2545430660247803
Pedestrian 0.0 0 -2.2404022216796875 1100.080078125 1.3317339420318604 1242.0 354.14404296875 0.9707566 1.7709306 0.5638535 3.342723 0.91033775 4.1081104 -1.5573700666427612 0.1723637580871582
Pedestrian 0.0 0 1.2175004482269287 1039.321044921875 124.56221008300781 1107.3499755859375 244.80465698242188 0.9692445 1.8151151 0.6048942 7.2612495 1.0864861 11.426763 1.7835861444473267 0.16182975471019745
Pedestrian 0.0 0 -0.9696965217590332 556.1295166015625 172.93954467773438 580.65966796875 204.28192138671875 1.7849545 1.7255614 0.44905588 -2.3656518 1.7308378 40.60661 -1.027888536453247 0.10788930952548981
Cyclist 0.0 0 -0.9609217643737793 556.5536499023438 172.9371337890625 581.021484375 204.134521484375 1.7564949 1.7181787 0.4516925 -2.3438675 1.7233155 40.60633 -1.0185794830322266 0.2851645052433014
Cyclist 0.0 0 -2.006141185760498 216.8667755126953 190.23707580566406 277.0816345214844 263.23297119140625 1.895057 1.779215 0.66264796 -9.538969 2.253759 18.8335 -2.4749667644500732 0.1875731498003006
Cyclist 0.0 0 -2.681377410888672 237.21009826660156 182.60533142089844 278.5884704589844 236.3721160888672 1.0464773 1.746002 0.6618188 -11.691611 2.0736704 23.882673 -3.136625051498413 0.17207063734531403
Car 0.0 0 -1.5350593328475952 673.6536865234375 171.67446899414062 712.5802001953125 207.1134796142578 3.5561664 1.5162698 1.6307993 3.7770588 1.4661613 32.748756 -1.4202322959899902 0.7760306000709534
Car 0.0 0 2.222261428833008 0.0 175.26649475097656 270.35888671875 375.0 3.9773548 1.4793581 1.590289 -3.805874 1.5014664 4.474182 1.5174016952514648 0.6793331503868103
Car 0.0 0 2.0372774600982666 603.6453247070312 175.43348693847656 655.5784301757812 202.1931915283203 3.8610873 1.5419929 1.6057831 1.2120876 1.7072997 44.056446 2.0647826194763184 0.22549301385879517
