Pedestrian 0.0 0 1.6228132247924805 202.46559143066406 149.7210235595703 239.87168884277344 242.48397827148438 0.842411 1.799987 0.62169945 -7.85956 1.351469 14.512014 1.1264498233795166 0.1988053321838379
Pedestrian 0.0 0 1.756657600402832 74.68108367919922 142.6923065185547 115.96478271484375 225.2452392578125 1.2524889 1.8319108 0.5580232 -11.940077 1.1629585 16.69421 1.1357879638671875 0.11782552301883698
Pedestrian 0.0 0 0.9178944826126099 140.56658935546875 160.62591552734375 179.96241760253906 226.30917358398438 0.786944 1.851106 0.6087227 -12.981523 1.5068483 20.75504 0.358961820602417 0.11596027761697769
Pedestrian 0.0 0 0.7587099075317383 241.28126525878906 143.81297302246094 289.9560852050781 234.68133544921875 0.66247797 1.8276659 0.62083226 -7.160271 1.243912 14.906653 0.3109130859375 0.11177153885364532
Cyclist 0.0 0 1.8969416618347168 78.99524688720703 176.62045288085938 153.5733184814453 284.4114074707031 1.6500521 1.7023741 0.5534736 -8.441082 1.7716076 12.322599 1.2963483333587646 0.23245017230510712
Cyclist 0.0 0 -3.1240453720092773 647.6064453125 175.84814453125 685.697509765625 212.6136474609375 1.8735445 1.8054832 0.7310462 2.7890363 1.9569409 35.957016 -3.0466344356536865 0.186150461435318
Cyclist 0.0 0 1.747597098350525 75.92385864257812 142.0612030029297 116.37774658203125 224.18162536621094 1.1880467 1.8320538 0.56713635 -11.963577 1.1454443 16.752533 1.1274471282958984 0.1124681904911995
Cyclist 0.0 0 1.8831607103347778 23.109832763671875 153.0288848876953 82.40161895751953 241.2201385498047 1.622479 1.7367145 0.5071179 -11.645151 1.3466644 15.055358 1.2247954607009888 0.1100652739405632
Car 0.0 0 1.8771194219589233 236.8903045654297 189.35897827148438 440.2095642089844 324.7851257324219 3.9378304 1.5276233 1.631072 -3.7680795 1.8166041 10.618806 1.5361307859420776 0.9005284309387207
Car 0.0 0 1.766039490699768 385.84466552734375 173.62669372558594 497.7451477050781 262.2552185058594 4.231 1.7750598 1.7000068 -3.7598088 1.795512 16.623379 1.5436060428619385 0.7516295313835144
Car 0.0 0 1.6671342849731445 515.1588134765625 178.4649658203125 559.1600341796875 212.94459533691406 4.22268 1.4894145 1.6622839 -3.4040318 1.770383 33.96786 1.5672544240951538 0.7118508219718933
Car 0.0 0 1.6111210584640503 636.2806396484375 177.02108764648438 661.009521484375 199.01812744140625 3.9359703 1.4777222 1.5994966 2.750106 1.785966 51.273964 1.6647052764892578 0.11017622798681259
