Pedestrian 0.0 0 1.5767333507537842 813.0101318359375 119.91620635986328 889.0531005859375 318.2604675292969 0.8718007 1.8074574 0.66526306 2.3648052 1.2570738 6.958941 1.9043128490447998 0.591454803943634
Pedestrian 0.0 0 -1.5504605770111084 776.5352172851562 151.49049377441406 787.8984985351562 182.4752960205078 0.6454082 1.9578644 0.69030344 11.2986145 0.12615728 45.074055 -1.3048534393310547 0.3279325067996979
Pedestrian 0.0 0 1.2378790378570557 749.923095703125 120.6989517211914 792.239013671875 215.9532470703125 0.7868967 1.8702314 0.60687864 3.3076394 0.69772285 14.300532 1.4651768207550049 0.21504418551921844
Pedestrian 0.0 0 -2.097233772277832 815.021240234375 163.01539611816406 834.5843505859375 201.0653076171875 0.74716914 1.7818733 0.589701 10.406026 0.96452224 33.536125 -1.796360731124878 0.1806747019290924
Pedestrian 0.0 0 -2.189155340194702 1131.1390380859375 147.8072052001953 1200.0684814453125 249.72666931152344 0.7953362 1.6818582 0.564302 9.512052 1.1440182 12.073621 -1.5218746662139893 0.15044352412223816
Pedestrian 0.0 0 0.4640316963195801 64.61982727050781 147.17669677734375 102.06893920898438 215.18679809570312 0.63042897 1.8594197 0.6176108 -14.552023 0.9499283 19.68434 -0.17256617546081543 0.12618695199489594
Pedestrian 0.0 0 -0.7997696995735168 422.8686828613281 171.52401733398438 443.44085693359375 194.38555908203125 1.6595844 1.7036852 0.49948353 -12.993144 1.0360461 53.52729 -1.037902593612671 0.10245948284864426
Cyclist 0.0 0 -1.8310465812683105 1169.4908447265625 112.67216491699219 1224.0 218.920166015625 1.7538548 1.7639636 0.45727977 10.587446 0.63951457 12.624865 -1.13319730758667 0.47037073969841003
Cyclist 0.0 0 -0.7997696995735168 422.8686828613281 171.52401733398438 443.44085693359375 194.38555908203125 1.6595844 1.7036852 0.49948353 -12.993144 1.0360461 53.52729 -1.037902593612671 0.17290803790092468
Cyclist 0.0 0 -1.6174802780151367 704.4982299804688 137.70481872558594 721.4796752929688 192.9414825439453 1.5583222 1.82443 0.49687424 3.650389 0.41247508 24.149023 -1.4674551486968994 0.16379697620868683
Car 0.0 0 1.7436332702636719 397.76910400390625 173.90740966796875 426.4652404785156 193.5012664794922 3.7963688 1.5085356 1.5809557 -15.333006 1.0022228 56.394115 1.4781605005264282 0.21816876530647278
Car 0.0 0 2.1307735443115234 97.46434783935547 185.82737731933594 186.22743225097656 223.20263671875 3.6484382 1.5033197 1.5293711 -20.080671 1.7506872 30.794966 1.552940011024475 0.15261146426200867
Car 0.0 0 1.7073122262954712 525.6956176757812 165.94454956054688 550.832763671875 184.77252197265625 3.9674125 1.5648202 1.6284035 -5.6837816 0.35630727 60.77597 1.6140632629394531 0.14608362317085266
Car 0.0 0 2.083062171936035 197.0253143310547 173.93130493164062 265.264892578125 206.41708374023438 3.8399973 1.6829762 1.6165199 -20.3135 1.3440922 38.56628 1.5982704162597656 0.14279554784297943
