Pedestrian 0.0 0 -2.8269433975219727 351.2366638183594 158.02183532714844 414.71734619140625 256.4646911621094 0.98411036 1.8462287 0.757952 -4.3101234 1.4263023 13.638416 -3.1330392360687256 0.42037031054496765
Pedestrian 0.0 0 2.840456247329712 695.0294799804688 123.1584701538086 750.6672973632812 231.43902587890625 0.8363449 1.874963 0.597315 2.0462232 0.8836951 12.59224 3.001546859741211 0.38123688101768494
Pedestrian 0.0 0 3.17254638671875 345.51263427734375 128.58087158203125 383.7253112792969 211.87966918945312 0.82865185 1.8971096 0.59487724 -5.6407237 0.71627367 16.503992 2.8432137966156006 0.2614462375640869
Pedestrian 0.0 0 0.07928811013698578 684.4344482421875 116.63568878173828 725.3623046875 215.0099639892578 0.74768025 1.874311 0.6537577 1.924296 0.65914774 13.866084 0.21718454360961914 0.2370089590549469
Pedestrian 0.0 0 2.2371790409088135 717.3866577148438 114.2403564453125 780.6397705078125 236.65830993652344 0.80126137 1.8679461 0.62999475 2.254389 0.85856557 11.283465 2.434378147125244 0.19252322614192963
Pedestrian 0.0 0 2.984248399734497 616.7459716796875 147.80755615234375 645.9577026367188 210.21389770507812 0.8093306 1.8816255 0.5977464 0.76999927 0.89747 21.659235 3.0197839736938477 0.16048789024353027
Pedestrian 0.0 0 1.405652403831482 802.7734985351562 135.1544952392578 867.8367309570312 291.27508544921875 0.79713696 1.8002491 0.6232293 2.7291236 1.2790475 8.586912 1.7133798599243164 0.1408214569091797
Pedestrian 0.0 0 -3.519627571105957 891.98291015625 114.90296173095703 932.02392578125 197.04718017578125 0.66544425 1.8731115 0.63519734 7.094223 0.37893006 16.444857 -3.1123530864715576 0.12956523895263672
Pedestrian 0.0 0 0.32567358016967773 606.1356811523438 149.20855712890625 633.766357421875 205.49774169921875 0.79021907 1.8905506 0.61383015 0.48505104 0.8411219 24.16491 0.34574341773986816 0.11882955580949783
Cyclist 0.0 0 0.27822983264923096 347.11724853515625 162.04937744140625 409.98431396484375 259.5806884765625 0.9919256 1.8269571 0.73548245 -4.3905625 1.4829763 13.623634 -0.03353581205010414 0.1301945298910141
Car 0.0 0 -1.597853422164917 530.7973022460938 162.39425659179688 572.471435546875 207.29798889160156 4.434659 1.8694353 1.7289101 -2.4765456 1.1171405 31.726633 -1.6757543087005615 0.5373589992523193
Car 0.0 0 1.526301383972168 516.2058715820312 169.99029541015625 551.6073608398438 202.5977020263672 3.768238 1.5838934 1.6334978 -3.7096777 1.0748272 36.32273 1.4245232343673706 0.13786859810352325
