Pedestrian 0.0 0 -3.5399482250213623 1159.2010498046875 143.7415313720703 1242.0 358.25360107421875 0.738155 1.7640791 0.61755604 5.337152 1.5250254 6.335457 -2.8398678302764893 0.5475091934204102
Pedestrian 0.0 0 -1.4863169193267822 698.3073120117188 164.53701782226562 714.1502685546875 204.30462646484375 0.87050265 1.7878428 0.6469111 4.3562994 1.4142922 32.930077 -1.354791283607483 0.5151805877685547
Pedestrian 0.0 0 1.5388885736465454 519.14404296875 173.2068328857422 538.4827880859375 229.6728973388672 1.7913095 1.8109201 0.579357 -2.76594 1.8235072 24.07756 1.4245136976242065 0.24030424654483795
Pedestrian 0.0 0 -2.1412196159362793 905.8029174804688 155.2985382080078 1015.7651977539062 268.4789733886719 1.9209708 1.7083457 0.6900167 5.657187 1.4437212 11.884402 -1.6969411373138428 0.10197051614522934
Cyclist 0.0 0 1.6945087909698486 535.463623046875 175.89369201660156 549.5908813476562 209.20663452148438 1.9150268 1.7062892 0.5127784 -3.5899162 1.8712095 38.09518 1.6005507707595825 0.7921096682548523
Cyclist 0.0 0 1.748198390007019 487.4086608886719 174.54847717285156 515.644775390625 233.07350158691406 1.8528153 1.8130288 0.5886324 -3.5365374 1.8703938 23.33765 1.5978047847747803 0.6969241499900818
Cyclist 0.0 0 1.5350985527038574 519.7245483398438 172.26927185058594 538.8734741210938 228.88644409179688 1.7733302 1.8130934 0.56564105 -2.7433734 1.7947261 24.022478 1.4213908910751343 0.6168771982192993
Cyclist 0.0 0 -2.1412196159362793 905.8029174804688 155.2985382080078 1015.7651977539062 268.4789733886719 1.9209708 1.7083457 0.6900167 5.657187 1.4437212 11.884402 -1.6969411373138428 0.4915775656700134
Cyclist 0.0 0 -1.4926177263259888 697.937744140625 164.44927978515625 714.1793823242188 203.72265625 0.93398064 1.7649767 0.665745 4.351614 1.3876197 32.949738 -1.3613094091415405 0.10320261865854263
Car 0.0 0 -1.898902416229248 737.2570190429688 175.90594482421875 999.0372314453125 350.00836181640625 3.662435 1.5413674 1.6215457 2.5880656 1.5846831 8.301705 -1.5966999530792236 0.9088407158851624
Car 0.0 0 1.989496111869812 185.89590454101562 184.8094024658203 393.5057678222656 299.8870849609375 3.908993 1.4976059 1.5987781 -4.996853 1.7255356 11.763951 1.5878289937973022 0.8836143612861633
Car 0.0 0 1.7194063663482666 439.7946472167969 181.7421112060547 499.2621154785156 225.60194396972656 4.160012 1.49573 1.6294367 -5.32434 1.8617859 27.572166 1.5286487340927124 0.669758677482605
Car 0.0 0 -1.4154564142227173 638.9346313476562 176.1362762451172 671.7554321289062 199.62281799316406 3.944063 1.4919574 1.6134051 3.0589502 1.7225926 48.519005 -1.3524932861328125 0.559171736240387
