Pedestrian 0.0 0 -2.695758581161499 274.3756103515625 150.398193359375 358.9325866699219 296.3954772949219 0.72299546 1.6660893 0.65189326 -3.4626641 1.3242589 8.409115 -3.086374521255493 0.6674972772598267
Pedestrian 0.0 0 2.5073466300964355 53.89328384399414 192.66160583496094 102.80660247802734 253.77926635742188 0.91488117 1.7018244 0.6708976 -15.244082 2.0641067 20.431082 1.8663320541381836 0.2488790601491928
Pedestrian 0.0 0 -1.5710017681121826 840.0066528320312 173.79153442382812 868.08984375 244.2877655029297 0.7848405 1.7332108 0.6550203 6.250851 1.5698749 17.856998 -1.2342820167541504 0.18624714016914368
Pedestrian 0.0 0 -2.0574514865875244 1114.8516845703125 186.4859619140625 1224.0 370.0 0.6732426 1.6626403 0.6570004 4.3127637 1.7125936 5.299487 -1.3743478059768677 0.13312561810016632
Pedestrian 0.0 0 -0.3964810073375702 820.8491821289062 188.75404357910156 869.592041015625 278.660400390625 0.7027183 1.7218426 0.67797995 4.6936445 1.8908112 13.966243 -0.07226887345314026 0.123952217400074
Pedestrian 0.0 0 -1.6473491191864014 843.996337890625 156.30825805664062 884.1735229492188 258.82586669921875 0.9346105 1.7792279 0.6086092 4.6323924 1.3610175 12.797769 -1.3000516891479492 0.1137881949543953
Pedestrian 0.0 0 -3.434302806854248 1131.41943359375 139.0691375732422 1201.576904296875 251.74407958984375 0.74098605 1.7586807 0.61996233 9.03434 1.1136665 11.45512 -2.766507148742676 0.1120506003499031
Pedestrian 0.0 0 -0.8271605968475342 985.5091552734375 190.41830444335938 1124.623291015625 370.0 0.6495214 1.6250688 0.5930652 3.2858326 1.7060243 5.2720337 -0.2698155641555786 0.10659562796354294
Pedestrian 0.0 0 -3.164961099624634 630.2311401367188 171.51870727539062 682.4666137695312 270.40081787109375 0.93245846 1.7663025 0.61995035 0.88791585 1.6075144 12.955497 -3.0965323448181152 0.10605223476886749
Cyclist 0.0 0 3.6071388721466064 39.85146713256836 192.27674865722656 105.45265197753906 254.5734100341797 1.341752 1.7390327 0.69549334 -15.352952 2.087665 20.369717 2.9612646102905273 0.21079717576503754
Cyclist 0.0 0 -2.2610087394714355 1140.443603515625 157.706298828125 1224.0 260.080322265625 1.6639589 1.6410937 0.5251195 10.062019 1.2773566 12.161523 -1.56980299949646 0.12925101816654205
Cyclist 0.0 0 -1.4039701223373413 1146.765380859375 191.0702667236328 1224.0 370.0 1.6744215 1.641339 0.5850994 5.571541 1.7527269 6.569289 -0.7005689144134521 0.11937907338142395
Cyclist 0.0 0 -1.0862258672714233 54.73897171020508 151.38734436035156 136.74246215820312 250.1036834716797 1.6719747 1.7045505 0.5119404 -9.408779 1.2035037 13.067205 -1.7102686166763306 0.11778407543897629
Car 0.0 0 1.9822324514389038 51.047306060791016 184.31321716308594 147.63584899902344 226.97886657714844 3.8047478 1.4499753 1.5376229 -18.774927 1.604788 26.403847 1.364116907119751 0.20050369203090668
