Pedestrian 0.0 0 1.791067123413086 397.8424987792969 173.22718811035156 440.1501159667969 247.38531494140625 1.0082507 1.7217717 0.7800086 -4.607605 1.7313342 17.2743 1.5304038524627686 0.485952764749527
Pedestrian 0.0 0 2.371994972229004 1065.763427734375 136.4405059814453 1126.30322265625 232.42721557617188 0.7429477 1.7716519 0.6012922 9.153726 1.0999162 13.677093 2.9618005752563477 0.22057972848415375
Pedestrian 0.0 0 -1.6421005725860596 633.5327758789062 165.94944763183594 648.4234008789062 205.55897521972656 0.73964894 1.7827632 0.62494105 1.3670435 1.4723577 32.851494 -1.6005117893218994 0.21015547215938568
Cyclist 0.0 0 1.8069744110107422 397.2685852050781 171.44146728515625 439.3953552246094 246.79629516601562 1.3874375 1.7248223 0.66818595 -4.602443 1.6928484 17.21465 1.5457284450531006 0.26026517152786255
Car 0.0 0 -1.8850959539413452 724.9304809570312 176.75704956054688 942.1531982421875 318.9115295410156 3.419189 1.4338813 1.5544723 2.5182154 1.4929788 9.113563 -1.6155074834823608 0.9322061538696289
Car 0.0 0 1.8973755836486816 193.4947967529297 184.00131225585938 437.7812194824219 324.78448486328125 4.557525 1.468945 1.7226524 -3.824207 1.6624876 10.19627 1.5385527610778809 0.8444739580154419
Car 0.0 0 -1.6257658004760742 668.2073974609375 174.1852264404297 738.0789794921875 236.22145080566406 3.739562 1.5079676 1.6457335 2.3817422 1.5479227 19.538914 -1.5044668912887573 0.7967612147331238
Car 0.0 0 3.358611822128296 372.7021179199219 169.56849670410156 489.9356994628906 216.5531768798828 3.9598093 1.687993 1.6805543 -6.610786 1.5703148 26.808565 3.1168429851531982 0.5688115954399109
Car 0.0 0 1.7369461059570312 537.8468017578125 175.3175506591797 562.0526123046875 194.1477813720703 3.617041 1.6033165 1.5576195 -5.30082 1.8278519 63.78878 1.6540369987487793 0.3080807328224182
Car 0.0 0 -2.4906744956970215 0.0 0.0 1242.0 375.0 4.073565 1.4726874 1.6263846 2.7590442 1.3732687 1.3677294 -1.3801007270812988 0.24420984089374542
