Pedestrian 0.0 0 -1.2261888980865479 762.9549560546875 170.17161560058594 808.2854614257812 258.9515686035156 0.8816253 1.7472006 0.6389188 3.731796 1.525506 14.6784 -0.9772262573242188 0.6985878348350525
Pedestrian 0.0 0 1.702853798866272 394.7559509277344 164.17636108398438 442.0830078125 269.8596496582031 0.9757663 1.8049772 0.6975045 -3.2835443 1.5103858 12.791808 1.4515875577926636 0.646470844745636
Pedestrian 0.0 0 1.434999942779541 779.9656372070312 160.65194702148438 812.4818115234375 235.92794799804688 0.9417249 1.8348608 0.6624408 4.8409553 1.3278794 18.015825 1.697504997253418 0.6282747983932495
Pedestrian 0.0 0 1.3304351568222046 709.2696533203125 166.88050842285156 776.443359375 299.23919677734375 0.9814396 1.7829134 0.7151555 1.9381702 1.5873092 10.182315 1.5185316801071167 0.5110726356506348
Pedestrian 0.0 0 1.9647066593170166 828.6906127929688 158.7396697998047 879.5859985351562 261.4292907714844 0.7731029 1.7537833 0.60367167 4.4498243 1.3663523 12.754806 2.3003783226013184 0.4664449691772461
Pedestrian 0.0 0 0.957453727722168 322.1453552246094 162.77281188964844 379.3822326660156 263.1702880859375 0.80811226 1.752427 0.6288881 -4.5865474 1.4268224 13.026375 0.6189119815826416 0.4598776400089264
Pedestrian 0.0 0 1.6702377796173096 866.9413452148438 152.7012481689453 912.53955078125 262.5939025878906 0.81761545 1.7574145 0.6310685 4.779176 1.2981563 11.993264 2.049440383911133 0.41751593351364136
Pedestrian 0.0 0 0.6792321801185608 672.13232421875 177.6433563232422 695.3189697265625 222.1628875732422 0.69180465 1.7519934 0.60964394 3.2726877 1.6012313 28.726622 0.792668342590332 0.4109621047973633
Pedestrian 0.0 0 2.829566717147827 702.1366577148438 166.2268524169922 754.5293579101562 268.395751953125 0.7652838 1.7239838 0.5323179 2.148003 1.4675503 12.435754 3.0006070137023926 0.39959996938705444
Pedestrian 0.0 0 -1.6885648965835571 690.8493041992188 178.7806396484375 731.0465087890625 269.46453857421875 0.8752227 1.6935319 0.6644573 2.061263 1.6440094 13.859711 -1.5409237146377563 0.3984173536300659
Pedestrian 0.0 0 1.2765681743621826 639.8766479492188 169.17330932617188 679.8350830078125 238.64654541015625 1.3335192 1.7990682 0.7112505 1.52439 1.4810318 19.326662 1.3552801609039307 0.3415207266807556
Pedestrian 0.0 0 1.6533854007720947 706.5621948242188 162.90780639648438 740.1451416015625 250.2329864501953 0.73169476 1.7684052 0.6343977 2.510892 1.3931408 14.976918 1.8194913864135742 0.32234272360801697
Pedestrian 0.0 0 -1.4022417068481445 240.03414916992188 179.52755737304688 268.6780700683594 236.3972625732422 1.312191 1.6767193 0.57648826 -10.59009 1.6196948 21.88684 -1.8528913259506226 0.15448738634586334
Cyclist 0.0 0 -2.311488151550293 6.517890930175781 197.90786743164062 184.61221313476562 321.4568786621094 1.9930328 1.5643252 0.90225 -7.0046186 1.8072045 9.91969 -2.9263181686401367 0.5061458945274353
Cyclist 0.0 0 1.194767713546753 638.6382446289062 169.66928100585938 686.1392211914062 239.2518310546875 1.7880089 1.7742865 0.65208745 1.5780078 1.4737936 19.264362 1.276498556137085 0.45542094111442566
Cyclist 0.0 0 -1.4022417068481445 240.03414916992188 179.52755737304688 268.6780700683594 236.3972625732422 1.312191 1.6767193 0.57648826 -10.59009 1.6196948 21.88684 -1.8528913259506226 0.2628343105316162
Cyclist 0.0 0 1.5514960289001465 332.6681213378906 165.71446228027344 370.43231201171875 268.808837890625 0.9741064 1.7843164 0.62239474 -4.5714817 1.5123849 12.995208 1.2132344245910645 0.12344878911972046
Cyclist 0.0 0 -1.2261888980865479 762.9549560546875 170.17161560058594 808.2854614257812 258.9515686035156 0.8816253 1.7472006 0.6389188 3.731796 1.525506 14.6784 -0.9772262573242188 0.12227990478277206
Cyclist 0.0 0 1.36601984500885 713.3153076171875 166.80575561523438 784.513427734375 300.74005126953125 1.1038082 1.8002037 0.7753227 2.0242076 1.6040244 10.207865 1.5617791414260864 0.10598758608102798
Car 0.0 0 1.6664141416549683 555.8057861328125 177.62425231933594 599.6151733398438 211.52391052246094 4.1542125 1.4859524 1.6597388 -1.0593905 1.3170184 33.610783 1.634905219078064 0.7823397517204285
