Pedestrian 0.0 0 -3.047416925430298 522.3961181640625 150.988037109375 602.5282592773438 293.01702880859375 0.9605654 1.7357209 0.68633276 -0.57154316 1.3767378 8.993545 -3.110882043838501 0.4367300271987915
Pedestrian 0.0 0 -1.6483525037765503 840.2572631835938 173.92501831054688 869.8187866210938 244.13714599609375 0.7737422 1.7270491 0.64277977 6.2649565 1.5669179 17.84325 -1.3106884956359863 0.2321207970380783
Pedestrian 0.0 0 2.490588665008545 50.65901565551758 193.0018310546875 107.39138793945312 253.88861083984375 1.1760377 1.6828971 0.63199115 -15.237045 2.0578134 20.457878 1.8504233360290527 0.1680169552564621
Pedestrian 0.0 0 2.154299736022949 752.5986328125 129.69325256347656 808.9324951171875 237.08326721191406 0.83785886 1.804571 0.59586734 3.0368924 0.9524689 12.379417 2.394866943359375 0.16528566181659698
Pedestrian 0.0 0 -1.997430682182312 1118.703125 189.7704315185547 1224.0 370.0 0.66321707 1.6587548 0.6505574 4.3246183 1.7353115 5.3001924 -1.3130478858947754 0.13633202016353607
Pedestrian 0.0 0 1.779937982559204 259.99871826171875 177.02252197265625 306.2430725097656 268.9090576171875 0.87123215 1.7236978 0.65488225 -6.290511 1.6601001 13.755069 1.3510109186172485 0.1219596192240715
Cyclist 0.0 0 -1.326237678527832 71.57044982910156 153.75367736816406 130.89308166503906 248.76824951171875 1.6889228 1.656258 0.5111701 -9.414473 1.1916714 13.199425 -1.9458001852035522 0.24237997829914093
Cyclist 0.0 0 -2.2418301105499268 1147.7432861328125 162.85702514648438 1224.0 264.002197265625 1.6145327 1.6098782 0.5031607 10.074859 1.3307186 12.062042 -1.5459599494934082 0.17001007497310638
Cyclist 0.0 0 3.5213475227355957 43.940547943115234 192.958984375 106.106689453125 253.86605834960938 1.2687306 1.6949372 0.6921532 -15.287944 2.0644205 20.374853 2.8776326179504395 0.1684667468070984
Cyclist 0.0 0 0.8811296820640564 0.0 172.1409149169922 71.5106430053711 258.1953430175781 1.7668259 1.6712096 0.6296601 -11.795795 1.5105051 14.200549 0.1879725456237793 0.12888742983341217
Car 0.0 0 2.0481131076812744 48.75230026245117 184.30618286132812 152.3551483154297 227.03286743164062 3.8663864 1.4547516 1.5487047 -18.752464 1.609543 26.450191 1.4313905239105225 0.18222655355930328
Car 0.0 0 1.4226014614105225 1190.293212890625 194.96498107910156 1224.0 370.0 3.811552 1.4809058 1.5831438 5.9160542 1.6427317 5.823854 2.215852975845337 0.13775311410427094
Car 0.0 0 -1.3834748268127441 494.9748229980469 140.52174377441406 580.0872192382812 205.97189331054688 4.27751 1.7009885 1.6884215 -1.874837 0.663579 20.580706 -1.474320888519287 0.11270584911108017
