Pedestrian 0.0 0 -1.8024201393127441 610.6792602539062 164.00970458984375 667.5977783203125 282.63739013671875 0.94083196 1.7810566 0.6932963 0.47603902 1.535135 11.137686 -1.759704828262329 0.5474495887756348
Pedestrian 0.0 0 -1.0829259157180786 1.178407073020935 183.90744018554688 43.3210334777832 245.57872009277344 0.8297462 1.730595 0.621315 -16.801943 1.8325461 20.356459 -1.7729557752609253 0.5125652551651001
Pedestrian 0.0 0 3.680529832839966 0.0 175.9529266357422 28.9432430267334 229.96644592285156 0.7225203 1.7394824 0.5728534 -19.447338 1.5945932 23.10579 2.9808945655822754 0.5078487396240234
Pedestrian 0.0 0 1.4413100481033325 277.83349609375 177.75881958007812 319.3019104003906 267.2682189941406 0.73796165 1.7687151 0.6867226 -6.3146176 1.716179 14.459534 1.0295631885528564 0.4466187655925751
Pedestrian 0.0 0 3.5176055431365967 115.107177734375 116.69799041748047 209.69483947753906 253.5692901611328 0.9417 1.8221247 0.6504331 -6.1670375 0.9744209 9.814031 2.9565722942352295 0.34847337007522583
Pedestrian 0.0 0 -0.04923820495605469 994.4450073242188 106.29390716552734 1065.751708984375 245.2987060546875 0.81376916 1.8341224 0.57497865 5.8060913 0.85667044 9.7687845 0.4870176315307617 0.31627899408340454
Pedestrian 0.0 0 -1.5901780128479004 791.1468505859375 162.0474395751953 805.11767578125 196.18386840820312 0.6591725 1.8012769 0.7049982 10.286377 0.82900214 37.709656 -1.3238784074783325 0.23400908708572388
Pedestrian 0.0 0 -0.12335817515850067 772.028076171875 155.3209228515625 796.5110473632812 188.27166748046875 1.3037299 1.8751317 0.5490829 10.277483 0.44364756 40.584602 0.1246638298034668 0.11901278048753738
Pedestrian 0.0 0 -2.097440719604492 875.4630737304688 155.70620727539062 904.6365966796875 193.9037628173828 1.7369925 1.7688226 0.4754905 13.526354 0.6221454 33.630154 -1.7150312662124634 0.11596431583166122
Cyclist 0.0 0 -1.953507423400879 973.1322021484375 136.6780242919922 1025.512939453125 208.98147583007812 1.9031959 1.8120874 0.5307498 10.355121 0.71540445 18.692259 -1.447614312171936 0.39246687293052673
Cyclist 0.0 0 -2.1147594451904297 875.3510131835938 155.3722381591797 905.1876220703125 193.30715942382812 1.732458 1.7552131 0.48576546 13.525823 0.5940295 33.603516 -1.7320892810821533 0.294188529253006
Cyclist 0.0 0 -0.12335817515850067 772.028076171875 155.3209228515625 796.5110473632812 188.27166748046875 1.3037299 1.8751317 0.5490829 10.277483 0.44364756 40.584602 0.1246638298034668 0.26110395789146423
Cyclist 0.0 0 3.530630588531494 110.685302734375 117.7538833618164 215.05772399902344 255.1416015625 1.065179 1.8282692 0.6441681 -6.156378 0.99495566 9.812145 2.970289945602417 0.11964638531208038
Cyclist 0.0 0 -1.6443397998809814 614.8770141601562 163.9125518798828 665.1454467773438 283.050048828125 1.0562412 1.7971199 0.712857 0.4904951 1.5485684 11.198943 -1.600569486618042 0.1075107529759407
Cyclist 0.0 0 -1.0346293449401855 0.0 183.37367248535156 44.268917083740234 245.26268005371094 0.9186728 1.7350606 0.62943363 -16.827364 1.8214607 20.365976 -1.7251720428466797 0.10496833175420761
Car 0.0 0 -0.7842985987663269 0.0 214.50149536132812 294.626708984375 370.0 3.994239 1.427066 1.6029322 -3.2396002 1.6873087 3.3589847 -1.551606297492981 0.7039217948913574
Car 0.0 0 1.7340960502624512 447.6113586425781 173.11302185058594 484.72100830078125 198.58084106445312 4.0938926 1.5113184 1.6247114 -8.594107 1.074327 44.02292 1.5413018465042114 0.39246243238449097
