Car 0.0 0 0.5235700011253357 37.020999908447266 180.69139099121094 338.6095886230469 283.3991394042969 3.8733299 1.5101345 1.6402912 -6.644885 1.6449807 11.555282 0.0016968250274658203 0.8554354906082153
Car 0.0 0 -1.7774040699005127 678.49267578125 173.12301635742188 791.1661987304688 256.28167724609375 4.3051977 1.6870681 1.6943835 2.699584 1.6945225 16.84002 -1.6184488534927368 0.8398261070251465
Car 0.0 0 -2.636148452758789 238.0493621826172 180.79901123046875 422.9655456542969 249.0032196044922 3.6338394 1.4361292 1.5527933 -6.35369 1.6287811 16.443874 -3.00486421585083 0.7405864000320435
Car 0.0 0 -1.6503616571426392 654.1614379882812 179.85658264160156 704.6937866210938 223.48367309570312 3.7809 1.5311795 1.6285952 2.5688715 1.8201164 27.831604 -1.5583219528198242 0.7311873435974121
Car 0.0 0 0.451826274394989 161.23829650878906 186.4884796142578 410.8714599609375 270.1237487792969 4.124547 1.4878571 1.6387373 -6.214591 1.7698814 14.01324 0.034407615661621094 0.6937597990036011
Car 0.0 0 -2.8545687198638916 337.8214416503906 171.22280883789062 485.5008239746094 224.18197631835938 4.3222723 1.6575892 1.7374436 -6.419777 1.6068922 23.493301 -3.121316432952881 0.5754542350769043
Car 0.0 0 -2.7748565673828125 272.5032653808594 181.65968322753906 435.6560974121094 240.77743530273438 3.7269175 1.4665302 1.5895103 -6.702155 1.7090479 18.99407 -3.114072561264038 0.511162519454956
Car 0.0 0 3.433195114135742 313.881591796875 176.37689208984375 456.6236572265625 233.34120178222656 3.6995196 1.6044 1.6472615 -6.5877776 1.7126894 21.263203 3.1327531337738037 0.491951584815979
Car 0.0 0 -2.8389546871185303 407.2377624511719 173.1834716796875 503.4055480957031 209.34442138671875 3.6773903 1.4820971 1.5810031 -6.548068 1.4968389 30.542793 -3.050147771835327 0.4831906855106354
Car 0.0 0 -1.7179245948791504 634.1965942382812 178.64300537109375 672.4871215820312 207.4304656982422 3.598758 1.4792641 1.5830635 2.3027515 1.8129941 39.68586 -1.6599650382995605 0.47221803665161133
