Car 0.0 0 2.036965847015381 142.69287109375 194.55923461914062 340.3713073730469 299.54046630859375 3.6915295 1.4549202 1.5544233 -6.242564 1.8904648 12.61313 1.5773857831954956 0.9033292531967163
Car 0.0 0 -1.6932446956634521 684.2218627929688 180.74205017089844 765.5862426757812 244.0588836669922 3.82681 1.4738748 1.653682 2.902481 1.7054385 19.210701 -1.5432921648025513 0.8780783414840698
Car 0.0 0 -0.5589686036109924 949.41552734375 163.71620178222656 1242.0 262.6748352050781 4.178659 1.5351622 1.6648808 8.12132 1.3937638 12.090521 0.032517194747924805 0.8140615820884705
Car 0.0 0 -1.2769339084625244 376.23248291015625 183.4347381591797 463.541748046875 237.3418731689453 4.113356 1.5572432 1.6503592 -6.1807766 1.936491 23.747606 -1.5315543413162231 0.8097279071807861
Car 0.0 0 1.7906595468521118 459.0001525878906 183.7243194580078 510.29473876953125 217.96128845214844 3.9560275 1.4912207 1.607248 -6.0019436 2.0450273 34.71863 1.61947762966156 0.7076753377914429
Car 0.0 0 -0.5391532182693481 885.8287963867188 148.9713897705078 1125.1004638671875 229.9603271484375 4.168262 1.6087382 1.6961403 8.197949 1.1346996 15.273784 -0.04655256122350693 0.6448413133621216
Car 0.0 0 2.763563632965088 804.3684692382812 161.49598693847656 979.7695922851562 218.90310668945312 4.53594 1.6359869 1.7394911 8.239152 1.3126644 21.455107 3.1302170753479004 0.5337790846824646
Car 0.0 0 1.8133646249771118 337.2440490722656 197.04019165039062 425.5719909667969 258.9759826660156 3.3805118 1.4457829 1.5540493 -6.2564692 2.1724522 19.930145 1.5091867446899414 0.4982477128505707
Car 0.0 0 2.5551326274871826 0.0 203.9337921142578 189.91885375976562 375.0 3.7953146 1.4286262 1.5613221 -3.7311454 1.6378406 2.8960726 1.6443885564804077 0.3369252383708954
Car 0.0 0 -3.87954044342041 1198.76220703125 148.94635009765625 1242.0 197.1313934326172 4.06109 1.5784947 1.657388 22.647003 0.7956616 24.480177 -3.133021116256714 0.33648747205734253
