Pedestrian 0.0 0 -0.5442286133766174 978.7161865234375 143.15696716308594 1017.9127197265625 206.40699768066406 0.8152987 1.8170532 0.5965291 11.272835 0.9642719 21.044891 -0.05246429890394211 0.3085115849971771
Pedestrian 0.0 0 -0.1694103479385376 942.1019287109375 144.62380981445312 975.0472412109375 199.8756866455078 0.9101615 1.8191146 0.5614672 11.61326 0.89002085 24.148338 0.2788517475128174 0.29768550395965576
Pedestrian 0.0 0 -0.2159339189529419 1114.3302001953125 144.36849975585938 1157.9654541015625 206.80552673339844 0.9492718 1.8266835 0.5860911 15.66714 0.99365795 21.565563 0.4123494625091553 0.28366097807884216
Cyclist 0.0 0 -0.5065870881080627 973.0911254882812 144.08558654785156 1017.3698120117188 207.34230041503906 0.9704573 1.8195174 0.60029066 11.189788 0.9923804 21.060501 -0.018201392143964767 0.1313728392124176
Cyclist 0.0 0 -0.2505096197128296 1114.8177490234375 141.5311279296875 1162.329833984375 204.5684051513672 1.0274904 1.8433113 0.602141 15.73859 0.9277382 21.566301 0.37992262840270996 0.11510060727596283
Car 0.0 0 -0.47711819410324097 766.5590209960938 152.86587524414062 1049.7373046875 257.3453063964844 3.7748487 1.4859467 1.578719 4.4706683 1.2020257 11.229931 -0.09824831038713455 0.8062344789505005
Car 0.0 0 0.4581875801086426 0.0 142.81997680664062 292.865478515625 240.103271484375 3.9066255 1.5257384 1.620242 -7.7709465 1.0550588 12.322799 -0.1044396236538887 0.7893999218940735
Car 0.0 0 -0.3053319454193115 675.5858764648438 152.96568298339844 813.6017456054688 206.61512756347656 3.814408 1.5541933 1.6153831 3.9927616 0.97839844 21.939508 -0.12531255185604095 0.6858945488929749
Car 0.0 0 3.6121950149536133 118.19681549072266 159.3639373779297 341.10614013671875 234.7403564453125 3.777031 1.4741932 1.5712737 -7.789807 1.2107158 14.914739 3.1308753490448 0.6308314800262451
Car 0.0 0 3.3940346240997314 267.30865478515625 147.5302276611328 417.96209716796875 199.34210205078125 4.1646614 1.5558238 1.6407328 -8.347131 0.79575133 22.688164 3.041496992111206 0.5114840865135193
Car 0.0 0 -2.5288467407226562 195.89024353027344 158.43060302734375 381.29254150390625 223.51470947265625 3.9847314 1.5018332 1.60625 -7.9355383 1.1693673 17.81866 -2.947826862335205 0.4652341902256012
Car 0.0 0 -2.0079283714294434 0.0 173.4204864501953 70.11564636230469 363.720703125 3.9569519 1.4646955 1.5885749 -7.475489 1.471554 6.9181075 -2.832031488418579 0.389665424823761
