Pedestrian 0.0 0 1.4086718559265137 1210.2041015625 131.0936279296875 1242.0 211.94847106933594 0.894492 1.8478575 0.61737096 14.601759 0.89382356 17.029816 2.117459774017334 0.381146103143692
Pedestrian 0.0 0 1.7988547086715698 420.80938720703125 175.71682739257812 469.689208984375 267.9997863769531 1.7323208 1.7534698 0.5932415 -3.362224 1.8153161 14.627775 1.5729268789291382 0.16932441294193268
Cyclist 0.0 0 1.7462834119796753 422.640625 174.74681091308594 467.6019592285156 268.1494140625 1.768039 1.7730209 0.592793 -3.3662539 1.8141154 14.628181 1.5200999975204468 0.8550278544425964
Car 0.0 0 -1.7127258777618408 628.56982421875 180.5110626220703 691.7626342773438 226.94813537597656 4.0039454 1.4416692 1.6249231 1.6186644 1.730651 25.135813 -1.6484179496765137 0.8467472195625305
Car 0.0 0 -0.5813491940498352 840.3069458007812 186.51893615722656 1175.883056640625 304.3470764160156 3.7561622 1.4066592 1.5595711 5.203959 1.6102979 9.781174 -0.0924006924033165 0.8024864196777344
Car 0.0 0 2.324803590774536 958.5487060546875 188.95045471191406 1242.0 375.0 3.7463896 1.4699415 1.5895139 5.496111 1.6477882 6.8979754 2.997572898864746 0.7328054308891296
Car 0.0 0 -2.766160011291504 263.8715515136719 181.29885864257812 437.27655029296875 240.89166259765625 4.070764 1.5093038 1.6487112 -6.9377694 1.7473154 19.413158 -3.109389543533325 0.6979215741157532
Car 0.0 0 0.7969556450843811 0.0 167.01402282714844 233.19097900390625 313.0275573730469 3.8621843 1.4995997 1.6091295 -6.772409 1.4399793 8.4388275 0.12067413330078125 0.5797632932662964
Car 0.0 0 -0.45149490237236023 817.3927001953125 166.65017700195312 1094.2520751953125 264.83782958984375 3.8633895 1.5291069 1.6198472 5.5893445 1.4328505 12.078726 -0.018094662576913834 0.5718076229095459
Car 0.0 0 -2.7196998596191406 316.2302551269531 184.2442626953125 456.8419494628906 237.5323944091797 3.801205 1.532529 1.6466811 -6.879352 1.9006406 22.244837 -3.0196266174316406 0.5082610845565796
Car 0.0 0 1.5869547128677368 616.4514770507812 176.9884796142578 646.3239135742188 205.43423461914062 3.8764386 1.4909859 1.5904678 1.1904147 1.7339435 40.362553 1.6164392232894897 0.3716438412666321
Car 0.0 0 0.869843065738678 0.0 199.10240173339844 90.52558135986328 375.0 3.8530495 1.478477 1.6052605 -6.853148 1.7265594 5.9735975 0.01598048210144043 0.3173598051071167
