Pedestrian 0.0 0 1.1815567016601562 1170.2255859375 147.29759216308594 1200.4693603515625 199.01596069335938 0.7142882 1.9171432 0.66894954 21.623007 0.9701531 27.180159 1.853574514389038 0.20332087576389313
Pedestrian 0.0 0 3.30263352394104 449.2550354003906 143.98313903808594 478.0701599121094 205.54656982421875 0.78081995 1.8651979 0.6160667 -4.5390973 0.99085057 22.18151 3.100785970687866 0.19898846745491028
Pedestrian 0.0 0 2.144317388534546 1111.4488525390625 172.5944366455078 1213.1944580078125 331.6347961425781 0.78713053 1.715475 0.58544284 6.2063484 1.7130331 8.189655 2.79280948638916 0.17609912157058716
Car 0.0 0 -2.218815803527832 438.9930725097656 199.49134826660156 779.6776733398438 375.0 3.5153587 1.4112384 1.518085 -0.26986444 1.7454071 7.198191 -2.256288766860962 0.9014561772346497
Car 0.0 0 -2.0098602771759033 327.0032043457031 206.69735717773438 539.5194702148438 335.79644775390625 3.861691 1.4311911 1.6275704 -2.9019194 2.0439637 11.050293 -2.266671657562256 0.8960816860198975
Car 0.0 0 -1.891760230064392 260.2179260253906 204.8211212158203 399.5011901855469 294.7962951660156 3.6232512 1.4309782 1.5577949 -5.845389 2.1664433 14.701805 -2.270193099975586 0.8726274967193604
Car 0.0 0 -1.77518892288208 199.86187744140625 201.53196716308594 296.7743835449219 278.9306640625 3.3053577 1.6602004 1.5795802 -9.417546 2.4701028 18.580975 -2.2442920207977295 0.597273051738739
Car 0.0 0 1.4570000171661377 139.1497039794922 208.4031524658203 200.41348266601562 254.67684936523438 3.4889169 1.5105393 1.6607641 -17.367628 2.9999056 28.333822 0.9071023464202881 0.38855960965156555
Car 0.0 0 1.960768699645996 233.58457946777344 184.35398864746094 281.9530029296875 208.25921630859375 3.959726 1.5129681 1.6061724 -24.195822 2.3368523 49.640526 1.507235050201416 0.21867720782756805
Car 0.0 0 2.1697702407836914 223.47354125976562 185.8468780517578 279.5294189453125 207.90261840820312 4.046316 1.4626408 1.6578778 -26.020914 2.445856 52.4604 1.7093192338943481 0.18206031620502472
