Pedestrian 0.0 0 -0.45483332872390747 840.6306762695312 144.28558349609375 942.3749389648438 316.80267333984375 0.8083583 1.7391462 0.60748935 2.953367 1.375762 7.4570045 -0.07773442566394806 0.6903868913650513
Pedestrian 0.0 0 -1.5849322080612183 839.7020874023438 173.06982421875 867.898193359375 243.1256103515625 0.7945258 1.72172 0.65741765 6.2371006 1.5407106 17.852623 -1.2488222122192383 0.2683151960372925
Pedestrian 0.0 0 -2.1498758792877197 1112.4681396484375 188.52455139160156 1224.0 370.0 0.6734151 1.6560564 0.65652823 4.3182015 1.7222742 5.310232 -1.467146873474121 0.13456377387046814
Pedestrian 0.0 0 3.0368895530700684 637.147705078125 174.7433319091797 692.0628051757812 272.82958984375 0.9435704 1.7578174 0.6119179 1.039952 1.6562933 12.983703 3.1168155670166016 0.12851910293102264
Pedestrian 0.0 0 -0.7798570394515991 56.4969367980957 192.19412231445312 102.91493225097656 253.63536071777344 0.88765305 1.7187749 0.6364719 -15.214945 2.0666358 20.446085 -1.4196033477783203 0.1251566857099533
Pedestrian 0.0 0 -0.5033122301101685 819.3397827148438 185.29331970214844 870.0545043945312 275.9217834472656 0.7105915 1.736002 0.67550105 4.6878543 1.8350948 13.976278 -0.17968931794166565 0.1153920367360115
Pedestrian 0.0 0 2.122296094894409 752.5272827148438 135.1620330810547 808.4854736328125 241.6951446533203 0.7969625 1.7911911 0.6286913 3.0337572 1.0305518 12.386632 2.362489700317383 0.11297356337308884
Pedestrian 0.0 0 -2.2454209327697754 1139.9771728515625 156.98483276367188 1224.0 257.44476318359375 1.6432617 1.6130968 0.5804182 10.073612 1.2371652 12.174533 -1.554174780845642 0.1087285503745079
Cyclist 0.0 0 -2.2454209327697754 1139.9771728515625 156.98483276367188 1224.0 257.44476318359375 1.6432617 1.6130968 0.5804182 10.073612 1.2371652 12.174533 -1.554174780845642 0.20691633224487305
Cyclist 0.0 0 -1.4601826667785645 1148.600341796875 192.87252807617188 1224.0 370.0 1.8076586 1.625475 0.51416725 5.5585337 1.7578579 6.652679 -0.7641475200653076 0.16023877263069153
Cyclist 0.0 0 -1.47616708278656 71.25666046142578 152.21905517578125 118.13935089111328 247.25579833984375 1.726979 1.6362267 0.54456335 -9.436848 1.1509664 13.050512 -2.1022298336029053 0.14960360527038574
Cyclist 0.0 0 -2.171997547149658 0.0 173.34934997558594 72.20623779296875 258.7259826660156 1.7946616 1.6472948 0.6291006 -11.726907 1.5109597 14.186517 -2.862762689590454 0.12820415198802948
Cyclist 0.0 0 -1.108558177947998 76.26881408691406 201.09254455566406 112.57756042480469 256.9359436035156 1.0567297 1.6551173 0.49545646 -15.854965 2.3117797 21.926754 -1.7346117496490479 0.11950341612100601
Car 0.0 0 1.848936676979065 49.35496139526367 185.5186309814453 135.25518798828125 229.04000854492188 3.9488285 1.464391 1.5691327 -19.042606 1.6683667 26.39819 1.2240183353424072 0.19509053230285645
Car 0.0 0 -1.2961339950561523 486.6510925292969 143.1617889404297 580.5615234375 206.4472198486328 4.2169905 1.6835842 1.6882429 -2.0292273 0.6918587 21.02953 -1.3923304080963135 0.11909500509500504
