Pedestrian 0.0 0 -1.782607913017273 1181.76171875 183.26622009277344 1239.5718994140625 280.0630798339844 0.74790734 1.6144278 0.63122654 10.429838 1.8037049 12.611477 -1.0916121006011963 0.383023202419281
Pedestrian 0.0 0 -3.547194242477417 940.7589721679688 173.82681274414062 974.9692993164062 230.90599060058594 0.704225 1.6531006 0.6576785 10.190772 1.6825738 21.248985 -3.100008726119995 0.2617499530315399
Cyclist 0.0 0 -1.6808161735534668 413.61553955078125 179.93714904785156 437.6356506347656 233.9715118408203 1.6576804 1.6481608 0.56234455 -5.962882 1.8839942 23.10966 -1.9333338737487793 0.2247491180896759
Cyclist 0.0 0 1.9384797811508179 767.4642333984375 177.0030975341797 784.27392578125 203.03150939941406 1.7105618 1.7615951 0.5583597 11.465403 2.0542998 49.971794 2.1640138626098633 0.20183537900447845
Car 0.0 0 2.158019542694092 134.96624755859375 193.31565856933594 225.60919189453125 228.34579467773438 4.278613 1.4754282 1.7022055 -20.821833 2.5335307 35.115753 1.6228010654449463 0.8321560621261597
Car 0.0 0 -2.8334827423095703 840.4174194335938 179.709228515625 953.9425048828125 220.7210235595703 3.9419398 1.5096827 1.62362 11.476439 1.8039691 29.059404 -2.4573545455932617 0.22932004928588867
Car 0.0 0 1.769155740737915 278.5481262207031 187.97381591796875 307.9228820800781 207.07669067382812 3.8926632 1.5306616 1.621018 -27.712883 2.898281 63.170414 1.3557381629943848 0.17131976783275604
Car 0.0 0 1.4776244163513184 1.9115768671035767 205.26222229003906 60.29832077026367 242.6512908935547 3.584804 1.4696227 1.7888291 -27.007261 3.063969 33.576767 0.8002405166625977 0.16349466145038605
Car 0.0 0 1.5748525857925415 112.63606262207031 196.1657257080078 142.15557861328125 218.6673583984375 4.1469803 1.4770118 1.7843949 -36.24996 3.299766 54.182453 0.9852120876312256 0.14769737422466278
Car 0.0 0 1.7903201580047607 117.9890365600586 178.60382080078125 159.36862182617188 202.5973663330078 3.7904332 1.5502346 1.5980121 -32.40869 1.9626927 49.6562 1.212076187133789 0.14534075558185577
