Car 0.0 0 -0.9901803135871887 0.0 179.55262756347656 244.11009216308594 293.54754638671875 4.0226893 1.4799868 1.6134697 -7.6007953 1.4075947 11.348026 -1.580342173576355 0.9009034037590027
Car 0.0 0 -1.287102222442627 286.8734436035156 185.2373809814453 479.91986083984375 310.1488037109375 4.2385926 1.5468471 1.6387094 -3.2069507 1.5483745 11.018628 -1.5703262090682983 0.8539854884147644
Car 0.0 0 -1.5732312202453613 564.043212890625 180.80841064453125 619.4155883789062 231.21141052246094 3.4997904 1.5193948 1.6705626 -0.5727038 1.3876684 23.437775 -1.5976613759994507 0.8150224685668945
Car 0.0 0 -1.279981255531311 273.1995544433594 183.22828674316406 337.4395446777344 220.00088500976562 3.470385 1.4422144 1.5398756 -12.577449 1.3654003 29.996658 -1.6770098209381104 0.7940686345100403
Car 0.0 0 -1.4187369346618652 474.9604187011719 183.93630981445312 541.9429321289062 230.61814880371094 4.111549 1.4369881 1.6243143 -3.2885523 1.3987364 24.193716 -1.5538349151611328 0.7863640785217285
Car 0.0 0 -1.3660763502120972 420.7941589355469 181.06930541992188 468.28851318359375 212.63075256347656 3.7681878 1.5051409 1.5985979 -8.183404 1.308534 36.175873 -1.5885437726974487 0.7623365521430969
Car 0.0 0 -0.87163907289505 0.0 213.63003540039062 299.656494140625 376.0 3.9323015 1.4339035 1.5865506 -3.073615 1.6474493 3.3740382 -1.6104767322540283 0.6235585808753967
Car 0.0 0 -1.2292335033416748 316.2270202636719 180.1833038330078 405.58380126953125 229.96458435058594 3.5700557 1.4695419 1.5976356 -7.8352447 1.3221172 23.012392 -1.5574016571044922 0.4846189022064209
Car 0.0 0 1.8069332838058472 465.6667785644531 177.94650268554688 501.49652099609375 200.50399780273438 3.8124294 1.4907846 1.5826108 -8.519059 1.0115076 49.45807 1.6363589763641357 0.4175928235054016
Car 0.0 0 2.2478299140930176 75.5533676147461 189.45718383789062 237.65867614746094 251.4410858154297 4.035219 1.512703 1.6281607 -12.339761 1.6438501 19.929464 1.6934326887130737 0.4093315303325653
