Car 0.0 0 -1.7747639417648315 697.6909790039062 186.56430053710938 806.8624877929688 264.93560791015625 3.4653597 1.4261067 1.5942799 2.874219 1.7540269 15.487376 -1.5912669897079468 0.9315419793128967
Car 0.0 0 0.5229812860488892 34.32160568237305 191.74603271484375 366.2024841308594 297.3562316894531 4.1266046 1.4349712 1.6227086 -6.0907288 1.7440383 10.94512 0.015177488327026367 0.8201477527618408
Car 0.0 0 0.4242171049118042 275.3543701171875 185.05282592773438 462.72283935546875 248.2091064453125 4.1388693 1.4543468 1.6309706 -5.9943376 1.7769501 18.032946 0.10329747200012207 0.7938748002052307
Car 0.0 0 0.4736998379230499 157.90252685546875 189.1173858642578 420.3163146972656 277.67425537109375 4.0945826 1.4611245 1.6157296 -5.786595 1.7793713 13.171935 0.0597691535949707 0.7643076181411743
Car 0.0 0 -0.24381548166275024 759.1460571289062 175.62680053710938 921.5552978515625 230.648681640625 4.1413717 1.4931245 1.6441475 6.4287076 1.5763304 20.614185 0.058484792709350586 0.7422781586647034
Car 0.0 0 -2.7855920791625977 295.73504638671875 178.12918090820312 447.5778503417969 230.6752471923828 3.8155286 1.4281018 1.5761193 -6.7909718 1.5856705 20.640228 -3.103452205657959 0.674717366695404
Car 0.0 0 0.6539160013198853 0.0 187.89227294921875 200.46591186523438 331.32366943359375 3.487846 1.4312611 1.5245701 -6.902233 1.6203626 8.213294 -0.04496264085173607 0.6254530549049377
Car 0.0 0 -1.7367217540740967 634.618408203125 178.6644287109375 668.0140991210938 201.54747009277344 4.147874 1.4660184 1.614734 2.7573211 1.8820494 49.465233 -1.6810368299484253 0.6242140531539917
Car 0.0 0 0.5335333347320557 224.15899658203125 183.05722045898438 427.94775390625 255.9913330078125 3.884555 1.4561487 1.5947673 -6.203523 1.6955426 15.8053 0.15951228141784668 0.614230215549469
Car 0.0 0 -2.9006502628326416 411.10394287109375 169.4785919189453 515.2214965820312 207.28677368164062 4.313157 1.6546403 1.72374 -6.603449 1.507277 32.523453 -3.100963830947876 0.5457187294960022
Car 0.0 0 0.25404319167137146 396.0044250488281 176.00245666503906 501.5147399902344 214.19801330566406 3.9967449 1.5327148 1.638605 -6.6881237 1.6678017 29.98549 0.03459000587463379 0.4540984630584717
Car 0.0 0 0.6458508968353271 0.0 0.0 1242.0 375.0 3.9389508 1.4543754 1.6028546 2.68317 1.5899738 1.6081185 1.6767165660858154 0.4522739350795746
