Pedestrian 0.0 0 -2.0683438777923584 901.8378295898438 125.7579345703125 1074.9715576171875 370.0 0.71289414 1.6999913 0.7349068 2.399457 1.3732876 4.599488 -1.5875036716461182 0.27405112981796265
Pedestrian 0.0 0 1.2002440690994263 775.9848022460938 107.91079711914062 828.8558959960938 222.20486450195312 0.7687519 1.8668565 0.62243533 3.2822664 0.6828513 11.958068 1.468127965927124 0.1939447522163391
Pedestrian 0.0 0 -1.0770219564437866 753.7420654296875 134.78329467773438 794.1920166015625 215.86444091796875 0.8427504 1.8713503 0.6116351 3.9881842 0.8178175 16.831821 -0.8443694114685059 0.16643881797790527
Pedestrian 0.0 0 -1.7848178148269653 713.056884765625 135.6429901123047 740.904541015625 197.69342041015625 1.6558527 1.8356409 0.49876818 3.7049341 0.510198 21.75007 -1.616096019744873 0.10023508965969086
Cyclist 0.0 0 -0.8226165771484375 425.6294250488281 171.80517578125 446.15716552734375 195.32171630859375 1.7078589 1.7040793 0.42312393 -12.44023 1.0753082 52.077618 -1.0571010112762451 0.28888535499572754
Cyclist 0.0 0 -1.7848178148269653 713.056884765625 135.6429901123047 740.904541015625 197.69342041015625 1.6558527 1.8356409 0.49876818 3.7049341 0.510198 21.75007 -1.616096019744873 0.245809867978096
Car 0.0 0 -1.5627433061599731 558.2428588867188 165.1164093017578 576.818359375 183.03164672851562 3.9679894 1.5887252 1.64608 -3.3910542 0.22568104 64.71471 -1.6150954961776733 0.28472834825515747
Car 0.0 0 2.1386306285858154 6.251285076141357 154.4212646484375 167.0579833984375 223.45875549316406 4.0685024 1.7054746 1.6422948 -14.127503 1.0628327 19.540226 1.5126373767852783 0.24419008195400238
Car 0.0 0 -1.1316580772399902 705.329345703125 165.1272735595703 787.1659545898438 207.07217407226562 3.9222858 1.5229087 1.6340599 5.5788956 0.96628547 27.72826 -0.9331099987030029 0.20073042809963226
Car 0.0 0 1.560896635055542 528.3832397460938 163.94351196289062 548.3699340820312 183.99557495117188 3.574524 1.5902885 1.5807129 -5.463254 0.2784641 57.92928 1.4668657779693604 0.17460916936397552
