Pedestrian 0.0 0 0.8570877313613892 271.4043273925781 178.7315216064453 323.63031005859375 267.25732421875 0.67366225 1.7557355 0.71551955 -6.336843 1.7222905 14.485824 0.4447181224822998 0.40529966354370117
Pedestrian 0.0 0 3.693399429321289 108.95452117919922 116.28023529052734 214.51937866210938 252.11886596679688 1.087893 1.8249701 0.5997285 -6.17156 0.96385944 9.799522 3.131369113922119 0.30866676568984985
Pedestrian 0.0 0 -0.10195887088775635 993.4794311523438 106.80619049072266 1066.389404296875 244.92831420898438 0.8066125 1.8249629 0.5657342 5.8009596 0.85294324 9.763306 0.4341549873352051 0.262132853269577
Pedestrian 0.0 0 -2.0106074810028076 876.9366455078125 156.64732360839844 905.3668212890625 194.32232666015625 1.7786462 1.7384355 0.5406039 13.5349245 0.63925815 33.523438 -1.626876711845398 0.14892210066318512
Pedestrian 0.0 0 1.675947666168213 312.09417724609375 174.58184814453125 334.003173828125 222.49740600585938 1.790978 1.7762254 0.5998424 -10.83863 1.5583549 27.14854 1.2961015701293945 0.14216646552085876
Cyclist 0.0 0 -1.7917653322219849 982.7010498046875 138.50942993164062 1022.9432983398438 212.16358947753906 1.925266 1.823989 0.50131017 10.346408 0.78572094 18.498705 -1.2818067073822021 0.5110021829605103
Cyclist 0.0 0 -2.0106074810028076 876.9366455078125 156.64732360839844 905.3668212890625 194.32232666015625 1.7786462 1.7384355 0.5406039 13.5349245 0.63925815 33.523438 -1.626876711845398 0.4920394718647003
Cyclist 0.0 0 -0.09641119837760925 769.0728759765625 156.5743865966797 799.7078247070312 188.79527282714844 1.6573867 1.8309733 0.55381393 10.278806 0.47276932 40.572502 0.15171241760253906 0.33599892258644104
Cyclist 0.0 0 1.675947666168213 312.09417724609375 174.58184814453125 334.003173828125 222.49740600585938 1.790978 1.7762254 0.5998424 -10.83863 1.5583549 27.14854 1.2961015701293945 0.28196024894714355
Cyclist 0.0 0 0.5833079218864441 105.7682876586914 117.3085708618164 215.26556396484375 252.1271514892578 1.1482024 1.8129019 0.5977848 -6.1974874 0.9648398 9.813009 0.020006418228149414 0.19415287673473358
Car 0.0 0 1.130642294883728 459.66632080078125 171.8137664794922 529.7989501953125 206.70596313476562 3.923518 1.47728 1.6090168 -5.0689754 1.1109984 32.004944 0.9735660552978516 0.8505785465240479
Car 0.0 0 2.046593189239502 83.32254028320312 186.70570373535156 227.3862762451172 251.734619140625 4.4758453 1.6720066 1.7214857 -13.1031 1.8773729 20.915571 1.4869333505630493 0.7574406862258911
Car 0.0 0 -0.7847415804862976 0.0 208.92483520507812 293.44415283203125 370.0 3.9903026 1.4227606 1.5955464 -3.2340553 1.6398345 3.3434136 -1.553515076637268 0.7367638945579529
Car 0.0 0 -0.6214379072189331 1175.4510498046875 146.93753051757812 1224.0 197.53509521484375 3.8968325 1.5372356 1.6145624 20.817844 0.51911277 22.519693 0.1247107982635498 0.45757174491882324
