Pedestrian 0.0 0 -1.6117849349975586 1049.1412353515625 148.79949951171875 1080.9725341796875 224.2533416748047 1.0237349 1.8299054 0.6309674 11.352988 1.2468941 18.096928 -1.0515022277832031 0.22560837864875793
Pedestrian 0.0 0 -1.3513765335083008 663.874755859375 174.6193084716797 694.5641479492188 239.53475952148438 1.2805493 1.7315662 0.58401275 1.8804821 1.7825265 19.980803 -1.2575384378433228 0.22188280522823334
Pedestrian 0.0 0 1.3579885959625244 1142.7640380859375 129.18618774414062 1203.7584228515625 239.5294647216797 0.78770626 1.8307799 0.677333 9.663489 1.1066155 12.470247 2.0172510147094727 0.20405828952789307
Pedestrian 0.0 0 -2.393909215927124 237.98486328125 186.73489379882812 272.44073486328125 227.118408203125 1.2691953 1.7246829 0.6240612 -15.588356 2.3426924 31.622883 -2.8518972396850586 0.15636691451072693
Pedestrian 0.0 0 2.982597589492798 668.8919067382812 150.111328125 731.6427612304688 224.76380920410156 1.4906629 1.8426149 0.5734353 2.2073812 1.2816254 18.12132 3.103811740875244 0.1460074931383133
Pedestrian 0.0 0 -0.9818812012672424 107.31045532226562 143.75599670410156 155.20468139648438 203.156494140625 1.5160401 1.8141943 0.50530785 -15.145768 0.92584896 22.7929 -1.5683788061141968 0.1252291202545166
Pedestrian 0.0 0 -2.1798877716064453 689.8622436523438 163.9548797607422 744.7678833007812 233.74647521972656 1.7110704 1.7734017 0.5650057 2.7870655 1.5476336 19.222862 -2.0359041690826416 0.11053542792797089
Cyclist 0.0 0 -2.5436058044433594 691.0925903320312 163.41567993164062 773.616943359375 246.26902770996094 1.8337697 1.795231 0.60507643 2.7221146 1.5910833 16.482933 -2.3799357414245605 0.4829951226711273
Cyclist 0.0 0 -2.1329524517059326 688.4141845703125 162.81748962402344 744.2576293945312 233.63153076171875 1.8583814 1.7960129 0.5657165 2.7625132 1.5418211 19.26098 -1.9904985427856445 0.40956297516822815
Cyclist 0.0 0 -1.4719995260238647 665.154052734375 175.50892639160156 691.2513427734375 240.915771484375 1.6184393 1.7258029 0.5652085 1.8519913 1.8027083 19.952557 -1.37944495677948 0.3135518729686737
Cyclist 0.0 0 -2.3159191608428955 233.78636169433594 186.60821533203125 274.29351806640625 227.81480407714844 1.6628734 1.7494434 0.630772 -15.640301 2.363859 31.618078 -2.7752883434295654 0.3056618571281433
Cyclist 0.0 0 2.982597589492798 668.8919067382812 150.111328125 731.6427612304688 224.76380920410156 1.4906629 1.8426149 0.5734353 2.2073812 1.2816254 18.12132 3.103811740875244 0.26196497678756714
Cyclist 0.0 0 -0.9818812012672424 107.31045532226562 143.75599670410156 155.20468139648438 203.156494140625 1.5160401 1.8141943 0.50530785 -15.145768 0.92584896 22.7929 -1.5683788061141968 0.21839755773544312
Car 0.0 0 2.205216407775879 0.0 198.39671325683594 165.06289672851562 276.6189270019531 3.73378 1.488812 1.5722063 -12.358805 2.1507149 16.817345 1.5714596509933472 0.8833611607551575
Car 0.0 0 -1.3192498683929443 308.66241455078125 177.7338409423828 499.7106018066406 312.35064697265625 4.14002 1.5564778 1.6454182 -2.7932613 1.642351 10.566002 -1.5777003765106201 0.857701301574707
Car 0.0 0 1.6348044872283936 588.6657104492188 175.14352416992188 616.8483276367188 199.76805114746094 3.6978564 1.5163329 1.5914887 -0.46462873 1.6707795 46.668728 1.6248489618301392 0.32003816962242126
Car 0.0 0 1.7617840766906738 458.6916198730469 182.7367706298828 488.4825134277344 203.36781311035156 3.758776 1.463455 1.5420349 -10.360968 2.241123 54.865726 1.5751397609710693 0.2907436192035675
