Pedestrian 0.0 0 -1.837787389755249 1118.2901611328125 144.4304962158203 1160.581298828125 220.83258056640625 0.86464566 1.7670314 0.60394794 12.555778 1.1100092 17.196482 -1.207120656967163 0.3007035255432129
Pedestrian 0.0 0 -0.46278610825538635 979.66015625 154.65943908691406 1006.01513671875 195.08460998535156 0.97926366 1.9536774 0.5782986 18.617645 1.0747242 35.168766 0.024088382720947266 0.18980614840984344
Pedestrian 0.0 0 -2.765019655227661 626.6969604492188 176.30284118652344 640.99609375 202.15904235839844 0.82602483 1.7988513 0.64724374 1.6508223 2.0441453 50.77982 -2.7325217723846436 0.1375935673713684
Cyclist 0.0 0 -0.8610793352127075 0.0 190.32827758789062 33.78501510620117 231.1637420654297 1.7282183 1.756617 0.38890573 -27.009668 2.5686686 32.64566 -1.552281141281128 0.2096928209066391
Cyclist 0.0 0 -1.8563826084136963 1116.5369873046875 145.1125030517578 1161.343505859375 221.89584350585938 1.0446379 1.7708871 0.5899937 12.564933 1.1314311 17.229649 -1.2262862920761108 0.11178445816040039
Car 0.0 0 1.4864312410354614 573.1800537109375 180.7906036376953 604.2588500976562 206.25711059570312 4.0465655 1.5168056 1.653853 -1.4410194 2.0506158 46.389782 1.4553779363632202 0.5323559641838074
Car 0.0 0 1.7840182781219482 428.6836242675781 181.30453491210938 479.35736083984375 216.27536010742188 3.8357701 1.5421867 1.6038707 -7.4651933 1.9710119 34.66259 1.571890950202942 0.21241112053394318
Car 0.0 0 1.5967830419540405 488.98419189453125 186.13528442382812 513.9286499023438 209.96047973632812 3.9095974 1.5165231 1.6185488 -7.5517807 2.4791934 50.237797 1.4475795030593872 0.19120992720127106
Car 0.0 0 1.22220778465271 644.1232299804688 175.5791015625 677.2876586914062 195.62142944335938 3.524903 1.542862 1.5420645 4.015261 1.7693589 57.96663 1.2913658618927002 0.13943742215633392
Car 0.0 0 1.6566550731658936 499.08154296875 184.9142303466797 524.3768920898438 205.85430908203125 3.7937675 1.4652845 1.5807599 -7.435774 2.411423 54.647743 1.5214182138442993 0.1225028783082962
