Pedestrian 0.0 0 0.8478450179100037 0.0 175.5089569091797 44.17116928100586 258.2546691894531 0.78754604 1.8069308 0.65322214 -13.371129 1.8681828 16.162283 0.1566753387451172 0.24839897453784943
Pedestrian 0.0 0 -1.447792410850525 386.1639404296875 165.91339111328125 402.324462890625 206.406005859375 0.75423723 1.8433802 0.6273129 -9.983716 1.5277748 33.26883 -1.7393337488174438 0.2079014629125595
Pedestrian 0.0 0 -1.48830246925354 379.4607238769531 162.2738494873047 394.04791259765625 201.7465057373047 0.6849435 1.8730232 0.6157105 -10.751993 1.3713405 34.63611 -1.7892979383468628 0.14251230657100677
Pedestrian 0.0 0 2.888157844543457 735.9208374023438 169.27679443359375 763.8442993164062 224.7606201171875 0.78700495 1.8157792 0.58318484 4.5887475 1.6990685 23.926643 3.077641010284424 0.11118798702955246
Cyclist 0.0 0 -1.180478811264038 458.2321472167969 170.63095092773438 472.7063293457031 193.9932098388672 1.7182549 1.756418 0.467262 -11.06212 1.5896422 55.13175 -1.3784981966018677 0.1350693553686142
Cyclist 0.0 0 1.8768646717071533 184.3928680419922 146.86285400390625 217.43185424804688 203.04750061035156 1.5402601 1.7943219 0.51172954 -13.54882 0.96462274 23.846998 1.3601888418197632 0.11836381256580353
Car 0.0 0 1.671071171760559 458.2547607421875 184.03900146484375 514.6141357421875 229.34190368652344 4.093776 1.4611083 1.6283001 -4.483599 1.903287 26.401405 1.5028518438339233 0.8570041656494141
Car 0.0 0 3.111387252807617 205.819091796875 186.69651794433594 394.4455261230469 256.9241027832031 4.2950487 1.5865676 1.7294487 -7.96847 1.9771669 18.650919 2.707618474960327 0.8366208076477051
Car 0.0 0 0.876299262046814 982.9520874023438 110.6507797241211 1242.0 375.0 3.984501 1.5799434 1.6088448 4.7109504 1.2633574 5.6667075 1.5698589086532593 0.1661449819803238
Car 0.0 0 -2.1105940341949463 554.6365356445312 163.67958068847656 606.0078735351562 193.25042724609375 4.448607 2.1378083 1.8501654 -2.3174458 1.4749062 54.526943 -2.153069496154785 0.12889887392520905
