Pedestrian 0.0 0 -0.8622732758522034 873.483642578125 167.7925262451172 923.2150268554688 221.823486328125 1.7653611 1.8139656 0.58373487 9.989855 1.2301542 24.796186 -0.4792877435684204 0.11866511404514313
Cyclist 0.0 0 -0.8622732758522034 873.483642578125 167.7925262451172 923.2150268554688 221.823486328125 1.7653611 1.8139656 0.58373487 9.989855 1.2301542 24.796186 -0.4792877435684204 0.3425807058811188
Car 0.0 0 -1.4864091873168945 711.2557373046875 179.13278198242188 769.07568359375 229.10263061523438 3.8714538 1.5962936 1.6598475 4.6400647 1.4031053 25.046427 -1.303227424621582 0.8572799563407898
Car 0.0 0 2.153876304626465 0.0 213.02723693847656 105.51121520996094 349.220703125 3.7034354 1.4133934 1.5720638 -9.04948 1.8843565 10.195408 1.427952527999878 0.719847559928894
Car 0.0 0 -1.3129870891571045 119.07481384277344 197.26962280273438 180.46131896972656 231.50369262695312 3.7187173 1.5292269 1.6675036 -22.602173 2.1606135 35.557842 -1.8792048692703247 0.7194397449493408
Car 0.0 0 2.04447603225708 0.0 208.63169860839844 107.43382263183594 280.6767578125 3.8623862 1.4843494 1.6279612 -14.554307 2.1452975 18.197355 1.3698549270629883 0.6770682334899902
Car 0.0 0 1.7557971477508545 791.7718505859375 178.39755249023438 825.225341796875 199.1800537109375 4.095485 1.4430885 1.6109046 14.566834 0.9707843 52.104847 2.028404951095581 0.501442015171051
Car 0.0 0 -1.3747761249542236 350.8317565917969 182.67674255371094 385.11376953125 205.01022338867188 3.6146178 1.5055082 1.6060972 -16.770853 1.3354883 50.348183 -1.6963144540786743 0.44898781180381775
Car 0.0 0 2.275989294052124 364.62969970703125 176.7349395751953 412.3958740234375 196.7565460205078 3.9051754 1.5965058 1.6384636 -18.092752 0.92138916 59.43456 1.98048734664917 0.3613702356815338
Car 0.0 0 2.1025943756103516 0.0 187.82386779785156 111.53598022460938 232.8378143310547 3.991201 1.5093249 1.6530335 -20.292051 1.6138921 26.422832 1.4476888179779053 0.35690465569496155
