Pedestrian 0.0 0 -2.1041793823242188 1051.4364013671875 150.56854248046875 1112.0782470703125 238.58203125 1.0021144 1.8257682 0.6705439 10.050811 1.3638322 15.479814 -1.5283069610595703 0.6743460893630981
Pedestrian 0.0 0 -2.2997188568115234 135.19918823242188 167.96099853515625 179.57247924804688 244.53684997558594 0.684883 1.8140916 0.60936767 -11.008576 1.6985339 17.477976 -2.8618011474609375 0.15751726925373077
Pedestrian 0.0 0 -1.2902657985687256 537.0396728515625 183.01531982421875 559.0216064453125 228.19935607910156 1.1006643 1.6796741 0.5591672 -2.4131272 2.0782568 27.680664 -1.377223253250122 0.1516895443201065
Pedestrian 0.0 0 1.8633428812026978 971.5430297851562 110.55693817138672 1044.2587890625 255.39710998535156 0.69699687 1.8667164 0.6944993 5.3454847 1.0641826 9.788463 2.363187313079834 0.12648527324199677
Pedestrian 0.0 0 -1.5046260356903076 6.573847770690918 169.65296936035156 58.54381561279297 268.7841491699219 0.7507756 1.813463 0.72478604 -11.008777 1.7552627 13.712069 -2.1811041831970215 0.11030278354883194
Pedestrian 0.0 0 -1.4991780519485474 656.486328125 176.3968048095703 684.4095458984375 249.8856964111328 1.0498718 1.7979075 0.6339557 1.4913687 1.8907778 18.271498 -1.4177359342575073 0.10255976766347885
Cyclist 0.0 0 -2.11651349067688 1051.23486328125 150.36119079589844 1112.3436279296875 239.1963653564453 1.0146704 1.841167 0.6643355 10.043973 1.3753468 15.468721 -1.5406244993209839 0.15552115440368652
Cyclist 0.0 0 -1.2902657985687256 537.0396728515625 183.01531982421875 559.0216064453125 228.19935607910156 1.1006643 1.6796741 0.5591672 -2.4131272 2.0782568 27.680664 -1.377223253250122 0.11939392983913422
Cyclist 0.0 0 -1.2845715284347534 654.3924560546875 175.60079956054688 681.5139770507812 222.2736053466797 1.6790043 1.6755055 0.5586789 2.1292472 1.7815969 26.887651 -1.2055459022521973 0.10310474038124084
Car 0.0 0 1.60242760181427 677.5874633789062 174.22833251953125 704.5082397460938 200.20462036132812 3.8347871 1.5928742 1.6045045 5.221647 1.685578 46.46757 1.7143299579620361 0.17600950598716736
Car 0.0 0 2.370466947555542 224.0823211669922 183.7900390625 287.9516296386719 208.6795196533203 3.772443 1.5238752 1.5947564 -23.521265 2.2830112 48.01529 1.914955973625183 0.1568639874458313
Car 0.0 0 1.3178863525390625 940.7732543945312 166.0853729248047 991.6854248046875 194.9579620361328 3.972227 1.5504274 1.6333493 20.061617 1.1873174 40.853256 1.7743607759475708 0.11889760941267014
Car 0.0 0 1.6414666175842285 315.7550048828125 184.15499877929688 350.0019226074219 212.96817016601562 4.003058 1.5621632 1.625994 -16.481825 2.269059 42.956196 1.2750998735427856 0.10522790998220444
