Pedestrian 0.0 0 -2.5197415351867676 298.9243469238281 167.25331115722656 329.1702575683594 222.83242797851562 0.69227105 1.8068159 0.62184834 -9.818366 1.6251018 23.835594 -2.9104816913604736 0.2599591016769409
Pedestrian 0.0 0 -1.3787569999694824 262.7467956542969 157.8424072265625 282.948974609375 201.30184936523438 0.82121307 1.8855374 0.6628227 -14.885259 1.2346004 31.780937 -1.8167824745178223 0.23622332513332367
Cyclist 0.0 0 -3.4281487464904785 826.8042602539062 178.62977600097656 908.3174438476562 245.5538330078125 1.8160368 1.659527 0.7553212 6.4920855 1.8105009 18.387817 -3.0887465476989746 0.376077264547348
Cyclist 0.0 0 -0.9680719971656799 126.3229751586914 154.9937744140625 163.29290771484375 197.7359161376953 1.6340815 1.8215433 0.52767175 -20.376509 1.0607512 31.571531 -1.5412120819091797 0.243277445435524
Cyclist 0.0 0 -0.4297812581062317 761.9066772460938 159.2693634033203 819.1375122070312 211.1394805908203 1.820417 1.7498517 0.6105614 6.1573377 1.2919288 24.807268 -0.18649081885814667 0.21582752466201782
Cyclist 0.0 0 -2.7460973262786865 499.314697265625 166.12020874023438 544.723876953125 207.20074462890625 1.8362571 1.7298355 0.616255 -3.8104916 1.4466443 30.924225 -2.868699550628662 0.2078799158334732
Car 0.0 0 2.5633630752563477 946.2716064453125 175.25526428222656 1148.8902587890625 244.46157836914062 3.5399625 1.432988 1.5413256 9.45735 1.488856 15.836388 3.101714611053467 0.8235311508178711
Car 0.0 0 1.3834259510040283 113.94679260253906 188.4356231689453 199.99790954589844 240.80984497070312 4.221727 1.4853169 1.6341218 -15.055237 2.0452712 23.810032 0.8195898532867432 0.5118720531463623
Car 0.0 0 -1.1728260517120361 1149.71875 177.2828369140625 1242.0 248.42884826660156 3.6659129 1.4314889 1.5570676 13.98113 1.5406878 16.216331 -0.46131259202957153 0.5099433660507202
Car 0.0 0 3.870872735977173 0.0 189.16151428222656 81.60433197021484 277.7384948730469 3.8606374 1.6129562 1.6666912 -13.076097 1.9560299 14.305991 3.1303603649139404 0.3268815875053406
