Pedestrian 0.0 0 -1.5397541522979736 829.7103271484375 143.9052276611328 862.3944091796875 226.87750244140625 0.79041976 1.8183525 0.6796675 5.2883234 1.1842928 16.296705 -1.2259721755981445 0.3531605303287506
Pedestrian 0.0 0 -1.6086548566818237 798.7510375976562 147.91946411132812 832.0621948242188 228.00979614257812 0.811327 1.8096873 0.7117872 4.7166386 1.246635 16.77849 -1.3346151113510132 0.313251793384552
Cyclist 0.0 0 -0.26351475715637207 735.833740234375 175.13064575195312 772.6218872070312 207.49972534179688 1.8512297 1.756535 0.746528 7.882203 1.8833728 39.647877 -0.06726835668087006 0.3321084976196289
Cyclist 0.0 0 -1.5654773712158203 827.7755126953125 145.72950744628906 860.19140625 228.37109375 0.9893836 1.8078032 0.67891395 5.2539363 1.2148068 16.356764 -1.2546782493591309 0.11711248755455017
Car 0.0 0 -2.1195755004882812 798.6318359375 178.98081970214844 1205.3746337890625 375.0 3.3353515 1.4628898 1.5191184 2.9664054 1.5322058 6.375435 -1.6840821504592896 0.9334744811058044
Car 0.0 0 -1.8638454675674438 734.0994262695312 179.68740844726562 888.7376708984375 279.6564025878906 3.3845847 1.3979137 1.5222394 3.1318905 1.5286407 12.042471 -1.6094114780426025 0.8933506608009338
Car 0.0 0 1.976353645324707 158.51028442382812 193.93211364746094 339.3304138183594 299.3514404296875 3.440904 1.4365153 1.4912676 -5.981621 1.8470635 12.28477 1.5232298374176025 0.883979856967926
Car 0.0 0 2.2625715732574463 0.0 201.7201385498047 205.33689880371094 375.0 3.651121 1.4742287 1.5425446 -5.9209356 1.8376226 7.2412767 1.5771520137786865 0.8608975410461426
Car 0.0 0 -2.773573398590088 325.67169189453125 179.0315399169922 419.49615478515625 210.65785217285156 4.201174 1.548545 1.6897755 -12.048798 1.8708156 36.647057 -3.091219902038574 0.7774116396903992
Car 0.0 0 1.7970778942108154 245.68133544921875 186.1592254638672 284.9209899902344 211.76632690429688 3.391439 1.4789406 1.5055661 -21.662642 2.3496745 45.378643 1.3516933917999268 0.3289659023284912
Car 0.0 0 -2.3687427043914795 0.0 180.06204223632812 193.97103881835938 249.1382598876953 3.6308246 1.4631466 1.5622433 -11.791732 1.63935 16.54971 -2.987811326980591 0.27814120054244995
