Pedestrian 0.0 0 1.5611214637756348 874.3571166992188 137.75511169433594 901.88623046875 214.77578735351562 0.8153243 1.8784376 0.6303007 6.9161124 1.0227778 18.086525 1.9263556003570557 0.21106436848640442
Pedestrian 0.0 0 -1.4606375694274902 359.8299865722656 180.20355224609375 389.1168518066406 249.08644104003906 1.6474204 1.683661 0.54650754 -6.129295 1.8830999 18.67962 -1.7776955366134644 0.13155542314052582
Cyclist 0.0 0 -1.5535320043563843 701.0469360351562 172.62904357910156 728.8277587890625 252.24024963378906 1.9961188 1.7847159 0.61818963 2.4674406 1.780031 17.207125 -1.4111064672470093 0.8511186838150024
Cyclist 0.0 0 -2.7709829807281494 365.9229736328125 185.3252716064453 432.2359619140625 239.8451385498047 1.9324683 1.7248974 0.74914867 -6.8991446 2.1391551 23.488657 -3.056670665740967 0.41447460651397705
Cyclist 0.0 0 -1.4606375694274902 359.8299865722656 180.20355224609375 389.1168518066406 249.08644104003906 1.6474204 1.683661 0.54650754 -6.129295 1.8830999 18.67962 -1.7776955366134644 0.32197463512420654
Car 0.0 0 2.0409791469573975 89.68458557128906 192.12179565429688 400.9956970214844 355.0819396972656 4.346303 1.4826272 1.6849387 -4.2871304 1.7898736 9.286241 1.6084672212600708 0.9044374823570251
Car 0.0 0 1.8145612478256226 506.389892578125 182.70199584960938 574.8343505859375 230.15208435058594 3.6267443 1.4982754 1.5755314 -2.4157367 1.8725622 25.483719 1.720048427581787 0.8947004675865173
Car 0.0 0 1.8369319438934326 627.064453125 179.5677490234375 664.3165283203125 204.1749725341797 3.7364423 1.5589875 1.5931051 2.4252942 2.0326176 48.83743 1.8865517377853394 0.6040319800376892
Car 0.0 0 1.4076769351959229 757.080322265625 173.53465270996094 785.4805908203125 191.9559783935547 4.1705575 1.4676656 1.6338857 13.295053 1.5264142 59.7685 1.6265558004379272 0.2444618046283722
Car 0.0 0 1.74790620803833 534.5703125 176.93862915039062 569.6436157226562 202.1205291748047 3.7119734 1.5030563 1.5823331 -3.6489377 1.7725338 45.612595 1.6680777072906494 0.18110808730125427
