Pedestrian 0.0 0 -0.34645938873291016 1147.4853515625 120.24836730957031 1201.51025390625 203.6572723388672 0.8250491 1.8705271 0.5928631 12.914876 0.6911519 16.588121 0.31507205963134766 0.2233835756778717
Pedestrian 0.0 0 2.517601251602173 219.75979614257812 184.7041473388672 261.2495422363281 228.93797302246094 1.3821816 1.7099165 0.62670726 -14.907969 2.199925 29.053339 2.0435094833374023 0.13416220247745514
Pedestrian 0.0 0 2.288937568664551 0.0 195.0398406982422 19.60244369506836 238.36741638183594 0.773213 1.7494166 0.656859 -25.176752 2.6820743 29.925247 1.589503526687622 0.12429919838905334
Cyclist 0.0 0 3.170438528060913 256.2826232910156 182.4204864501953 300.3830261230469 223.5812530517578 1.7932576 1.8055166 0.61238444 -14.995408 2.246195 32.57474 2.739020347595215 0.7850974202156067
Cyclist 0.0 0 3.38864803314209 210.8977813720703 185.44931030273438 261.6346130371094 228.81346130371094 1.6913818 1.6905338 0.6931571 -15.028475 2.2058556 28.9662 2.9100518226623535 0.37132659554481506
Car 0.0 0 -1.6137819290161133 591.3081665039062 174.2135009765625 623.7042846679688 202.584716796875 4.0726204 1.5091172 1.6414486 -0.2202912 1.5899781 40.649544 -1.6192011833190918 0.5167620778083801
Car 0.0 0 1.799584984779358 390.8091125488281 170.44602966308594 460.9111633300781 214.53839111328125 4.181096 1.5281675 1.6419537 -6.8603907 1.4450697 27.110376 1.5517339706420898 0.2693174183368683
Car 0.0 0 1.6104949712753296 152.2032012939453 178.5614471435547 182.83204650878906 202.7994842529297 4.003801 1.5325091 1.6085662 -29.891832 1.9355555 48.765663 1.060594081878662 0.16038256883621216
Car 0.0 0 -1.2854989767074585 252.38697814941406 185.66336059570312 371.61224365234375 259.22137451171875 3.7534597 1.4583154 1.5775431 -6.8806057 1.793774 16.92654 -1.671594500541687 0.14615699648857117
Car 0.0 0 2.241095542907715 1001.3225708007812 157.41427612304688 1064.416748046875 178.44805908203125 4.4028997 1.5072178 1.63862 31.190716 0.4012108 53.261703 2.7708687782287598 0.1350773721933365
Car 0.0 0 2.2209548950195312 292.3173828125 183.91915893554688 365.4497985839844 216.3625946044922 3.8698034 1.5645379 1.6003808 -14.8734045 2.1840765 38.29221 1.850472331047058 0.12767057120800018
