Pedestrian 0.0 0 1.6339768171310425 734.0164184570312 164.04115295410156 761.08642578125 232.76226806640625 0.95502627 1.8369241 0.6741839 3.7402318 1.6017134 19.830025 1.8204013109207153 0.6760111451148987
Pedestrian 0.0 0 1.5594650506973267 996.468017578125 138.6792449951172 1026.92333984375 220.3627166748047 0.86176485 1.8236444 0.59922487 9.198614 1.0610257 16.627546 2.0647735595703125 0.3602554202079773
Cyclist 0.0 0 -1.6763973236083984 776.8041381835938 162.90533447265625 803.7383422851562 230.11595153808594 1.8508387 1.8225751 0.5446926 5.0616727 1.5531516 20.5173 -1.434524416923523 0.35807520151138306
Cyclist 0.0 0 1.6339768171310425 734.0164184570312 164.04115295410156 761.08642578125 232.76226806640625 0.95502627 1.8369241 0.6741839 3.7402318 1.6017134 19.830025 1.8204013109207153 0.1134890764951706
Car 0.0 0 1.7366019487380981 342.0856018066406 184.7471160888672 448.7809143066406 265.3310241699219 3.700449 1.4113559 1.5388786 -4.408509 1.6929423 15.131164 1.4530969858169556 0.8922619819641113
Car 0.0 0 2.6659016609191895 618.210205078125 173.78857421875 697.6434936523438 201.04505920410156 4.4766574 1.5703776 1.7123789 2.8528824 1.629075 43.361008 2.731600761413574 0.7461273074150085
Car 0.0 0 2.4577150344848633 497.6167907714844 176.03526306152344 576.12255859375 205.67034912109375 4.218495 1.5362817 1.6670843 -4.0336456 1.7218678 39.928436 2.357034683227539 0.6084856986999512
Car 0.0 0 3.6384494304656982 110.87944030761719 181.34283447265625 222.94532775878906 217.2845458984375 3.9200864 1.5214983 1.6292515 -19.5558 1.9079021 31.892841 3.0884008407592773 0.46507900953292847
Car 0.0 0 1.1504727602005005 346.27960205078125 183.30870056152344 441.7862854003906 232.58428955078125 4.2639084 1.5530142 1.6633695 -7.8398085 1.9585676 25.80719 0.8555481433868408 0.2900019884109497
Car 0.0 0 -1.6481609344482422 106.6841049194336 186.8211212158203 185.53358459472656 246.90786743164062 3.7228925 1.4770442 1.5982286 -13.354945 1.9144678 20.611574 -2.2230825424194336 0.2711978554725647
