Pedestrian 0.0 0 1.1159638166427612 621.0036010742188 156.07723999023438 665.9791870117188 239.26602172851562 0.9717991 1.8165354 0.65324897 0.905866 1.2626193 16.25781 1.1716251373291016 0.7391670942306519
Pedestrian 0.0 0 -1.0006434917449951 0.0 169.12677001953125 115.45893096923828 374.0 0.718375 1.5811206 0.60920185 -4.2574697 1.4955993 5.4302735 -1.6655672788619995 0.6072916984558105
Pedestrian 0.0 0 -1.8125840425491333 325.6835632324219 161.60389709472656 352.2619934082031 217.81869506835938 0.7766759 1.8041842 0.6506527 -8.635739 1.1667272 23.555819 -2.1639766693115234 0.4525562524795532
Pedestrian 0.0 0 2.0043721199035645 549.0028686523438 161.48048400878906 602.13427734375 259.94451904296875 0.87170976 1.7618473 0.68908507 -0.5124035 1.404903 13.385696 1.9661109447479248 0.4141921103000641
Pedestrian 0.0 0 -2.5376503467559814 1009.6073608398438 137.0929718017578 1073.4150390625 238.15115356445312 0.7214507 1.7617586 0.6870975 7.9102306 0.98888254 12.989637 -1.9906651973724365 0.31565964221954346
Pedestrian 0.0 0 0.40888452529907227 499.4547119140625 161.5585174560547 537.2145385742188 226.06124877929688 0.8764891 1.7599376 0.60805744 -2.3419514 1.2169973 20.014387 0.2924008369445801 0.2663911283016205
Pedestrian 0.0 0 -1.6564784049987793 563.7225341796875 188.18789672851562 631.4443969726562 308.19268798828125 0.89931893 1.6341417 0.89370036 -0.11915501 1.736168 10.324699 -1.6680186986923218 0.24375228583812714
Pedestrian 0.0 0 -2.244682550430298 51.04258346557617 174.93072509765625 133.1586151123047 311.5860900878906 0.5506419 1.6297121 0.6282108 -6.375637 1.5527127 8.941551 -2.864103317260742 0.23548069596290588
Pedestrian 0.0 0 -2.7816457748413086 421.6541748046875 165.73245239257812 438.0841369628906 197.96527099609375 0.75844544 1.8647294 0.63439274 -10.007595 0.9533305 41.91664 -3.0160083770751953 0.22090019285678864
Pedestrian 0.0 0 1.4036611318588257 640.0538330078125 141.23464965820312 668.9017944335938 217.58078002929688 0.7643225 1.8308243 0.5847248 1.2609822 0.8664349 17.631832 1.4750568866729736 0.19476155936717987
Pedestrian 0.0 0 -2.570742607116699 512.7650146484375 172.2413787841797 549.1253051757812 239.16647338867188 0.7106784 1.7126945 0.6503394 -1.8772835 1.4769325 18.831537 -2.670102596282959 0.19450543820858002
Pedestrian 0.0 0 1.4117525815963745 609.7477416992188 139.1153564453125 630.6246337890625 191.5187225341797 1.519261 1.8110447 0.5059692 0.6356466 0.34731206 25.609484 1.436568260192871 0.16937831044197083
Pedestrian 0.0 0 -1.8267055749893188 709.8760375976562 159.28880310058594 763.4490356445312 254.5149383544922 1.4569416 1.7156695 0.64811856 2.511638 1.3167648 13.690037 -1.6452587842941284 0.12998221814632416
Cyclist 0.0 0 1.5753118991851807 313.80010986328125 159.1656036376953 371.8890380859375 310.32421875 1.7460406 1.6841176 0.6171739 -3.2580266 1.4366348 8.926576 1.2253541946411133 0.8169196248054504
Cyclist 0.0 0 1.4117525815963745 609.7477416992188 139.1153564453125 630.6246337890625 191.5187225341797 1.519261 1.8110447 0.5059692 0.6356466 0.34731206 25.609484 1.436568260192871 0.36721140146255493
Cyclist 0.0 0 -1.8267055749893188 709.8760375976562 159.28880310058594 763.4490356445312 254.5149383544922 1.4569416 1.7156695 0.64811856 2.511638 1.3167648 13.690037 -1.6452587842941284 0.22149629890918732
Cyclist 0.0 0 -1.3621811866760254 0.0 181.9701385498047 36.707767486572266 254.01461791992188 1.6747868 1.6104554 0.57329905 -13.911041 1.623305 16.941187 -2.0496785640716553 0.20888200402259827
Cyclist 0.0 0 -0.06686554849147797 449.3284912109375 160.88018798828125 498.11883544921875 211.47975158691406 1.7276905 1.8233833 0.5962033 -4.7147408 1.0813869 26.380735 -0.2437174767255783 0.19564488530158997
Cyclist 0.0 0 1.1578271389007568 620.9728393554688 155.11521911621094 664.819580078125 237.61572265625 0.9715562 1.8095002 0.6574493 0.8959209 1.2320194 16.322954 1.212659239768982 0.11826734244823456
Car 0.0 0 1.9085520505905151 57.79658889770508 183.35086059570312 327.1191101074219 333.6776428222656 4.2410774 1.482925 1.6391518 -4.9588566 1.5140508 9.356805 1.4212143421173096 0.8623086810112
