Pedestrian 0.0 0 -1.9467041492462158 949.6150512695312 173.22012329101562 1086.3748779296875 374.0 0.7966976 1.6532675 0.6697968 3.1552408 1.5951706 5.5997205 -1.4335827827453613 0.5259656310081482
Pedestrian 0.0 0 -1.4315242767333984 155.2213592529297 176.0207061767578 181.24749755859375 233.0015869140625 0.78973216 1.7335161 0.590646 -13.486706 1.5679394 22.330305 -1.974853515625 0.4332261085510254
Pedestrian 0.0 0 -1.6975986957550049 754.9352416992188 162.45062255859375 771.4871215820312 203.0234832763672 0.8156158 1.8414274 0.6431086 7.423887 0.97779405 33.035786 -1.4765483140945435 0.2343357354402542
Pedestrian 0.0 0 2.1196250915527344 1144.4677734375 94.38990783691406 1238.0 297.988525390625 0.6781479 1.8250784 0.6502638 5.7093863 1.0455949 6.8535104 2.814202070236206 0.22880297899246216
Pedestrian 0.0 0 1.6957333087921143 179.77052307128906 157.578369140625 209.20828247070312 221.10464477539062 0.80682117 1.8669546 0.6771406 -12.26202 1.16506 21.610348 1.1796185970306396 0.20729930698871613
Pedestrian 0.0 0 -2.188286781311035 1124.1927490234375 151.9739227294922 1160.6827392578125 208.15638732910156 0.7617158 1.7720411 0.6045923 17.320475 0.84186906 23.043161 -1.5437281131744385 0.15470804274082184
Pedestrian 0.0 0 2.6555233001708984 575.9048461914062 132.8142852783203 618.0255737304688 223.03123474121094 0.66856956 1.8668901 0.6541002 -0.13653074 0.8606569 15.308723 2.6466050148010254 0.12070971727371216
Cyclist 0.0 0 -1.6926600933074951 712.4802856445312 164.74032592773438 729.537841796875 211.14425659179688 1.5918416 1.697771 0.44028687 4.4788632 1.0856313 27.083427 -1.5287705659866333 0.15286579728126526
Car 0.0 0 -1.013535976409912 989.36474609375 182.51437377929688 1219.2554931640625 280.2747497558594 3.5652936 1.4754927 1.584694 8.566173 1.4961413 12.299403 -0.40518268942832947 0.7305987477302551
Car 0.0 0 -0.06500482559204102 383.7274169921875 187.9196319580078 605.2340698242188 272.4311218261719 4.1231475 1.5123732 1.6617419 -2.157155 1.6525401 14.293253 -0.21479558944702148 0.15319429337978363
Car 0.0 0 2.0517990589141846 48.343170166015625 158.11915588378906 150.02679443359375 204.9258270263672 3.3642898 1.5308241 1.5476135 -17.559187 0.76723814 25.257053 1.444288969039917 0.12837734818458557
