Car 0.0 0 3.6912949085235596 0.0 181.0727081298828 311.7348327636719 300.771240234375 3.7736151 1.4280696 1.5642414 -6.2126884 1.546752 9.552583 3.114661455154419 0.8333947062492371
Car 0.0 0 -0.5195639133453369 832.6173706054688 191.58726501464844 1048.1478271484375 267.08978271484375 3.7671936 1.4080862 1.5724653 6.683573 1.820454 14.899817 -0.09790194034576416 0.8290454149246216
Car 0.0 0 0.45124635100364685 118.37397766113281 185.1021728515625 389.35308837890625 278.7218322753906 3.7722795 1.4426334 1.5776151 -5.8842096 1.6620823 12.113263 -0.0009492421522736549 0.8160990476608276
Car 0.0 0 0.4567812979221344 266.5167541503906 181.5595703125 461.89398193359375 250.02471923828125 3.9836018 1.4613763 1.6195894 -5.67542 1.6764009 16.728683 0.12970376014709473 0.7966092228889465
Car 0.0 0 -3.781977891921997 961.8314208984375 195.17469787597656 1242.0 371.0856628417969 4.0177536 1.5035539 1.6416706 5.917798 1.7576246 7.296123 -3.1005125045776367 0.7892676591873169
Car 0.0 0 2.909611463546753 712.4974365234375 183.0709686279297 829.7334594726562 228.5599822998047 3.974276 1.6133524 1.6856107 5.8880367 2.0064118 26.855663 3.125443935394287 0.7775604128837585
Car 0.0 0 -0.5132088661193848 797.606201171875 182.2408447265625 979.1895751953125 249.80792236328125 3.7433589 1.4848561 1.5997076 6.5330033 1.7232587 17.223288 -0.15066301822662354 0.6820952296257019
Car 0.0 0 0.4970734417438507 311.8235778808594 184.7522735595703 474.8041687011719 244.3877716064453 3.8422735 1.4433899 1.5803326 -5.7389483 1.7778081 19.0906 0.20505118370056152 0.6770859956741333
Car 0.0 0 3.3265044689178467 329.2353820800781 171.77474975585938 478.30523681640625 226.13926696777344 4.057355 1.5526123 1.6587571 -6.120839 1.5221478 21.61426 3.050544500350952 0.6673107743263245
Car 0.0 0 -1.573941707611084 645.0419921875 182.8297119140625 674.273193359375 210.10447692871094 3.8170116 1.4315563 1.5904678 2.7944796 2.029364 41.254684 -1.5063077211380005 0.5784763693809509
Car 0.0 0 3.3006341457366943 436.6833190917969 180.11447143554688 526.9174194335938 212.81619262695312 4.10366 1.5314835 1.6609398 -6.209928 1.8931111 35.035847 3.125211000442505 0.5366146564483643
Car 0.0 0 -2.8138253688812256 381.8800048828125 181.07241821289062 503.0529479980469 223.127197265625 4.074169 1.4786438 1.6270937 -6.2100477 1.7955357 26.774822 -3.041731834411621 0.46208852529525757
