Pedestrian 0.0 0 -2.578226327896118 1149.83935546875 115.05652618408203 1242.0 304.5431213378906 0.7551257 1.7650733 0.5896486 5.908067 1.227046 7.1692424 -1.8889708518981934 0.19161242246627808
Pedestrian 0.0 0 2.1135940551757812 325.4696350097656 186.11660766601562 347.8834533691406 215.60096740722656 1.5710846 1.7409272 0.5521436 -16.751966 2.5682123 44.163097 1.7510409355163574 0.16559922695159912
Cyclist 0.0 0 -1.7330939769744873 807.9226684570312 136.0157012939453 851.0616455078125 229.19595336914062 1.852822 1.7496251 0.5271975 4.331635 1.0582783 14.497893 -1.4427597522735596 0.4135127365589142
Cyclist 0.0 0 2.1135940551757812 325.4696350097656 186.11660766601562 347.8834533691406 215.60096740722656 1.5710846 1.7409272 0.5521436 -16.751966 2.5682123 44.163097 1.7510409355163574 0.35010066628456116
Cyclist 0.0 0 -0.8003957867622375 910.2352294921875 214.20970153808594 1004.4293823242188 315.424560546875 1.4695021 1.7478244 0.80727583 6.4929237 2.5647025 13.60918 -0.3552364110946655 0.12976595759391785
Cyclist 0.0 0 2.490583658218384 957.4014892578125 195.90338134765625 1069.8551025390625 303.12158203125 1.6509837 1.7919998 0.6901411 7.045254 2.2133617 12.715603 2.9965415000915527 0.1272866278886795
Cyclist 0.0 0 -1.083749532699585 1113.7725830078125 27.18033218383789 1242.0 257.5509033203125 1.680335 1.8243995 0.5930988 5.2056093 0.6711076 6.3076167 -0.3937773108482361 0.12116111069917679
Car 0.0 0 1.755220651626587 440.7342224121094 179.91468811035156 486.9504699707031 210.454345703125 4.261134 1.4975125 1.6641012 -7.7692266 1.8957175 38.511066 1.5561524629592896 0.6527748107910156
Car 0.0 0 1.8344407081604004 269.7019958496094 188.60250854492188 309.992919921875 212.6435546875 3.8316228 1.5101994 1.6091284 -22.150988 2.6455128 49.980415 1.4172616004943848 0.19127584993839264
Car 0.0 0 1.6970609426498413 895.2892456054688 217.94700622558594 1003.9788208007812 313.53936767578125 3.4794054 1.4609109 1.5737544 6.94711 2.4980612 14.697188 2.1386170387268066 0.16948889195919037
Car 0.0 0 0.38469842076301575 290.3415222167969 192.61973571777344 346.885009765625 212.9924774169922 3.7842207 1.5308102 1.6137886 -22.848896 3.1036625 56.591652 0.0009632110595703125 0.13436734676361084
Car 0.0 0 2.5331151485443115 1039.5927734375 188.92349243164062 1099.431884765625 208.5121612548828 3.7806447 1.49843 1.6132342 36.584446 2.7998092 57.529163 3.099534749984741 0.11935863643884659
