Pedestrian 0.0 0 -3.4974238872528076 914.7213745117188 147.0214080810547 1018.1473999023438 299.2243347167969 0.97509193 1.7445792 0.51784015 4.229507 1.3625256 8.410293 -3.031461715698242 0.5996586084365845
Pedestrian 0.0 0 -1.7552812099456787 838.1260375976562 172.97747802734375 871.5489501953125 242.6588134765625 0.7685075 1.7154375 0.6627576 6.255147 1.5318432 17.83163 -1.4179033041000366 0.32046592235565186
Pedestrian 0.0 0 -0.3267858922481537 822.5313720703125 188.25387573242188 867.9375 278.36175537109375 0.6756975 1.7328522 0.6476201 4.6965213 1.8913256 13.972677 -0.0025278255343437195 0.18843674659729004
Pedestrian 0.0 0 -0.3999063968658447 759.3185424804688 135.99551391601562 821.9353637695312 241.6868133544922 0.8855987 1.7922132 0.6205536 3.1902032 1.0391963 12.356377 -0.14724129438400269 0.1426933854818344
Pedestrian 0.0 0 -2.046440601348877 1116.918701171875 189.0545196533203 1224.0 370.0 0.6777128 1.6676005 0.6410366 4.317244 1.7382684 5.296987 -1.3625973463058472 0.14076849818229675
Pedestrian 0.0 0 -1.8028497695922852 841.7119140625 148.56129455566406 892.7257690429688 253.907958984375 1.1546332 1.7768127 0.592277 4.5821433 1.2397724 12.528646 -1.4522279500961304 0.11576303094625473
Cyclist 0.0 0 0.4249528646469116 32.27155303955078 189.39596557617188 113.5968246459961 249.8464813232422 1.7465113 1.6821822 0.67994094 -15.318968 1.9463848 20.346756 -0.22039838135242462 0.280414879322052
Cyclist 0.0 0 -1.3265137672424316 70.73587799072266 154.6839141845703 128.6279296875 250.36456298828125 1.6691544 1.670324 0.4936194 -9.44881 1.2212901 13.205017 -1.9475979804992676 0.18394018709659576
Cyclist 0.0 0 -1.3764218091964722 0.0 181.0106658935547 36.303497314453125 264.2065124511719 1.5226814 1.5913192 0.40465596 -11.966576 1.6038176 14.292932 -2.0734596252441406 0.15393570065498352
Car 0.0 0 2.3709402084350586 0.0 186.40350341796875 122.65205383300781 236.8332977294922 4.1190343 1.5123812 1.6402982 -18.710009 1.731065 23.853552 1.7058027982711792 0.1944700926542282
Car 0.0 0 1.8847384452819824 1143.40478515625 196.9908447265625 1224.0 370.0 3.6121275 1.453569 1.5648512 6.8719044 1.6437576 6.5867147 2.6913235187530518 0.12183500081300735
