Pedestrian 0.0 0 0.48308584094047546 383.8404541015625 152.54437255859375 467.2630615234375 275.9457702636719 1.0640558 1.8472176 0.6920804 -2.8361142 1.4304061 11.037881 0.2315826416015625 0.7384147047996521
Pedestrian 0.0 0 -2.2754478454589844 111.23234558105469 172.54640197753906 169.55316162109375 257.9246826171875 0.7354056 1.630762 0.63371646 -9.175655 1.4804789 13.906877 -2.8586764335632324 0.6059415936470032
Pedestrian 0.0 0 3.8304452896118164 0.0 187.39251708984375 56.848358154296875 273.3420715332031 0.84247303 1.6352648 0.6454507 -11.433711 1.7748445 13.822772 3.1393585205078125 0.5671775937080383
Pedestrian 0.0 0 1.4334391355514526 656.4404296875 151.21641540527344 705.2214965820312 248.87936401367188 0.9881722 1.7563051 0.7739199 1.3582505 1.23133 13.217427 1.5358418226242065 0.45878326892852783
Pedestrian 0.0 0 -2.1992223262786865 87.39381408691406 177.22874450683594 145.0628204345703 257.7830810546875 0.72952193 1.645564 0.7055727 -10.330414 1.5803639 14.891921 -2.8057024478912354 0.43487653136253357
Pedestrian 0.0 0 0.29341423511505127 396.555908203125 160.06553649902344 460.0838623046875 269.1737060546875 0.9105714 1.8060627 0.6184955 -3.0388882 1.4694629 12.028611 0.045953989028930664 0.353548139333725
Pedestrian 0.0 0 -2.7536609172821045 327.86279296875 179.62644958496094 364.5807800292969 247.73211669921875 0.6620803 1.6683233 0.66028595 -6.4933715 1.6485229 17.656664 -3.106066942214966 0.2954506278038025
Pedestrian 0.0 0 -0.12664252519607544 895.954345703125 128.61001586914062 944.2390747070312 230.0066375732422 0.7376898 1.7999873 0.57189095 5.7059712 0.880482 12.925748 0.28907203674316406 0.28689491748809814
Cyclist 0.0 0 0.04850456118583679 319.6485900878906 158.2310028076172 430.3839416503906 253.98985290527344 1.8458828 1.6431584 0.78743625 -4.1544547 1.262684 12.750381 -0.26647770404815674 0.6828727126121521
Cyclist 0.0 0 -0.6772180795669556 1019.9794311523438 147.0345001220703 1079.4134521484375 196.1396942138672 1.8421185 1.7550966 0.6263726 16.121582 0.5605105 25.684368 -0.11669338494539261 0.5767192244529724
Cyclist 0.0 0 -1.420560598373413 937.8948974609375 147.54598999023438 972.1902465820312 208.26502990722656 2.0742075 1.7633085 0.6367283 10.660388 0.80787706 21.56069 -0.9613738059997559 0.554523229598999
Cyclist 0.0 0 3.455941915512085 206.2635040283203 133.3643035888672 318.6936340332031 233.2213592529297 1.7594428 1.7742987 0.59955233 -6.2987437 0.9384162 12.975729 3.0040221214294434 0.4331807792186737
Cyclist 0.0 0 2.1221201419830322 327.04315185546875 177.4792938232422 346.47308349609375 201.53573608398438 1.6017752 1.6082772 0.46770847 -18.235983 1.4076484 48.09485 1.759701132774353 0.40195539593696594
Cyclist 0.0 0 1.4226384162902832 655.0369873046875 150.6763153076172 705.6937866210938 249.5977325439453 1.0376878 1.7734519 0.791363 1.347143 1.2404181 13.207599 1.5242844820022583 0.1585652381181717
Cyclist 0.0 0 0.46251609921455383 382.78497314453125 153.5212860107422 466.5461120605469 275.8312683105469 1.0688288 1.8325483 0.7007015 -2.8501272 1.4299924 11.042635 0.20992660522460938 0.15719455480575562
Cyclist 0.0 0 0.7212960124015808 0.0 188.91793823242188 60.06774139404297 275.4656982421875 0.9718433 1.642159 0.6849011 -11.45853 1.8128276 13.836618 0.029635906219482422 0.1559891551733017
Car 0.0 0 -1.101252794265747 4.920934200286865 191.7015380859375 412.2530517578125 370.0 3.8527045 1.4031798 1.576166 -3.1835644 1.5396514 6.5629606 -1.5528937578201294 0.8855816125869751
Car 0.0 0 -0.563905656337738 1144.3585205078125 150.21644592285156 1224.0 202.93829345703125 4.1218524 1.5502563 1.6462523 19.477295 0.6613511 21.930758 0.16231083869934082 0.5050633549690247
Car 0.0 0 1.5361461639404297 458.74609375 172.02259826660156 484.7744140625 195.73948669433594 3.7830129 1.5079353 1.5624574 -8.881785 0.97027636 46.966576 1.3492445945739746 0.327730268239975
