Pedestrian 0.0 0 -1.6479463577270508 804.52587890625 172.7216796875 827.679443359375 225.75677490234375 0.6798173 1.6872678 0.66845703 6.6190476 1.6834161 23.351665 -1.3717405796051025 0.20139667391777039
Pedestrian 0.0 0 -1.0846772193908691 1073.691162109375 112.84622192382812 1148.065185546875 237.7809600830078 0.7212553 1.7865691 0.6519232 7.419499 0.92881465 10.771165 -0.4814873933792114 0.14405284821987152
Cyclist 0.0 0 -1.7715526819229126 738.2391357421875 175.97434997558594 753.8502197265625 210.93960571289062 1.5686231 1.6419582 0.433224 6.516591 1.7962672 34.80864 -1.586483120918274 0.26034098863601685
Cyclist 0.0 0 -1.8665170669555664 1182.8453369140625 148.3352813720703 1242.0 273.6717529296875 1.7887785 1.6362861 0.5785689 8.820065 1.3165483 10.352616 -1.1608834266662598 0.17570072412490845
Cyclist 0.0 0 -2.2186532020568848 1137.971923828125 100.30302429199219 1225.7696533203125 196.4981231689453 1.568192 1.7860572 0.50369614 11.143747 0.43935892 14.182597 -1.5526717901229858 0.1642739176750183
Car 0.0 0 1.8117280006408691 369.916015625 180.8769989013672 430.1562805175781 216.52883911132812 4.2379055 1.4468247 1.6305224 -9.378479 1.8313583 32.397087 1.5299454927444458 0.707048773765564
Car 0.0 0 1.8815953731536865 456.8054504394531 175.56443786621094 493.9237976074219 197.27398681640625 3.7986164 1.504303 1.5682768 -9.773512 1.7092311 52.472527 1.6974459886550903 0.3261580765247345
Car 0.0 0 1.6234462261199951 588.1826171875 173.31309509277344 615.5624389648438 197.25062561035156 3.8501403 1.5120026 1.6079451 -0.5311679 1.5438967 47.604683 1.6122888326644897 0.2855881452560425
Car 0.0 0 1.8604031801223755 410.6806335449219 179.57875061035156 473.7232360839844 217.6707763671875 3.9027102 1.4927927 1.5859426 -7.1622496 1.8004832 30.97576 1.6331753730773926 0.15991128981113434
Car 0.0 0 1.7932305335998535 367.23291015625 178.17218017578125 441.5684814453125 225.7904510498047 4.209006 1.5051869 1.6248015 -7.1802673 1.708792 25.428083 1.5180203914642334 0.1445639580488205
