Pedestrian 0.0 0 1.2379517555236816 800.3657836914062 168.56561279296875 833.3903198242188 235.92469787597656 0.8970136 1.8290598 0.6213088 5.6934896 1.7129714 20.055048 1.5145668983459473 0.6097607016563416
Pedestrian 0.0 0 -1.6508796215057373 679.3988037109375 175.47418212890625 689.3501586914062 202.01551818847656 0.9731393 1.7632595 0.58854157 4.9682574 1.9416201 48.522438 -1.5488442182540894 0.1885371208190918
Pedestrian 0.0 0 -1.3345551490783691 899.2132568359375 159.65570068359375 929.6016845703125 224.14654541015625 0.7862945 1.8338825 0.6512215 8.826836 1.4589297 21.024754 -0.9370710849761963 0.1652960181236267
Cyclist 0.0 0 -1.658129096031189 679.33154296875 175.29869079589844 689.2933349609375 201.79873657226562 1.0795246 1.7581831 0.5729664 4.9627485 1.9247627 48.51297 -1.556186318397522 0.1163124218583107
Cyclist 0.0 0 -1.909761905670166 799.9984130859375 168.40028381347656 833.68310546875 236.4240264892578 0.953827 1.8444995 0.6157411 5.692292 1.7240928 20.057322 -1.6332318782806396 0.10325705260038376
Car 0.0 0 2.259275197982788 0.0 187.13186645507812 58.89171600341797 271.37530517578125 3.8599095 1.5199041 1.6170524 -14.219511 1.868915 15.649256 1.5217080116271973 0.4418890178203583
Car 0.0 0 2.079319477081299 284.8540954589844 178.68870544433594 326.9056701660156 199.9716796875 3.624532 1.6272857 1.5524541 -24.458357 2.112637 58.086555 1.6807845830917358 0.23399342596530914
Car 0.0 0 2.415573835372925 1030.2474365234375 192.291259765625 1117.2655029296875 223.0126190185547 3.9844973 1.5884949 1.5944228 25.511919 2.6903708 39.790268 2.9857094287872314 0.19392278790473938
Car 0.0 0 1.4827172756195068 948.57763671875 178.20045471191406 984.6212768554688 203.74583435058594 3.9423206 1.4741606 1.651934 21.990362 1.8213354 44.66607 1.9402085542678833 0.18170922994613647
Car 0.0 0 1.2329602241516113 1193.6396484375 187.57159423828125 1242.0 216.02093505859375 3.8453555 1.6134292 1.6994349 38.32812 2.5784073 45.18888 1.9363943338394165 0.16417157649993896
Car 0.0 0 1.2024807929992676 926.1753540039062 187.8205108642578 972.9337158203125 210.0504913330078 3.9589171 1.4462464 1.7152895 24.243456 2.5615351 51.71363 1.6408600807189941 0.15261541306972504
