Pedestrian 0.0 0 -3.278200149536133 809.2953491210938 167.7178497314453 829.948974609375 207.13185119628906 0.7893209 1.7184356 0.67821 9.20747 1.4948597 31.848549 -2.9967715740203857 0.23450778424739838
Pedestrian 0.0 0 1.8588024377822876 1040.688720703125 124.54423522949219 1078.82470703125 201.10850524902344 0.7768606 1.9011636 0.63221806 11.4280205 0.70194435 18.408089 2.414386749267578 0.18972918391227722
Cyclist 0.0 0 -1.84677255153656 1078.3037109375 164.89599609375 1149.1270751953125 260.70294189453125 1.8757038 1.6427853 0.57626253 9.2219095 1.5066886 13.349997 -1.2422614097595215 0.18725742399692535
Cyclist 0.0 0 -3.293612241744995 806.7400512695312 168.0906524658203 832.6070556640625 207.39151000976562 1.0000772 1.7122018 0.7042191 9.20715 1.5050371 31.845833 -3.0121700763702393 0.13093341886997223
Car 0.0 0 1.794609546661377 405.49334716796875 181.7889404296875 456.3879699707031 216.79537963867188 3.7874703 1.5612212 1.599316 -8.672172 2.0193865 35.058975 1.5521175861358643 0.8467647433280945
Car 0.0 0 2.227665901184082 0.0 199.61143493652344 152.95510864257812 331.2232666015625 3.6226602 1.4389882 1.5400748 -8.560912 1.8954686 10.464233 1.541978359222412 0.8252365589141846
Car 0.0 0 -1.536213994026184 598.689453125 174.57029724121094 627.3530883789062 201.08026123046875 4.0804896 1.5738897 1.6563419 0.19676445 1.6866336 45.17387 -1.5318583250045776 0.536696195602417
Car 0.0 0 2.1000473499298096 0.0 197.13031005859375 126.59777069091797 282.73553466796875 3.7452648 1.4172417 1.5459476 -11.929144 1.9890723 15.019325 1.4288204908370972 0.23608940839767456
Car 0.0 0 1.8653792142868042 307.7882995605469 182.44790649414062 417.75872802734375 247.81417846679688 4.1703014 1.5022199 1.6276944 -6.5036917 1.7873734 19.307247 1.5404648780822754 0.2048809975385666
Car 0.0 0 1.6984827518463135 423.19110107421875 174.88070678710938 477.07037353515625 215.6777801513672 4.1961627 1.5386115 1.6338538 -6.5170517 1.6281563 29.586494 1.4816738367080688 0.1864326149225235
