Pedestrian 0.0 0 -3.382572650909424 1041.172119140625 135.94503784179688 1108.4522705078125 245.7869110107422 0.8431757 1.8323977 0.6202494 8.0603485 1.0907755 12.223661 -2.7996139526367188 0.44564980268478394
Pedestrian 0.0 0 0.5407564640045166 271.8887634277344 178.3595428466797 321.8807067871094 266.39642333984375 0.6844903 1.7556984 0.6860821 -6.3431144 1.7146405 14.479418 0.12786102294921875 0.3862287402153015
Pedestrian 0.0 0 3.5667290687561035 112.63294219970703 110.089111328125 211.04627990722656 247.5655059814453 0.97512496 1.8344241 0.6592674 -6.1799417 0.8965645 9.822464 3.005141019821167 0.34392085671424866
Pedestrian 0.0 0 1.1820101737976074 1077.5306396484375 141.06724548339844 1142.2664794921875 255.0161895751953 0.7094266 1.7852385 0.63237506 8.143376 1.1691022 11.48932 1.7986030578613281 0.3016922175884247
Pedestrian 0.0 0 0.07884448766708374 994.449462890625 112.62733459472656 1061.82275390625 249.52452087402344 0.7578625 1.8035574 0.5670621 5.79688 0.91103953 9.760244 0.6147871017456055 0.2967940866947174
Pedestrian 0.0 0 -1.4676052331924438 790.4393920898438 162.23074340820312 805.114990234375 196.61727905273438 0.6773117 1.8130132 0.6898352 10.274656 0.85118777 37.714134 -1.201625108718872 0.20625080168247223
Pedestrian 0.0 0 1.2188329696655273 776.4490966796875 155.4691925048828 792.9083251953125 188.5366973876953 0.9224334 1.8752565 0.63544965 10.301796 0.4571457 40.583294 1.4674255847930908 0.19709257781505585
Pedestrian 0.0 0 -1.3427653312683105 117.10381317138672 150.3125762939453 136.509765625 190.14332580566406 0.629573 1.933423 0.6655946 -23.501091 0.4695359 34.729088 -1.9376802444458008 0.19182182848453522
Pedestrian 0.0 0 -1.9982256889343262 876.922607421875 154.94464111328125 904.3242797851562 193.16123962402344 1.7960472 1.7669282 0.50492436 13.538633 0.58684194 33.593468 -1.6151238679885864 0.11498025804758072
Cyclist 0.0 0 -1.9982256889343262 876.922607421875 154.94464111328125 904.3242797851562 193.16123962402344 1.7960472 1.7669282 0.50492436 13.538633 0.58684194 33.593468 -1.6151238679885864 0.5369161367416382
Cyclist 0.0 0 -2.0059642791748047 971.7562866210938 136.46279907226562 1025.8668212890625 208.9176025390625 1.8731405 1.8183419 0.50060517 10.340728 0.7147687 18.6911 -1.5006343126296997 0.45414265990257263
Cyclist 0.0 0 0.6503352522850037 1009.3773803710938 163.59664916992188 1052.7227783203125 202.11331176757812 1.7975311 1.7546021 0.50738466 19.928009 0.9860399 33.13304 1.1918233633041382 0.20234020054340363
Cyclist 0.0 0 -0.011777430772781372 776.1639404296875 155.8000946044922 797.7182006835938 188.92684936523438 1.1895036 1.8815144 0.5816314 10.428946 0.48000807 40.57735 0.2397916316986084 0.19577282667160034
Cyclist 0.0 0 3.5762860774993896 108.97538757324219 111.14596557617188 216.34947204589844 249.1080322265625 1.0931569 1.8408028 0.65211254 -6.165255 0.9170966 9.82115 3.015709638595581 0.11677692830562592
Car 0.0 0 0.9542896151542664 479.57781982421875 171.84388732910156 579.4766845703125 213.49063110351562 4.20738 1.4682795 1.6625617 -2.9850464 1.1646299 27.047197 0.8443701267242432 0.815219521522522
Car 0.0 0 -0.7942100763320923 0.0 212.1536865234375 293.9210510253906 370.0 4.0013056 1.4277824 1.6033357 -3.2337205 1.6701372 3.3613212 -1.560262680053711 0.7330335378646851
