Pedestrian 0.0 0 -1.3043087720870972 688.5431518554688 166.4082489013672 726.9135131835938 247.57147216796875 0.93009484 1.7119174 0.60969025 2.093419 1.5763197 15.763033 -1.1722757816314697 0.49389156699180603
Pedestrian 0.0 0 -1.6861989498138428 717.1293334960938 152.1785125732422 756.7150268554688 246.76100158691406 0.788935 1.7677668 0.6609208 2.381989 1.3816955 13.8947935 -1.5164189338684082 0.37167829275131226
Pedestrian 0.0 0 -2.3507184982299805 720.474365234375 151.86061096191406 794.5892333984375 240.423828125 1.5962781 1.7312948 0.526282 2.9723885 1.3212596 14.913493 -2.1539878845214844 0.22559478878974915
Cyclist 0.0 0 -2.495967388153076 722.4341430664062 144.2341766357422 834.569580078125 256.140869140625 1.8646526 1.7683216 0.6128821 2.7827935 1.316436 12.308274 -2.2736144065856934 0.6399158835411072
Cyclist 0.0 0 -1.761576771736145 887.2230224609375 172.9417724609375 922.5623779296875 242.36489868164062 1.8540407 1.681875 0.48646122 7.4641037 1.6845925 18.436474 -1.376891851425171 0.2951698303222656
Cyclist 0.0 0 -2.321340560913086 719.72509765625 151.65087890625 794.3120727539062 241.4752655029297 1.6495663 1.7520996 0.52016294 2.9585884 1.3388729 14.909554 -2.1254496574401855 0.2936633229255676
Cyclist 0.0 0 -1.7228457927703857 693.9095458984375 164.8302001953125 733.0841064453125 250.18365478515625 1.8327731 1.7280535 0.5540895 2.15225 1.5659627 15.525655 -1.5850982666015625 0.22005409002304077
Cyclist 0.0 0 2.0698838233947754 383.2904052734375 175.0971221923828 400.8404235839844 198.897216796875 1.6875134 1.6612331 0.4446902 -15.543478 1.8240877 51.39581 1.776201844215393 0.2119251936674118
Car 0.0 0 -1.1651400327682495 37.748172760009766 173.14813232421875 448.6685791015625 375.0 4.005491 1.4515103 1.5866964 -2.7217216 1.4552797 6.362439 -1.5693626403808594 0.8629437685012817
Car 0.0 0 1.7916486263275146 436.6402893066406 179.02496337890625 474.119384765625 203.74205017089844 3.8422604 1.5027499 1.5725166 -10.001978 1.9195226 46.757504 1.5809129476547241 0.7026228308677673
Car 0.0 0 1.446343183517456 586.775146484375 169.29876708984375 620.5581665039062 194.62106323242188 4.1919966 1.5642406 1.672966 -0.4877285 1.3449806 46.758453 1.4359127283096313 0.4819522798061371
Car 0.0 0 2.133673906326294 0.0 187.88790893554688 68.55663299560547 247.2366943359375 3.7678344 1.4782794 1.5510758 -17.749691 1.9561939 20.943325 1.4306267499923706 0.2845275402069092
