Pedestrian 0.0 0 1.3419041633605957 1184.962158203125 100.89794158935547 1242.0 234.8512725830078 0.7855187 1.8595271 0.61736226 8.807014 0.860998 10.503431 2.039677619934082 0.2590956687927246
Pedestrian 0.0 0 -1.4568694829940796 447.6044006347656 155.38217163085938 462.4718017578125 192.0445556640625 0.68718565 1.9698576 0.7160611 -8.439103 1.03146 39.142365 -1.6692192554473877 0.20378635823726654
Pedestrian 0.0 0 -0.5536229014396667 1026.774658203125 142.38328552246094 1103.309326171875 268.8661193847656 0.73555624 1.7733474 0.5848962 6.4962597 1.3464918 10.407601 0.004389524459838867 0.16043400764465332
Pedestrian 0.0 0 -1.6554840803146362 847.2991943359375 162.56248474121094 875.6041259765625 233.5794219970703 1.5275835 1.7960382 0.5735539 6.577727 1.5361209 19.055935 -1.323109745979309 0.10299493372440338
Cyclist 0.0 0 -1.6554840803146362 847.2991943359375 162.56248474121094 875.6041259765625 233.5794219970703 1.5275835 1.7960382 0.5735539 6.577727 1.5361209 19.055935 -1.323109745979309 0.15572720766067505
Car 0.0 0 -1.693955659866333 674.5198974609375 172.3319854736328 748.58544921875 230.06106567382812 3.9443114 1.5165986 1.6276455 2.7978733 1.503243 20.932718 -1.5610829591751099 0.7998877167701721
Car 0.0 0 -1.483086109161377 541.3826293945312 173.0654296875 577.938720703125 203.46368408203125 4.0956497 1.590014 1.661724 -2.7630143 1.6026486 39.829582 -1.552346110343933 0.726754903793335
Car 0.0 0 -1.6985175609588623 655.0869750976562 170.77926635742188 703.3040161132812 207.00521850585938 4.043614 1.518519 1.6316642 2.9904013 1.4319088 32.292072 -1.6061761379241943 0.5946837067604065
Car 0.0 0 -1.672661304473877 641.6306762695312 169.20448303222656 671.8215942382812 193.95867919921875 3.91713 1.6072786 1.6417297 3.0923965 1.3706751 48.83519 -1.6094225645065308 0.2401312291622162
Car 0.0 0 -1.6689684391021729 670.59716796875 173.86341857910156 724.425537109375 217.792236328125 3.6851792 1.4863256 1.5812258 3.083466 1.5261519 26.352467 -1.5524893999099731 0.23479002714157104
