Pedestrian 0.0 0 -1.262381911277771 926.894287109375 126.603759765625 994.444580078125 263.97650146484375 0.54206246 1.7697963 0.688516 4.672621 1.1743044 9.726328 -0.8145291805267334 0.374446302652359
Pedestrian 0.0 0 -1.1684417724609375 1014.2777099609375 158.6844940185547 1099.585693359375 264.07342529296875 1.6541351 1.6961259 0.6489672 7.6132655 1.46844 12.352404 -0.6160950660705566 0.10052570700645447
Cyclist 0.0 0 -0.5909583568572998 759.5774536132812 175.2545166015625 806.4319458007812 214.2931365966797 1.8821305 1.6539016 0.7466512 7.4707885 1.760752 31.327768 -0.35685884952545166 0.3760530948638916
Cyclist 0.0 0 -1.2097504138946533 1016.947998046875 157.0181121826172 1102.86865234375 262.4375 1.8010327 1.6924018 0.66197 7.6929793 1.4385302 12.391424 -0.6541547179222107 0.3476448059082031
Car 0.0 0 -0.31633901596069336 814.9310913085938 167.17417907714844 923.6765747070312 206.20266723632812 3.7640154 1.5088493 1.5980728 10.222899 1.2896242 28.738667 0.025421857833862305 0.7944668531417847
Car 0.0 0 -2.6870627403259277 218.15182495117188 179.53175354003906 350.0079345703125 225.02833557128906 4.3517613 1.6939895 1.7504166 -12.654773 1.9629893 28.081726 -3.1104495525360107 0.7673299908638
Car 0.0 0 -2.4988739490509033 27.51534652709961 198.3475341796875 150.39515686035156 239.53421020507812 3.6720462 1.507593 1.6148375 -20.406324 2.5372078 28.288124 -3.1238014698028564 0.6907212734222412
Car 0.0 0 -2.378753900527954 898.0663452148438 192.7173614501953 1242.0 375.0 3.995812 1.4305366 1.5822687 3.088633 1.584992 3.5341017 -1.6605180501937866 0.5980955958366394
Car 0.0 0 0.7990631461143494 0.0 199.64279174804688 92.52574920654297 260.2756652832031 3.8664188 1.5014404 1.6121006 -16.643845 2.2713745 19.733213 0.0983879566192627 0.4447934925556183
Car 0.0 0 1.276932954788208 323.7637634277344 183.8331298828125 375.842041015625 214.38880920410156 3.6887913 1.4490538 1.540478 -13.614459 2.0502722 37.546642 0.9290764331817627 0.4043999910354614
Car 0.0 0 1.4379112720489502 138.6912841796875 191.4561767578125 188.0886993408203 224.0343017578125 3.9363036 1.464175 1.6281952 -22.84466 2.4655883 36.788986 0.8822190761566162 0.39107832312583923
