Pedestrian 0.0 0 -1.693486213684082 885.1061401367188 175.3584442138672 903.3795776367188 216.96652221679688 1.5907122 1.6233127 0.49099895 11.403898 1.7274996 29.0791 -1.3197495937347412 0.10779551416635513
Cyclist 0.0 0 -1.693486213684082 885.1061401367188 175.3584442138672 903.3795776367188 216.96652221679688 1.5907122 1.6233127 0.49099895 11.403898 1.7274996 29.0791 -1.3197495937347412 0.34599578380584717
Car 0.0 0 -1.8391270637512207 724.8832397460938 186.3902130126953 910.6190795898438 306.6606140136719 4.0752378 1.4080508 1.5923854 2.8410923 1.6524144 10.954797 -1.5853708982467651 0.9300259351730347
Car 0.0 0 1.716497778892517 511.1550598144531 178.90762329101562 568.2363891601562 222.76707458496094 3.5666988 1.4251351 1.5260962 -2.4857204 1.6569293 25.763393 1.6203128099441528 0.8731517195701599
Car 0.0 0 0.6397398114204407 0.0 190.5277862548828 320.6936950683594 338.250244140625 4.1945252 1.4529164 1.6279896 -5.753592 1.6747502 8.170418 0.026201963424682617 0.7926843762397766
Car 0.0 0 0.5700271129608154 46.30296325683594 191.78089904785156 362.29498291015625 299.25689697265625 3.899706 1.4268374 1.573259 -5.9866304 1.7346144 10.806795 0.06414175033569336 0.79154372215271
Car 0.0 0 -1.7362151145935059 650.2291259765625 174.7191619873047 708.018310546875 217.53562927246094 4.2770414 1.6200678 1.6664034 2.7193446 1.7028373 29.68391 -1.644860029220581 0.7912498116493225
Car 0.0 0 3.426339626312256 249.88973999023438 172.3992919921875 440.1302490234375 238.7913818359375 3.9336116 1.4865279 1.610506 -6.201157 1.4767051 17.08102 3.078092098236084 0.730544924736023
Car 0.0 0 3.252788782119751 417.2838134765625 176.5644989013672 512.685791015625 211.08152770996094 4.0864153 1.5082207 1.653263 -6.554335 1.6820973 32.73961 3.0552048683166504 0.6987814903259277
Car 0.0 0 0.5890777111053467 179.04762268066406 179.72813415527344 394.6887512207031 256.84521484375 3.826377 1.4499557 1.5697474 -6.6367073 1.6022912 14.854178 0.16889595985412598 0.34397536516189575
