Pedestrian 0.0 0 1.7925519943237305 919.1561279296875 124.29264831542969 973.178955078125 237.84909057617188 0.7399028 1.8239216 0.67620987 5.5829115 1.0442964 12.085779 2.2252912521362305 0.379029244184494
Car 0.0 0 -0.5395039319992065 863.6910400390625 181.66676330566406 1225.6573486328125 301.2171936035156 4.006858 1.4822454 1.6254332 5.7233343 1.6140153 9.912116 -0.015861915424466133 0.870420515537262
Car 0.0 0 0.3648050129413605 254.9691162109375 181.6599578857422 452.49615478515625 244.95953369140625 4.3514857 1.4845335 1.6670386 -6.3569756 1.7161726 18.057346 0.02631068229675293 0.8509315848350525
Car 0.0 0 -1.6691346168518066 652.0919189453125 181.23382568359375 711.5681762695312 227.88002014160156 3.9704535 1.4081168 1.604468 2.3108664 1.7159266 24.481527 -1.5750212669372559 0.8406341075897217
Car 0.0 0 0.571101188659668 0.0 190.4702911376953 309.0668640136719 305.7912902832031 3.8108404 1.4056374 1.5582541 -6.381323 1.6651182 9.821778 -0.005071227438747883 0.8035362362861633
Car 0.0 0 -2.397336959838867 0.0 194.51834106445312 208.08563232421875 360.33941650390625 3.8162446 1.4379259 1.5725015 -6.4587355 1.6820338 7.2923055 -3.122190475463867 0.6694772839546204
Car 0.0 0 1.4650917053222656 640.7575073242188 177.2733154296875 685.2701416015625 211.35946655273438 4.122998 1.4692196 1.6352118 2.3764524 1.688973 33.728615 1.5354335308074951 0.5773574113845825
Car 0.0 0 1.6512038707733154 474.1632995605469 179.76869201660156 517.2062377929688 217.30345153808594 3.8617005 1.5129648 1.5688523 -5.0194273 1.8370956 31.797523 1.4946398735046387 0.5463725924491882
Car 0.0 0 3.595720052719116 46.942588806152344 187.39573669433594 330.23504638671875 282.3890380859375 3.7935534 1.4326137 1.5585277 -6.920125 1.6943024 12.059901 3.0747785568237305 0.43417346477508545
Car 0.0 0 -1.6304508447647095 627.9338989257812 175.3486785888672 652.7662353515625 196.52383422851562 3.7451496 1.4606161 1.5645934 2.1315622 1.6476368 52.098885 -1.5895599126815796 0.41098329424858093
