Car 0.0 0 -1.7538706064224243 688.3201904296875 182.12026977539062 783.0054321289062 249.12828063964844 3.5601633 1.410695 1.6075195 2.8798504 1.6586307 17.479784 -1.5905842781066895 0.9077711701393127
Car 0.0 0 3.552556276321411 132.97894287109375 187.718505859375 405.2587890625 276.1248474121094 4.1045284 1.4422194 1.6175547 -5.9921737 1.7263072 12.91299 3.118086338043213 0.838660717010498
Car 0.0 0 0.40650317072868347 304.503173828125 178.98092651367188 477.1717224121094 236.78038024902344 4.275355 1.4995058 1.6572474 -6.0551715 1.6787931 20.005322 0.11259126663208008 0.7752958536148071
Car 0.0 0 -0.2062191367149353 746.02197265625 171.83114624023438 892.6124267578125 222.82542419433594 4.147264 1.5265476 1.655926 6.4031186 1.4962856 22.568405 0.0702362060546875 0.7684618830680847
Car 0.0 0 0.43594202399253845 220.91061401367188 185.7920684814453 445.49041748046875 261.32440185546875 4.1005425 1.4507946 1.6248354 -5.75821 1.739944 15.143764 0.07258844375610352 0.7665313482284546
Car 0.0 0 0.4101278781890869 264.9376525878906 177.3724822998047 444.3514099121094 240.86837768554688 3.8113713 1.4544834 1.5700548 -6.1896544 1.5706769 17.575335 0.07151365280151367 0.6156948208808899
Car 0.0 0 0.34678199887275696 323.2073974609375 174.79193115234375 460.1126403808594 223.4490509033203 3.7902825 1.4581747 1.5824445 -6.815393 1.5215907 22.583382 0.053685665130615234 0.5917640328407288
Car 0.0 0 3.698681592941284 0.0 139.008056640625 179.8018341064453 321.6443176269531 3.7286036 1.5632254 1.5940912 -6.7703757 1.2738881 7.308078 2.951458215713501 0.5873210430145264
Car 0.0 0 -2.4997215270996094 0.0 187.3606414794922 282.3290100097656 296.7843933105469 3.5502038 1.4100739 1.5298731 -6.888577 1.6367006 10.387878 -3.085275888442993 0.574965238571167
Car 0.0 0 0.8521881699562073 875.6976928710938 138.52867126464844 1242.0 375.0 4.1726503 1.519358 1.6434052 2.8398745 1.45705 3.4213698 1.5449798107147217 0.5362696647644043
Car 0.0 0 1.4040277004241943 632.6370239257812 174.85447692871094 664.6644897460938 197.24009704589844 4.04589 1.5162842 1.6195053 2.679711 1.664843 51.348473 1.456167221069336 0.517076849937439
Car 0.0 0 0.8549343943595886 0.0 212.45362854003906 111.23820495605469 375.0 3.8653688 1.4600828 1.5907917 -6.0025077 1.7805353 4.991631 -0.0221528559923172 0.4788246750831604
Car 0.0 0 0.3795467019081116 372.68804931640625 178.68966674804688 493.31048583984375 223.6389617919922 3.7300882 1.470848 1.5682172 -6.1129537 1.6810746 24.911173 0.13891148567199707 0.4623827040195465
