Pedestrian 0.0 0 -1.2427706718444824 205.51426696777344 178.56051635742188 242.67604064941406 248.80992126464844 0.7671805 1.7178541 0.61069894 -9.7409115 1.8650852 18.139572 -1.7355766296386719 0.18902529776096344
Pedestrian 0.0 0 0.8371701240539551 877.3026733398438 216.09811401367188 945.1168823242188 307.4793701171875 1.133783 1.7778797 0.76542044 6.328911 2.736553 15.32456 1.228825569152832 0.17331533133983612
Pedestrian 0.0 0 -1.5379868745803833 789.912841796875 135.0727081298828 817.4848022460938 219.0312957763672 1.721733 1.7875577 0.54841036 4.3308644 0.9835162 16.262856 -1.2777230739593506 0.1613897979259491
Cyclist 0.0 0 -1.5379868745803833 789.912841796875 135.0727081298828 817.4848022460938 219.0312957763672 1.721733 1.7875577 0.54841036 4.3308644 0.9835162 16.262856 -1.2777230739593506 0.34868812561035156
Cyclist 0.0 0 -3.2633719444274902 883.5617065429688 215.0067901611328 952.4667358398438 304.9742431640625 1.2570004 1.7765594 0.7546069 6.4486465 2.7011049 15.2816925 -2.864057779312134 0.15779268741607666
Cyclist 0.0 0 -0.8953806161880493 0.0 196.12196350097656 32.951690673828125 243.15003967285156 1.6638638 1.6979246 0.586428 -23.155516 2.6191282 27.714817 -1.591391682624817 0.13159343600273132
Car 0.0 0 1.7505972385406494 455.7624816894531 180.5847930908203 495.7145080566406 208.17709350585938 3.9633453 1.4798656 1.5927705 -7.7564898 1.9492948 41.792404 1.567089557647705 0.6357114315032959
Car 0.0 0 1.7893470525741577 274.0347900390625 191.22314453125 314.6839294433594 216.3998565673828 4.0667562 1.5353287 1.704542 -21.540237 2.8460298 49.308163 1.3774828910827637 0.2519668936729431
Car 0.0 0 2.4275968074798584 1094.54443359375 239.6167449951172 1242.0 336.60321044921875 3.0650961 1.5508498 1.4475393 10.929696 2.858327 13.357211 3.1133742332458496 0.17120404541492462
Car 0.0 0 0.7931974530220032 306.950927734375 189.14907836914062 356.5596923828125 209.4995574951172 3.9736814 1.6382742 1.6877947 -24.015915 3.0795739 62.213654 0.42479777336120605 0.12786836922168732
