Pedestrian 0.0 0 1.940390944480896 410.6175231933594 169.09747314453125 458.6653137207031 259.8099060058594 0.90712243 1.7428008 0.6497972 -3.3447394 1.5057739 14.292688 1.71051025390625 0.7914753556251526
Pedestrian 0.0 0 1.8169409036636353 756.3932495117188 169.83433532714844 798.047607421875 258.0253601074219 0.85923237 1.8087213 0.67285496 3.7055264 1.5707079 15.266657 2.05505633354187 0.6701748371124268
Pedestrian 0.0 0 -2.0767319202423096 776.66845703125 164.02940368652344 814.6455078125 235.6149139404297 0.89645857 1.7968173 0.58242524 4.969234 1.3594836 18.533106 -1.81476628780365 0.6677602529525757
Pedestrian 0.0 0 1.6436426639556885 800.917236328125 159.32635498046875 838.7928466796875 253.11045837402344 0.8323679 1.8379093 0.6793626 4.4040747 1.4046175 14.584969 1.936896562576294 0.6573624014854431
Pedestrian 0.0 0 -1.544572114944458 701.155029296875 165.2622833251953 745.677734375 284.7748718261719 0.95994014 1.742787 0.6438256 1.8341547 1.5073127 11.0049095 -1.3794231414794922 0.5436837077140808
Pedestrian 0.0 0 -2.0738656520843506 675.3760986328125 176.30978393554688 697.1199951171875 218.80799865722656 0.7639034 1.7072994 0.58461577 3.441244 1.4997897 29.319292 -1.957028865814209 0.5353422164916992
Pedestrian 0.0 0 1.5782828330993652 644.259033203125 169.97235107421875 672.896240234375 237.20338439941406 1.0310999 1.818957 0.77357864 1.560552 1.5082324 19.978842 1.6562347412109375 0.47131437063217163
Pedestrian 0.0 0 0.2089354544878006 271.62933349609375 174.72659301757812 301.376708984375 232.00808715820312 0.7372573 1.7565093 0.6270517 -9.8439455 1.5499216 22.406788 -0.2050088793039322 0.45895376801490784
Pedestrian 0.0 0 2.70455265045166 366.68310546875 172.46343994140625 413.2071838378906 258.89398193359375 0.7239317 1.7061502 0.59875053 -4.349415 1.5290159 14.641585 2.4157962799072266 0.43182119727134705
Pedestrian 0.0 0 -2.661015272140503 259.6045837402344 177.0104522705078 294.1220703125 232.097412109375 0.8090731 1.7545973 0.6502861 -10.513578 1.6127002 23.224451 -3.0861074924468994 0.38970690965652466
Pedestrian 0.0 0 1.0763760805130005 675.8599853515625 172.4249725341797 726.7599487304688 264.7186584472656 0.9830308 1.7906203 0.62332404 1.9658655 1.6158053 14.5038 1.2110965251922607 0.36196741461753845
Pedestrian 0.0 0 -2.0932798385620117 35.26609802246094 179.87350463867188 79.91081237792969 246.82174682617188 0.7783897 1.6642964 0.5970761 -13.871805 1.6250491 18.28114 -2.74239182472229 0.33510178327560425
Pedestrian 0.0 0 -0.7360062003135681 734.0689086914062 164.8233642578125 773.8578491210938 239.75213623046875 0.699774 1.7723686 0.63476205 3.6665087 1.3790997 17.439459 -0.5287821292877197 0.2908608019351959
Pedestrian 0.0 0 -1.829601764678955 1040.953369140625 118.60595703125 1130.3604736328125 272.4911804199219 1.6996244 1.7250162 0.48971364 5.9217963 1.0213419 8.933192 -1.2442126274108887 0.12539957463741302
Cyclist 0.0 0 -2.000561237335205 0.0 196.53485107421875 96.14617919921875 312.2020263671875 1.9446903 1.6294242 0.7803688 -8.839096 1.8797563 11.108751 -2.6726672649383545 0.502044141292572
Cyclist 0.0 0 -1.8146978616714478 1042.4302978515625 131.58853149414062 1126.127685546875 281.08770751953125 1.6931232 1.6923668 0.46240735 5.956535 1.1287082 9.004279 -1.2302649021148682 0.34089064598083496
Cyclist 0.0 0 -2.599498987197876 95.28838348388672 201.65875244140625 253.3850860595703 309.0207824707031 1.9140898 1.5694162 0.9056699 -6.6126084 1.8959534 11.128599 -3.1356425285339355 0.33126300573349
Cyclist 0.0 0 -1.5613166093826294 701.4837036132812 164.77455139160156 746.164794921875 285.1288757324219 0.96744925 1.7524459 0.644626 1.8293608 1.5102229 10.9891815 -1.3963600397109985 0.13348832726478577
Cyclist 0.0 0 1.0710875988006592 679.9234619140625 172.22348022460938 733.7269897460938 266.5480651855469 1.0390834 1.8216345 0.65110755 2.0708055 1.6437364 14.470787 1.2132251262664795 0.12530729174613953
Cyclist 0.0 0 -1.5766737461090088 644.154052734375 169.60467529296875 673.3966064453125 237.5319366455078 1.0925524 1.8344266 0.7883033 1.5580128 1.5143446 19.96977 -1.4988129138946533 0.11096611618995667
Cyclist 0.0 0 1.7037030458450317 797.4312744140625 159.92007446289062 836.54296875 253.31138610839844 0.90444696 1.8320242 0.6515443 4.361398 1.4099486 14.634753 1.99333918094635 0.1099637821316719
Cyclist 0.0 0 1.757734775543213 756.4349975585938 168.38938903808594 796.8829345703125 257.60797119140625 0.97481835 1.8328166 0.6719654 3.7128944 1.5647242 15.336658 1.9952576160430908 0.10957139730453491
Car 0.0 0 1.6863517761230469 559.1046142578125 178.02940368652344 602.5138549804688 210.60269165039062 4.1756005 1.4867697 1.6400311 -0.951472 1.3292911 34.93694 1.659124493598938 0.8407803177833557
Car 0.0 0 0.7793781161308289 949.6749877929688 199.62548828125 1238.0 374.0 3.6938643 1.41825 1.5446447 3.4881015 1.5613976 3.738455 1.530146598815918 0.46301501989364624
