Pedestrian 0.0 0 2.1637179851531982 0.0 116.5631332397461 62.93755340576172 232.56068420410156 0.8878191 1.8451487 0.6238648 -9.737907 0.9500996 11.945032 1.4797612428665161 0.35367119312286377
Cyclist 0.0 0 2.164536952972412 0.0 115.364013671875 64.63587188720703 233.61911010742188 1.0045378 1.8689419 0.62879914 -9.738135 0.96070945 11.929396 1.4799273014068604 0.12551143765449524
Car 0.0 0 0.4757179319858551 67.46267700195312 177.81982421875 362.1593017578125 275.5464782714844 4.0878787 1.5317962 1.6708004 -6.59438 1.6225901 12.266517 -0.017549021169543266 0.8121466040611267
Car 0.0 0 -1.6282349824905396 657.8385009765625 179.4656219482422 706.4074096679688 221.49371337890625 4.050175 1.4768192 1.6312605 2.6924605 1.753083 28.052555 -1.5325489044189453 0.8052641153335571
Car 0.0 0 -2.4719839096069336 0.0 182.1255645751953 249.9967041015625 310.04913330078125 3.5433629 1.5498633 1.6090176 -7.083707 1.6867043 9.742422 -3.1006667613983154 0.8046956062316895
Car 0.0 0 -2.60224986076355 198.85940551757812 182.51602172851562 418.7740783691406 261.7593994140625 3.8883002 1.4798234 1.6261305 -6.1596227 1.6932555 14.82282 -2.996089220046997 0.7533516883850098
Car 0.0 0 3.312248706817627 414.38037109375 181.23251342773438 517.849365234375 219.4694366455078 3.9380977 1.5007695 1.6349182 -5.875768 1.8545384 29.56467 3.1160621643066406 0.6033734679222107
Car 0.0 0 0.25518229603767395 310.57708740234375 180.97105407714844 479.60430908203125 237.9039306640625 4.267478 1.5082786 1.6765584 -5.98142 1.7469517 20.27602 -0.03168078139424324 0.5150858163833618
Car 0.0 0 0.41658997535705566 344.7958984375 178.76217651367188 478.487060546875 225.2259521484375 4.1333103 1.5102632 1.6312361 -6.8291883 1.7231898 24.845125 0.1483442783355713 0.49497589468955994
Car 0.0 0 0.20243273675441742 433.0959777832031 171.26165771484375 530.3768310546875 208.780029296875 3.9721682 1.6097187 1.6781263 -5.6491647 1.5417573 31.846813 0.026873350143432617 0.39915940165519714
Car 0.0 0 3.2282469272613525 472.98077392578125 179.08779907226562 543.814697265625 205.76715087890625 3.9647648 1.5059384 1.6382029 -5.9145737 1.8778434 42.079357 3.088604211807251 0.3179796040058136
