Pedestrian 0.0 0 0.8196414709091187 270.2287292480469 175.32443237304688 325.84796142578125 265.0426025390625 0.77912897 1.7780323 0.70323324 -6.325596 1.6770924 14.484605 0.40789294242858887 0.47390931844711304
Pedestrian 0.0 0 -1.9596112966537476 547.0077514648438 164.7268829345703 610.6189575195312 284.7841491699219 0.90082246 1.7948208 0.7081685 -0.4698761 1.5606788 11.122354 -2.0018322467803955 0.4727872908115387
Pedestrian 0.0 0 -0.07054436206817627 997.0173950195312 116.3758773803711 1064.6004638671875 250.60997009277344 0.7616315 1.7784854 0.5342636 5.821107 0.930569 9.772713 0.46666979789733887 0.41451066732406616
Pedestrian 0.0 0 -2.213897943496704 0.0 185.4512481689453 28.95441436767578 249.63136291503906 0.77428913 1.7138689 0.6144099 -16.399988 1.853478 19.320993 -2.9177048206329346 0.34910571575164795
Pedestrian 0.0 0 3.5086653232574463 111.7261962890625 108.88511657714844 216.37216186523438 250.01609802246094 1.0851226 1.8773302 0.6139096 -6.135808 0.9263784 9.805105 2.949507474899292 0.3039119839668274
Pedestrian 0.0 0 -1.7630503177642822 789.8650512695312 162.9806365966797 805.1783447265625 196.71949768066406 0.7704427 1.7852194 0.65392506 10.282249 0.85963035 37.81512 -1.4975606203079224 0.19946007430553436
Pedestrian 0.0 0 -1.9658894538879395 877.0343017578125 156.28155517578125 905.3444213867188 194.8238983154297 1.8796151 1.7786329 0.56230175 13.552999 0.66246754 33.566517 -1.5821412801742554 0.11441745609045029
Cyclist 0.0 0 1.1613523960113525 876.983642578125 155.8470458984375 905.4993896484375 194.0393524169922 1.854103 1.7617126 0.5587298 13.546247 0.62599057 33.543285 1.5451679229736328 0.5562198758125305
Cyclist 0.0 0 -2.002505302429199 968.4652099609375 136.76889038085938 1023.8203125 208.9772186279297 1.880184 1.8214798 0.54417515 10.3225975 0.71994084 18.787542 -1.5000932216644287 0.5184818506240845
Cyclist 0.0 0 3.449263334274292 110.5167007446289 110.32467651367188 214.9134063720703 251.2216339111328 1.0981866 1.8695203 0.60365003 -6.1532407 0.9400571 9.806179 2.888878345489502 0.13745200634002686
Car 0.0 0 -0.7936882376670837 0.0 210.0177764892578 291.6954650878906 370.0 3.9917564 1.429134 1.5985138 -3.234881 1.6542646 3.344216 -1.5624693632125854 0.7100967168807983
Car 0.0 0 1.7337523698806763 447.6750183105469 173.31655883789062 484.1844482421875 198.37936401367188 4.012527 1.4874449 1.6003836 -8.603728 1.0624851 43.986954 1.5405937433242798 0.418324738740921
