Pedestrian 0.0 0 -2.0348384380340576 832.8629150390625 155.2382049560547 902.2543334960938 275.5638122558594 0.79816175 1.673968 0.65325 3.8010674 1.3099339 10.424604 -1.6851948499679565 0.6762118339538574
Pedestrian 0.0 0 1.4770301580429077 722.746337890625 152.84710693359375 751.069091796875 222.89320373535156 0.7535585 1.796905 0.65945417 3.5113666 1.0630441 18.830025 1.661389708518982 0.5500500202178955
Pedestrian 0.0 0 1.7459458112716675 460.3927917480469 135.43556213378906 490.0622863769531 208.4565887451172 0.7569386 1.8627726 0.6406649 -3.3107808 0.68884325 18.700666 1.5707206726074219 0.3445325791835785
Pedestrian 0.0 0 -1.2730956077575684 538.9684448242188 153.53280639648438 554.4791259765625 188.28582763671875 0.74017173 1.9224069 0.6784407 -3.0577836 0.37618095 40.16862 -1.349072813987732 0.276700496673584
Pedestrian 0.0 0 -1.6004366874694824 666.6141967773438 165.8047332763672 698.23046875 242.72103881835938 0.88605165 1.7440572 0.70329857 1.8436172 1.3893842 16.75514 -1.4908446073532104 0.23519402742385864
Pedestrian 0.0 0 1.940804362297058 345.643310546875 157.7443389892578 452.36566162109375 323.647216796875 1.7682772 1.6915787 0.5767774 -2.3043625 1.4507265 8.229582 1.667786717414856 0.10597067326307297
Cyclist 0.0 0 1.9325671195983887 348.3218078613281 159.57803344726562 453.58740234375 325.7391662597656 1.7755957 1.6980197 0.5733207 -2.2876544 1.4753615 8.248353 1.6620204448699951 0.8581762909889221
Cyclist 0.0 0 1.9858589172363281 133.83633422851562 137.45111083984375 321.1316223144531 374.0 1.8554752 1.6570395 0.5459962 -2.7659018 1.38202 5.446657 1.5159777402877808 0.6847149729728699
Cyclist 0.0 0 -0.6253691911697388 803.4310302734375 154.73269653320312 852.013671875 198.1147918701172 1.8018885 1.7126933 0.6975326 9.108239 0.65694803 28.971762 -0.3207694888114929 0.27209019660949707
Cyclist 0.0 0 -1.6002576351165771 666.8003540039062 165.36351013183594 698.2100830078125 243.1971435546875 0.9757108 1.7570292 0.6943748 1.841465 1.3939757 16.727297 -1.4906116724014282 0.10649006813764572
Car 0.0 0 1.4639207124710083 578.321044921875 161.01251220703125 614.0292358398438 189.3311767578125 3.971051 1.5572996 1.6424849 -0.35029885 0.4314705 41.56687 1.4554935693740845 0.3799546957015991
Car 0.0 0 -1.0327067375183105 885.6268920898438 160.33053588867188 1038.192138671875 229.15928649902344 3.7817132 1.50898 1.598699 8.753165 1.0460893 17.436317 -0.5674543380737305 0.2443731278181076
Car 0.0 0 -3.4890968799591064 922.9241333007812 157.35183715820312 1159.45703125 248.65501403808594 3.2017 1.4671903 1.5270084 7.4956965 1.0804363 12.591916 -2.9521563053131104 0.18784955143928528
Car 0.0 0 2.9974515438079834 628.335205078125 151.86756896972656 722.4397583007812 192.6031494140625 3.6744552 1.6357524 1.6369095 2.9972696 0.44685093 29.740326 3.097893714904785 0.18517792224884033
