Pedestrian 0.0 0 1.570007085800171 801.3936157226562 107.4087905883789 859.955078125 264.8978271484375 0.89373416 1.8286499 0.6574378 2.6602197 1.0691049 8.897389 1.860535979270935 0.28812381625175476
Cyclist 0.0 0 -2.441927433013916 75.16706848144531 192.99745178222656 156.09716796875 255.5640106201172 1.8819677 1.7303442 0.7393137 -14.22191 2.321731 20.708054 -3.043726682662964 0.43848109245300293
Car 0.0 0 2.130450487136841 0.0 203.81292724609375 260.4039306640625 340.2086486816406 3.8714712 1.4174379 1.5868509 -6.7601833 1.9449489 10.332229 1.5510715246200562 0.8720787763595581
Car 0.0 0 1.7749667167663574 403.91607666015625 186.964599609375 492.02655029296875 253.06817626953125 3.427588 1.4549662 1.5150471 -4.062148 1.8477327 18.338745 1.5569801330566406 0.8594731092453003
Car 0.0 0 1.8963901996612549 216.40963745117188 188.8373260498047 444.4555358886719 326.5169677734375 4.4159565 1.496357 1.7098955 -3.8022194 1.7804055 10.5797825 1.551378846168518 0.8590589761734009
Car 0.0 0 -1.6442557573318481 644.52099609375 176.17465209960938 687.3856811523438 211.29942321777344 3.6721864 1.4441565 1.6085881 2.3749437 1.5995489 31.847488 -1.5698211193084717 0.786041796207428
Car 0.0 0 -0.2948136031627655 764.2049560546875 165.50137329101562 912.945068359375 215.4250030517578 4.580484 1.6613714 1.7488737 7.75225 1.4170464 24.899258 0.007018327713012695 0.7126947045326233
Car 0.0 0 1.8956751823425293 483.8952941894531 181.49546813964844 526.8115844726562 206.7834014892578 3.9551744 1.5410547 1.6183466 -6.865078 2.1352298 47.488216 1.752105951309204 0.4389868378639221
Car 0.0 0 -1.467246174812317 759.4920043945312 167.328369140625 809.57958984375 206.98492431640625 3.6599777 1.4737597 1.57417 6.9755974 1.2687682 28.79968 -1.2296117544174194 0.3421957194805145
Car 0.0 0 2.8875060081481934 719.3211669921875 166.51351928710938 809.326416015625 199.8396453857422 3.876809 1.535052 1.6293709 7.217169 1.2433575 34.1348 3.0958688259124756 0.34149986505508423
