Car 0.0 0 1.9526121616363525 235.9676971435547 186.30795288085938 298.29962158203125 217.43377685546875 3.908298 1.458241 1.5852901 -17.784624 2.1956677 37.527687 1.5100562572479248 0.8094083666801453
Car 0.0 0 2.254257917404175 71.29051208496094 192.70643615722656 166.3954620361328 227.67189025878906 4.1686134 1.5538518 1.7549086 -24.86233 2.6221893 36.660007 1.6583222150802612 0.5183838605880737
Car 0.0 0 1.2715526819229126 1158.277099609375 195.7994842529297 1237.3861083984375 233.56222534179688 3.8250687 1.468669 1.7176611 26.487818 2.5756109 32.699795 1.9523797035217285 0.19015970826148987
Car 0.0 0 1.6611231565475464 547.186767578125 172.4977264404297 570.0476684570312 190.9390869140625 3.857169 1.5132854 1.5930771 -4.3470464 1.4844074 61.149776 1.5901540517807007 0.17764967679977417
Car 0.0 0 2.3984110355377197 0.0 198.16586303710938 62.538021087646484 235.0095672607422 3.682278 1.5678477 1.6754802 -29.202765 2.8747132 35.30244 1.7072935104370117 0.16410820186138153
Car 0.0 0 1.522953987121582 876.6920776367188 178.76905822753906 910.9228515625 206.53932189941406 4.1786904 1.564833 1.7297224 17.17124 1.9433701 43.872635 1.8960145711898804 0.15011940896511078
Car 0.0 0 1.6317863464355469 169.06173706054688 190.12025451660156 205.1239013671875 216.65162658691406 4.1165776 1.4649853 1.6912018 -26.32111 2.5939918 44.943985 1.1019906997680664 0.14890477061271667
Car 0.0 0 2.0062782764434814 152.2853546142578 184.55055236816406 206.776611328125 208.21109008789062 4.024109 1.4757074 1.6435215 -29.27333 2.3065984 49.1462 1.4690725803375244 0.13427692651748657
Car 0.0 0 1.9402351379394531 707.2484130859375 166.71876525878906 741.8062133789062 187.9455108642578 3.4276075 1.6488004 1.612711 9.196774 1.1725996 57.929993 2.0976779460906982 0.12920044362545013
Car 0.0 0 -2.1070170402526855 186.3381805419922 184.14752197265625 237.2028045654297 205.96522521972656 3.958926 1.5836703 1.6560869 -30.868082 2.4852495 55.861156 -2.6118433475494385 0.1288112998008728
