Pedestrian 0.0 0 1.115414023399353 473.0166931152344 139.6500701904297 511.8309020996094 218.60067749023438 0.80610275 1.8916068 0.6576344 -2.82148 0.9144699 17.454412 0.9551517963409424 0.7408084273338318
Pedestrian 0.0 0 1.1249475479125977 834.1141967773438 142.12078857421875 903.6928100585938 271.9901428222656 0.8489651 1.7485677 0.6088643 3.6547573 1.2334993 9.9660425 1.476440191268921 0.7193526029586792
Pedestrian 0.0 0 1.3405593633651733 547.118896484375 141.14547729492188 586.2915649414062 232.12974548339844 0.8598361 1.7918684 0.6146836 -0.8319641 1.0184402 14.419321 1.2829253673553467 0.6971286535263062
Pedestrian 0.0 0 1.3431096076965332 424.3753356933594 138.78317260742188 457.9621887207031 216.44749450683594 0.7873929 1.8285981 0.6296096 -4.014738 0.8479841 17.134718 1.1129570007324219 0.4871160387992859
Pedestrian 0.0 0 -3.6183295249938965 1014.3633422851562 135.0372314453125 1161.6705322265625 343.36480712890625 0.79467386 1.6426413 0.6891403 3.9798338 1.2858802 5.9569407 -3.0293350219726562 0.4557209014892578
Pedestrian 0.0 0 -1.876124382019043 501.2668762207031 146.17440795898438 543.4158325195312 237.2479248046875 0.83162594 1.754903 0.6121185 -1.7014308 1.0951133 14.124246 -1.9960083961486816 0.4124511182308197
Pedestrian 0.0 0 0.5842578411102295 644.5376586914062 138.92994689941406 679.4213256835938 203.1005401611328 0.819485 1.8485165 0.62112 1.6478763 0.65260684 20.85946 0.663093090057373 0.37452173233032227
Pedestrian 0.0 0 -2.616511344909668 374.2415466308594 149.18031311035156 405.80078125 206.63772583007812 0.7864178 1.8329284 0.5977141 -6.999743 0.83535916 22.93061 -2.9127845764160156 0.3245926797389984
Pedestrian 0.0 0 -1.7230726480484009 243.7107696533203 134.21331787109375 292.2402648925781 240.853271484375 1.1669177 1.7288309 0.57482564 -5.8263097 0.98009133 12.101339 -2.171778440475464 0.31073737144470215
Pedestrian 0.0 0 -1.1712760925292969 401.3526306152344 146.1028289794922 430.30694580078125 203.09983825683594 0.93810034 1.8305246 0.60251135 -6.2323914 0.7273676 23.208565 -1.4336252212524414 0.3040589988231659
Pedestrian 0.0 0 0.3503885865211487 637.1392211914062 146.67835998535156 666.372802734375 199.28997802734375 0.8843012 1.8326997 0.5962453 1.6326313 0.65606934 25.075933 0.4154043197631836 0.2996364235877991
Pedestrian 0.0 0 1.5775737762451172 341.5980529785156 146.3792266845703 358.209228515625 193.03758239746094 0.6525311 1.9499997 0.65572697 -10.8302145 0.52546847 29.961786 1.2307195663452148 0.2693392336368561
Pedestrian 0.0 0 1.9529956579208374 461.50994873046875 138.67706298828125 494.4277038574219 209.6693878173828 0.780954 1.8241621 0.60694706 -3.3725977 0.7511036 18.606413 1.7736825942993164 0.26628848910331726
Pedestrian 0.0 0 -1.3013800382614136 355.3553466796875 149.5980682373047 373.732666015625 189.48623657226562 0.6193904 1.9407921 0.7166064 -11.8229265 0.4386715 34.727283 -1.629522442817688 0.24071760475635529
Pedestrian 0.0 0 0.5666830539703369 304.1166076660156 141.7622833251953 339.45068359375 204.44927978515625 0.77317846 1.8583899 0.63045037 -8.575407 0.7115532 21.336695 0.18453216552734375 0.22073069214820862
Pedestrian 0.0 0 3.0271313190460205 582.1641845703125 140.8249969482422 623.0172119140625 193.0157928466797 1.4027045 1.8339232 0.5360751 -0.11886216 0.44131792 25.18943 3.0224125385284424 0.15457092225551605
Cyclist 0.0 0 0.9248113632202148 247.17774963378906 130.4075927734375 342.0016174316406 240.527587890625 1.5576717 1.7162418 0.61524457 -5.174579 0.93719906 11.6617155 0.5071890354156494 0.334714412689209
Cyclist 0.0 0 3.044731855392456 580.5309448242188 141.9767608642578 624.94970703125 193.93701171875 1.538904 1.8271143 0.52184725 -0.11396835 0.47402263 25.194944 3.040208339691162 0.23102805018424988
Cyclist 0.0 0 1.3365957736968994 546.8857421875 141.07833862304688 586.369873046875 233.18267822265625 0.8818478 1.8087739 0.6113491 -0.83234984 1.0362294 14.390528 1.2788200378417969 0.15836511552333832
Cyclist 0.0 0 -1.1895936727523804 400.6644592285156 145.95071411132812 430.5154724121094 203.5002899169922 1.0575867 1.84393 0.5980777 -6.2389426 0.738494 23.209858 -1.4521920680999756 0.15566714107990265
Cyclist 0.0 0 -3.6269078254699707 1008.000732421875 136.2512969970703 1162.724365234375 343.8042907714844 0.8424722 1.6330256 0.7070442 3.9513905 1.2865853 5.952172 -3.0408530235290527 0.12109003216028214
Cyclist 0.0 0 1.7399770021438599 378.2313537597656 147.0144805908203 403.33123779296875 205.4801788330078 1.0491501 1.8539362 0.61505675 -6.9828973 0.7936669 22.97446 1.4449079036712646 0.10148940235376358
Car 0.0 0 1.8803136348724365 0.0 45.388160705566406 284.69256591796875 370.0 3.9037488 1.6024684 1.5845194 -3.1076462 1.1810086 4.310951 1.2557162046432495 0.3141896426677704
