Pedestrian 0.0 0 -1.0408085584640503 268.1330261230469 179.2872772216797 302.7054138183594 239.27552795410156 0.71131295 1.7641044 0.6827169 -9.797 1.961343 21.689148 -1.4650757312774658 0.2026185244321823
Pedestrian 0.0 0 -1.2267156839370728 430.64703369140625 175.87692260742188 446.38702392578125 207.23301696777344 0.8288683 1.7536441 0.62566125 -9.747757 1.9271643 40.88283 -1.4607771635055542 0.1382593810558319
Pedestrian 0.0 0 -1.6524782180786133 672.2111206054688 188.8009490966797 698.6478271484375 252.25038146972656 1.2661148 1.6979946 0.6331997 2.0598211 2.1604674 20.26702 -1.5511919260025024 0.11509858816862106
Cyclist 0.0 0 -1.7508623600006104 752.8740844726562 153.4888458251953 786.5098266601562 221.41578674316406 1.7604469 1.7655276 0.5817741 4.278968 1.2625549 19.640862 -1.5363537073135376 0.2350912243127823
Cyclist 0.0 0 2.6202497482299805 822.333984375 188.3657684326172 882.6881713867188 262.742919921875 1.3492501 1.8719953 0.6434304 6.26173 2.286109 18.79413 2.9418575763702393 0.14528897404670715
Cyclist 0.0 0 -1.688215970993042 664.3770751953125 188.219970703125 692.6588134765625 251.1956024169922 1.4219344 1.6852721 0.6281118 1.8739827 2.1349204 20.375692 -1.5965025424957275 0.13606780767440796
Car 0.0 0 1.8081179857254028 475.5769958496094 179.3611297607422 512.76025390625 203.64505004882812 3.9172616 1.5296994 1.5949243 -7.7748513 1.9860418 48.543667 1.649304747581482 0.6842026114463806
Car 0.0 0 1.0797343254089355 833.7589721679688 201.73170471191406 1242.0 375.0 4.1763263 1.4519442 1.6291071 2.780522 1.7251327 4.692314 1.614672303199768 0.18532676994800568
Car 0.0 0 1.7856837511062622 299.3873291015625 191.95484924316406 337.1881408691406 214.9131317138672 3.9663496 1.4967263 1.752107 -21.254436 2.9462323 52.63688 1.4019112586975098 0.17910981178283691
Car 0.0 0 -1.3672287464141846 766.4141845703125 187.45249938964844 850.06005859375 247.65093994140625 3.4379048 1.4676667 1.6185833 5.627846 1.9194173 20.408617 -1.0981576442718506 0.14098113775253296
