Pedestrian 0.0 0 -2.330477237701416 0.0 119.63217163085938 88.48667907714844 247.5851287841797 0.97089577 1.8277857 0.6552237 -8.4981985 1.067879 10.696328 -3.0018534660339355 0.42351922392845154
Pedestrian 0.0 0 2.2685282230377197 1141.1065673828125 54.874996185302734 1242.0 271.34039306640625 0.82302946 1.8583057 0.6405051 5.4302883 0.84584105 6.581352 2.9583890438079834 0.20605294406414032
Pedestrian 0.0 0 -2.6583645343780518 379.9565124511719 177.4073028564453 412.341552734375 237.97569274902344 0.72591895 1.78245 0.6246773 -6.462942 1.9219118 21.664003 -2.9482851028442383 0.18961367011070251
Pedestrian 0.0 0 -1.5271954536437988 759.9970703125 147.2362518310547 790.7527465820312 232.22430419921875 0.9245117 1.8597344 0.6409426 3.6981585 1.2995169 16.316496 -1.304309606552124 0.1789586842060089
Pedestrian 0.0 0 2.3642497062683105 727.0062866210938 139.88636779785156 759.8148803710938 202.78514099121094 0.7494254 1.8483433 0.62001824 3.95909 0.8799147 21.667343 2.5449774265289307 0.14419959485530853
Pedestrian 0.0 0 -0.37976643443107605 830.692626953125 101.31047821044922 911.7490844726562 262.685302734375 0.7290769 1.835153 0.59378004 3.0127323 1.0219185 8.513681 -0.03964855894446373 0.1304069310426712
Cyclist 0.0 0 -2.2881531715393066 0.0 121.06359100341797 90.01375579833984 248.7820587158203 1.0971066 1.8226093 0.65940636 -8.539974 1.083891 10.716848 -2.960984945297241 0.19337911903858185
Cyclist 0.0 0 -1.8088154792785645 676.2678833007812 164.1979522705078 693.0485229492188 200.23025512695312 1.7526373 1.7693646 0.43640372 3.7115767 1.344668 36.32618 -1.7069952487945557 0.18717743456363678
Car 0.0 0 1.8953126668930054 278.6759948730469 191.53427124023438 457.73309326171875 305.0884094238281 4.028589 1.5058986 1.6417589 -3.9132814 1.876195 12.259575 1.5863337516784668 0.9168797731399536
Car 0.0 0 1.8111956119537354 471.7195739746094 177.95071411132812 541.5999755859375 221.52581787109375 4.277207 1.5047162 1.6752127 -3.9033234 1.7159699 27.642036 1.6709134578704834 0.8284784555435181
Car 0.0 0 -1.6220275163650513 633.5951538085938 172.6124725341797 691.7081298828125 222.98583984375 3.4187713 1.4611726 1.62771 1.5375744 1.4545246 22.649403 -1.5542455911636353 0.8019950985908508
Car 0.0 0 -2.6125779151916504 404.58905029296875 171.6602325439453 490.5289611816406 205.40975952148438 3.7272627 1.5638885 1.6305746 -7.8547587 1.5089296 34.772057 -2.8347420692443848 0.17686310410499573
