Pedestrian 0.0 0 0.2666979432106018 815.0186157226562 144.35565185546875 852.3565673828125 213.60940551757812 0.811936 1.7900441 0.619044 5.8831983 1.0537881 19.126081 0.5651133060455322 0.47594237327575684
Pedestrian 0.0 0 0.5780321955680847 109.55125427246094 153.95477294921875 181.87588500976562 262.97357177734375 0.801177 1.7285208 0.5828037 -7.5880356 1.4292265 11.730362 0.0038595199584960938 0.2535857856273651
Pedestrian 0.0 0 -2.0947375297546387 256.2130432128906 175.2612762451172 284.0726318359375 226.9010467529297 0.63415706 1.76597 0.6484832 -11.895404 1.8517737 25.16103 -2.536365509033203 0.2535497546195984
Pedestrian 0.0 0 -1.4053608179092407 490.2989196777344 153.66380310058594 503.10076904296875 186.9445343017578 0.6078003 1.9863242 0.6699536 -6.8410788 0.84133613 43.368347 -1.5618152618408203 0.2321353405714035
Cyclist 0.0 0 1.1320189237594604 814.89892578125 145.48605346679688 853.733642578125 215.57745361328125 0.9499519 1.8102068 0.6390348 5.8937607 1.10375 19.146914 1.430632472038269 0.169388547539711
Car 0.0 0 1.834374189376831 270.08447265625 177.47091674804688 461.2002868652344 315.7179870605469 3.5405924 1.5066744 1.5374042 -3.1297667 1.5812039 9.785115 1.5248075723648071 0.8949083685874939
Car 0.0 0 -1.765690803527832 699.2927856445312 182.29006958007812 804.614501953125 257.1354064941406 3.594153 1.416405 1.5761708 2.9506924 1.648529 15.913401 -1.5823512077331543 0.868872344493866
Car 0.0 0 1.7261731624603271 459.17547607421875 176.15484619140625 531.1638793945312 228.4925079345703 3.9547741 1.4622674 1.6071621 -3.5101979 1.5740827 22.38334 1.5706182718276978 0.865885853767395
Car 0.0 0 1.6667697429656982 508.5946350097656 171.58670043945312 553.5658569335938 209.7045135498047 3.594303 1.5216626 1.5598483 -3.3329413 1.4714297 30.607777 1.5583051443099976 0.8058469295501709
Car 0.0 0 1.4851930141448975 655.3861083984375 176.42881774902344 701.7212524414062 213.1337890625 4.1561275 1.4637681 1.6330975 2.8626657 1.6293341 31.260033 1.5765142440795898 0.7697628736495972
Car 0.0 0 1.5115363597869873 644.917236328125 170.94276428222656 678.6270751953125 200.43478393554688 3.9503543 1.5540569 1.6228584 2.7886584 1.4537041 40.001537 1.5811375379562378 0.3126550316810608
