Pedestrian 0.0 0 -3.1292319297790527 943.8081665039062 135.84678649902344 977.418701171875 197.2318572998047 0.9224861 1.8683852 0.61315686 11.033973 0.51082826 21.999763 -2.6643455028533936 0.4033518135547638
Pedestrian 0.0 0 2.758030891418457 866.230712890625 139.6566925048828 897.7556762695312 189.28321838378906 0.9786035 1.8849478 0.58497906 10.606071 0.33511853 27.148561 3.1304664611816406 0.2408430576324463
Pedestrian 0.0 0 -2.269279718399048 1005.9257202148438 150.74671936035156 1050.176513671875 220.00347900390625 0.7492156 1.7719029 0.6679203 11.030542 1.0122699 18.507862 -1.7318123579025269 0.18883004784584045
Pedestrian 0.0 0 -0.4486905336380005 1096.3319091796875 150.73492431640625 1224.0 370.0 0.7334707 1.7249615 0.5508692 4.3738976 1.5058966 5.5868983 0.21552681922912598 0.17844563722610474
Pedestrian 0.0 0 -0.03926033899188042 586.0192260742188 170.05189514160156 596.8596801757812 196.05540466308594 0.73592585 1.8095835 0.5864612 -0.94791347 1.0838021 49.51277 -0.05840282887220383 0.1615706831216812
Pedestrian 0.0 0 2.0190162658691406 399.185546875 181.72006225585938 421.5138854980469 212.93185424804688 1.630066 1.6456273 0.50856185 -10.513149 1.7143873 38.187073 1.7503652572631836 0.12491879612207413
Pedestrian 0.0 0 3.6250858306884766 0.0 188.6868133544922 23.052400588989258 223.84185791015625 1.1894604 1.8383399 0.65172297 -31.859827 2.2806222 37.62383 2.922452926635742 0.12042991071939468
Cyclist 0.0 0 2.0190162658691406 399.185546875 181.72006225585938 421.5138854980469 212.93185424804688 1.630066 1.6456273 0.50856185 -10.513149 1.7143873 38.187073 1.7503652572631836 0.551202118396759
Cyclist 0.0 0 -0.11665377020835876 620.7838134765625 168.24896240234375 648.9773559570312 193.90667724609375 1.8749393 1.7498517 0.6320248 2.0519094 0.9156429 48.600513 -0.07445891946554184 0.47665902972221375
Cyclist 0.0 0 -0.1637260615825653 567.0123901367188 170.13327026367188 593.8987426757812 194.3796844482422 1.8564414 1.7355366 0.68097776 -1.7717136 0.9947833 51.121727 -0.19836896657943726 0.3978732228279114
Cyclist 0.0 0 3.6250858306884766 0.0 188.6868133544922 23.052400588989258 223.84185791015625 1.1894604 1.8383399 0.65172297 -31.859827 2.2806222 37.62383 2.922452926635742 0.21176747977733612
Cyclist 0.0 0 1.3154619932174683 869.5900268554688 140.41763305664062 893.9795532226562 190.21441650390625 1.1396182 1.8746789 0.60357773 10.619838 0.36722553 27.214096 1.6875202655792236 0.12708140909671783
Cyclist 0.0 0 -0.12186458706855774 944.081298828125 135.3618927001953 981.7938842773438 196.5019989013672 0.9812408 1.8633971 0.58186823 11.088072 0.48925924 21.98393 0.3452742099761963 0.11745110899209976
Car 0.0 0 -1.5108100175857544 528.98046875 174.82923889160156 558.4043579101562 199.87937927246094 3.7076085 1.4760951 1.5876018 -3.7399611 1.1433129 43.531948 -1.5965125560760498 0.6014022827148438
Car 0.0 0 2.677333116531372 875.187744140625 146.09779357910156 994.4713745117188 186.43032836914062 4.196447 1.6330258 1.7053757 13.692974 0.24160564 29.538387 3.111410617828369 0.47994405031204224
Car 0.0 0 -1.7111057043075562 618.8386840820312 170.4773406982422 647.8759155273438 192.9933624267578 3.5277963 1.5408787 1.5766964 1.9845688 0.85628873 50.216007 -1.6716055870056152 0.21328775584697723
Car 0.0 0 1.7287362813949585 17.184255599975586 190.1320037841797 87.2331771850586 233.11880493164062 3.7681286 1.5115591 1.5962062 -21.665285 1.9196006 27.803892 1.0667965412139893 0.1907729208469391
