Pedestrian 0.0 0 3.669769048690796 145.1859588623047 179.0616912841797 210.54725646972656 267.7674560546875 0.98969555 1.7993414 0.6058848 -8.879171 1.7717924 14.64827 3.124833583831787 0.348143607378006
Pedestrian 0.0 0 1.3586227893829346 534.4238891601562 111.4927749633789 601.185546875 264.1659851074219 0.8266016 1.845456 0.6880683 -0.53856254 1.0130031 9.032039 1.299065351486206 0.34614378213882446
Pedestrian 0.0 0 2.353764295578003 293.2782287597656 166.7237091064453 353.4527893066406 269.77581787109375 0.79696774 1.8215431 0.65734303 -5.2088637 1.5796775 12.9880295 1.9723520278930664 0.3107951879501343
Pedestrian 0.0 0 1.2641985416412354 502.3837585449219 139.79345703125 543.3305053710938 233.57603454589844 0.7297575 1.865352 0.64336026 -1.7352383 1.0573206 14.523483 1.1452841758728027 0.31040266156196594
Pedestrian 0.0 0 3.6917877197265625 53.40880584716797 177.03111267089844 78.13965606689453 213.01966857910156 0.83488864 1.8487998 0.59019 -27.964176 1.6720177 36.653374 3.0400588512420654 0.22329165041446686
Pedestrian 0.0 0 0.03367375582456589 421.53656005859375 175.71380615234375 585.17431640625 332.830810546875 1.731791 1.6571865 0.57904047 -1.1581302 1.6083949 7.8379297 -0.11302448064088821 0.18596118688583374
Pedestrian 0.0 0 -1.9746036529541016 568.478515625 146.13455200195312 621.9721069335938 260.0408935546875 0.6861685 1.8057098 0.6635395 -0.21317399 1.2625842 11.652466 -1.9928959608078003 0.15805207192897797
Cyclist 0.0 0 0.04139979928731918 419.7427673339844 174.80194091796875 587.5861206054688 334.2596130371094 1.7788024 1.6848141 0.5896425 -1.1543995 1.6262994 7.8516865 -0.10458000749349594 0.8082916736602783
Cyclist 0.0 0 3.5986459255218506 7.169040679931641 180.73365783691406 62.11530303955078 230.44798278808594 1.3777506 1.7351142 0.64751977 -20.296677 1.7451 25.144053 2.919520616531372 0.18067549169063568
Car 0.0 0 1.9355788230895996 186.326904296875 179.25643920898438 232.66156005859375 201.93641662597656 3.8816981 1.5322595 1.5681019 -27.786922 1.4495584 49.796642 1.4266083240509033 0.2649364173412323
Car 0.0 0 -1.4408079385757446 569.0018920898438 149.4116973876953 678.9411010742188 246.3903350830078 3.5772398 1.575118 1.6128906 0.44295317 1.0718375 13.374675 -1.4077012538909912 0.16686473786830902
Car 0.0 0 1.8340513706207275 6.826244354248047 184.75189208984375 92.44332885742188 228.29417419433594 3.9401503 1.4926448 1.5750054 -20.926403 1.6678903 26.76776 1.17052161693573 0.15830901265144348
Car 0.0 0 2.244438886642456 205.9811553955078 173.1995391845703 270.2540588378906 197.4895477294922 3.9628177 1.5159407 1.6110725 -23.906271 1.0616668 46.222446 1.7671258449554443 0.14686894416809082
