Pedestrian 0.0 0 0.7839887142181396 930.18603515625 148.69482421875 996.3751831054688 259.9876403808594 0.81209767 1.819639 0.6146132 5.988767 1.2236532 12.233495 1.2392321825027466 0.2540104389190674
Pedestrian 0.0 0 -1.6120469570159912 676.608154296875 184.21353149414062 699.1399536132812 243.52308654785156 1.5855818 1.7336622 0.6098251 2.376794 1.7054994 21.820393 -1.503549337387085 0.16919417679309845
Cyclist 0.0 0 -1.608415126800537 677.5379638671875 183.1395721435547 699.6727905273438 243.12840270996094 1.7500246 1.7423562 0.5950379 2.3921583 1.683187 21.76926 -1.4989672899246216 0.32627806067466736
Cyclist 0.0 0 -0.9954662322998047 0.0 197.96575927734375 57.08186340332031 297.0196533203125 1.5705887 1.6513712 0.341246 -10.692918 1.8970783 12.985994 -1.6843249797821045 0.1991182267665863
Car 0.0 0 -1.4126561880111694 435.6688232421875 187.9537811279297 505.48175048828125 238.4813690185547 3.9501607 1.496093 1.634873 -4.4288454 1.5943377 23.494928 -1.5989720821380615 0.7498206496238708
Car 0.0 0 1.715996265411377 482.6242370605469 179.3149871826172 525.5582275390625 213.32374572753906 3.5234315 1.5570464 1.5573438 -4.980711 1.2880217 34.671764 1.5733190774917603 0.7291958332061768
Car 0.0 0 -1.0276386737823486 30.709850311279297 192.0374298095703 251.61317443847656 290.7432861328125 3.6291957 1.4780318 1.6471792 -8.107907 1.6184578 12.844131 -1.5907224416732788 0.5898028016090393
Car 0.0 0 -1.5647408962249756 574.892822265625 182.29611206054688 604.7952880859375 210.18893432617188 3.721118 1.5155697 1.6249632 -1.0385733 1.3580639 40.93149 -1.590108871459961 0.5372524857521057
Car 0.0 0 3.0508689880371094 431.7728271484375 179.8666534423828 503.0832824707031 206.4989776611328 4.0337863 1.5358224 1.6538416 -8.395476 1.2284871 42.810497 2.8572185039520264 0.254867285490036
Car 0.0 0 -2.5743350982666016 328.9460754394531 190.5313720703125 484.35791015625 247.7703857421875 3.9899256 1.4951947 1.6378473 -5.7262826 1.657179 20.387884 -2.8481476306915283 0.2402821183204651
Car 0.0 0 2.3907032012939453 0.0 199.51742553710938 84.39840698242188 376.0 4.109851 1.4909402 1.6447419 -7.8483095 1.6823643 7.4967055 1.5823959112167358 0.2237246185541153
Car 0.0 0 3.88757061958313 0.0 190.78404235839844 53.58773422241211 281.83966064453125 3.869093 1.4913938 1.6070079 -12.43951 1.5978163 12.732089 3.113795280456543 0.19601252675056458
