Pedestrian 0.0 0 -1.6607134342193604 753.66455078125 151.9281463623047 777.0130615234375 211.91256713867188 0.9125333 1.8144403 0.6221006 5.035011 0.921056 22.219423 -1.4378727674484253 0.6621741652488708
Pedestrian 0.0 0 -1.4487732648849487 637.9485473632812 158.61537170410156 671.0882568359375 244.8365936279297 0.90395445 1.7749705 0.6005137 1.1012256 1.3051006 15.286569 -1.3768587112426758 0.6141149401664734
Pedestrian 0.0 0 -1.7209174633026123 705.5498046875 160.36325073242188 737.1935424804688 233.75338745117188 0.89564055 1.7675176 0.6414202 2.9201198 1.2596588 17.74959 -1.5578604936599731 0.5845215320587158
Pedestrian 0.0 0 -1.4874067306518555 625.469482421875 158.40234375 649.8265991210938 215.20033264160156 0.97873414 1.81654 0.7190011 1.1669124 1.078919 23.50423 -1.4378005266189575 0.5796753764152527
Pedestrian 0.0 0 -1.5273860692977905 730.5740966796875 154.49855041503906 757.8858032226562 224.0260009765625 0.86487097 1.8180857 0.684265 3.8083267 1.1131905 19.282257 -1.3323915004730225 0.5147839784622192
Pedestrian 0.0 0 -1.279800534248352 375.0695495605469 144.8614501953125 472.1182861328125 345.0320739746094 0.8279026 1.6888362 0.64371157 -1.6297522 1.381104 6.48592 -1.5259791612625122 0.47669968008995056
Pedestrian 0.0 0 -2.4218430519104004 334.0296936035156 163.4810791015625 378.7915344238281 246.4491729736328 0.64120126 1.7181323 0.63759995 -5.248251 1.3462269 15.289508 -2.7524993419647217 0.4694516360759735
Pedestrian 0.0 0 -0.6165066361427307 662.8463745117188 163.6851806640625 701.4810180664062 234.87869262695312 0.75681776 1.7553276 0.6102381 2.0054781 1.3172791 18.15884 -0.5065115094184875 0.4561481475830078
Pedestrian 0.0 0 1.9766039848327637 467.4710998535156 160.10415649414062 492.18890380859375 214.91177368164062 0.713225 1.8251784 0.59350115 -4.1396914 1.113747 24.335442 1.8081073760986328 0.4256938397884369
Pedestrian 0.0 0 1.7238597869873047 679.8469848632812 153.96022033691406 712.2142333984375 240.27471923828125 0.68754166 1.74816 0.57207227 1.9375004 1.1916287 14.955864 1.8526902198791504 0.4222812056541443
Pedestrian 0.0 0 2.820197820663452 812.0441284179688 145.55450439453125 850.599609375 212.927490234375 0.8787737 1.8432612 0.5852065 6.346591 0.8609822 19.94881 3.128216028213501 0.3261621594429016
Pedestrian 0.0 0 1.9064648151397705 721.1145629882812 161.58413696289062 741.0034790039062 205.41665649414062 0.7671463 1.8054154 0.60090077 5.4125967 0.98608935 30.066563 2.0845775604248047 0.3170248568058014
Pedestrian 0.0 0 -1.5193729400634766 502.794921875 150.84384155273438 516.6011352539062 189.69866943359375 0.61003536 1.9713569 0.6716526 -4.6995487 0.41684207 36.772697 -1.6464837789535522 0.2734121084213257
Pedestrian 0.0 0 1.4670406579971313 267.2525634765625 191.864013671875 344.8582763671875 364.4005432128906 1.7811434 1.6741301 0.6018754 -3.3746853 1.8043345 8.003835 1.0680248737335205 0.10628335177898407
Pedestrian 0.0 0 0.6112138628959656 931.8605346679688 125.88373565673828 1064.0220947265625 246.27198791503906 1.7230972 1.7153702 0.6638592 6.0561876 0.924229 11.151862 1.1087172031402588 0.10436759144067764
Cyclist 0.0 0 1.6494303941726685 885.2493286132812 134.54856872558594 926.6030883789062 235.0225067138672 1.8225254 1.7679665 0.5825512 5.7370925 0.9430711 13.580458 2.0491409301757812 0.394001305103302
Cyclist 0.0 0 1.4670406579971313 267.2525634765625 191.864013671875 344.8582763671875 364.4005432128906 1.7811434 1.6741301 0.6018754 -3.3746853 1.8043345 8.003835 1.0680248737335205 0.2977941334247589
Cyclist 0.0 0 0.6112138628959656 931.8605346679688 125.88373565673828 1064.0220947265625 246.27198791503906 1.7230972 1.7153702 0.6638592 6.0561876 0.924229 11.151862 1.1087172031402588 0.28497886657714844
Cyclist 0.0 0 -0.893903911113739 747.2819213867188 179.57936096191406 904.4303588867188 349.1819152832031 1.7498147 1.6071341 0.62174314 2.33662 1.5903082 7.551433 -0.5938207507133484 0.2733399271965027
Cyclist 0.0 0 -1.6607134342193604 753.66455078125 151.9281463623047 777.0130615234375 211.91256713867188 0.9125333 1.8144403 0.6221006 5.035011 0.921056 22.219423 -1.4378727674484253 0.161031574010849
Cyclist 0.0 0 -1.5440537929534912 626.7747802734375 157.7503662109375 649.310791015625 214.43142700195312 0.99790287 1.8094134 0.7106114 1.177124 1.0523607 23.453358 -1.4939059019088745 0.11791599541902542
Cyclist 0.0 0 -1.7295628786087036 705.15771484375 160.14517211914062 737.3040161132812 234.5515594482422 0.98671734 1.786066 0.6313517 2.913085 1.2746574 17.735075 -1.5667610168457031 0.10830444097518921
Cyclist 0.0 0 -1.1864745616912842 364.9704895019531 142.48561096191406 471.36187744140625 346.9676818847656 0.888488 1.6878085 0.63636786 -1.6566137 1.36717 6.4086623 -1.4394333362579346 0.10690336674451828
Car 0.0 0 1.6367956399917603 564.6436767578125 172.00570678710938 596.1959228515625 199.3644561767578 3.9186594 1.5344859 1.6029205 -1.1927317 1.0027789 42.27526 1.6085896492004395 0.6604122519493103
