Pedestrian 0.0 0 1.6449494361877441 762.3738403320312 120.09413146972656 797.9074096679688 225.9046173095703 0.6713126 1.8504915 0.5785491 3.0252903 0.9281459 13.022614 1.873211145401001 0.5111247301101685
Pedestrian 0.0 0 1.443196415901184 682.8176879882812 137.0718536376953 706.4096069335938 196.29635620117188 0.8301161 1.9097075 0.666864 2.7254667 0.7562621 23.682766 1.5577746629714966 0.34675487875938416
Pedestrian 0.0 0 -2.022718906402588 0.0 193.8812255859375 69.694580078125 338.86151123046875 0.69564193 1.7402537 0.6384532 -7.517863 2.02211 9.220676 -2.706735610961914 0.28844502568244934
Cyclist 0.0 0 1.4555695056915283 682.5301513671875 136.64076232910156 706.3960571289062 196.33921813964844 0.9071881 1.9257423 0.67739576 2.7248755 0.7579401 23.726387 1.5699143409729004 0.13582438230514526
Car 0.0 0 -1.8561984300613403 731.1290893554688 182.92013549804688 921.2713012695312 312.38909912109375 3.4967766 1.4942884 1.6240405 2.824204 1.6638649 10.363031 -1.5901329517364502 0.9281806349754333
Car 0.0 0 -1.3509955406188965 362.22894287109375 194.5972900390625 469.8032531738281 272.77117919921875 3.6688147 1.4828821 1.6132113 -4.370223 2.0392485 16.584433 -1.608651876449585 0.8953030109405518
Car 0.0 0 -1.3750916719436646 444.0469970703125 181.70191955566406 512.0845947265625 230.8081512451172 3.8975074 1.5628794 1.6473941 -4.6400495 1.9016283 25.630507 -1.5541881322860718 0.8815563321113586
Car 0.0 0 -1.6779837608337402 671.4373779296875 180.7184600830078 741.3602905273438 238.1948699951172 3.353978 1.4737139 1.6131344 2.6304429 1.71766 20.653244 -1.5513036251068115 0.8393536806106567
Car 0.0 0 1.6595488786697388 498.0553283691406 183.43798828125 532.8732299804688 213.5701141357422 3.6880045 1.5225015 1.57787 -5.1852894 2.131971 39.646957 1.5295004844665527 0.7298707365989685
Car 0.0 0 -1.6691789627075195 641.4085083007812 177.8188018798828 679.6353149414062 208.9366912841797 3.4883509 1.463111 1.5714955 2.4554603 1.7251098 36.254253 -1.6015533208847046 0.6505398154258728
