Pedestrian 0.0 0 -1.679476261138916 450.15045166015625 156.2928009033203 502.6972961425781 266.39520263671875 0.8855066 1.748622 0.76285696 -2.2843418 1.4859585 11.991531 -1.8677171468734741 0.46722301840782166
Pedestrian 0.0 0 2.3807783126831055 586.9473266601562 161.1373748779297 614.8382568359375 212.64602661132812 0.7884066 1.8435212 0.6481614 -0.37526587 1.4245353 26.328835 2.3665261268615723 0.2574164569377899
Pedestrian 0.0 0 -1.7408322095870972 563.8051147460938 157.39776611328125 577.8331909179688 190.82644653320312 0.8062499 1.9351162 0.6925613 -2.3307524 1.040745 42.2358 -1.795960545539856 0.2457653135061264
Pedestrian 0.0 0 -1.1340322494506836 0.0 175.60690307617188 16.119754791259766 204.76426696777344 0.80820686 1.8203138 0.6528048 -38.174316 1.9964998 45.60741 -1.8309422731399536 0.2086152583360672
Cyclist 0.0 0 -1.7932798862457275 563.174072265625 156.6989288330078 578.3202514648438 189.81935119628906 0.93381375 1.9160329 0.6963407 -2.3381503 0.981812 42.283028 -1.8485212326049805 0.11120115965604782
Car 0.0 0 2.99426531791687 638.587646484375 169.24053955078125 710.9238891601562 197.1805877685547 3.8387873 1.5303587 1.6272757 3.5598714 1.3327969 40.44441 3.0820579528808594 0.7354751825332642
Car 0.0 0 1.162980318069458 768.8551025390625 165.7296600341797 810.8873291015625 187.1226348876953 3.853636 1.5305709 1.6323775 13.297661 1.0212135 53.6547 1.4059228897094727 0.4874589443206787
Car 0.0 0 0.8756383657455444 1045.4989013671875 161.30117797851562 1105.4755859375 184.1160125732422 4.000521 1.6841947 1.6921536 35.605995 0.8317209 55.35056 1.4472761154174805 0.4032280445098877
Car 0.0 0 1.2756898403167725 802.9349365234375 164.37100219726562 840.8370361328125 185.60646057128906 4.0494657 1.5593009 1.6600554 16.076584 0.9367591 55.01268 1.560006856918335 0.3836802542209625
Car 0.0 0 2.901982545852661 104.35892486572266 174.43572998046875 214.822998046875 210.39747619628906 3.9144344 1.4983639 1.5998342 -20.072811 1.5735923 32.19189 2.3444364070892334 0.25887545943260193
