Pedestrian 0.0 0 1.5209550857543945 814.5701293945312 156.01588439941406 840.6599731445312 228.59820556640625 0.7161023 1.7781022 0.58901983 5.400745 1.3659647 18.091139 1.8110625743865967 0.6369583606719971
Pedestrian 0.0 0 -0.7611469030380249 64.59965515136719 174.6123504638672 110.60576629638672 237.72535705566406 0.82948685 1.7566469 0.67068946 -14.934403 1.808293 20.574713 -1.3890199661254883 0.37944531440734863
Pedestrian 0.0 0 -2.23529314994812 192.2243194580078 181.0056610107422 221.85299682617188 226.9178924560547 0.75611883 1.6780734 0.6357006 -15.100675 1.9880521 26.964088 -2.7458035945892334 0.322661817073822
Pedestrian 0.0 0 -2.5228147506713867 1189.603271484375 142.31967163085938 1242.0 253.56358337402344 0.7324829 1.7571278 0.6284487 10.067277 1.2751876 11.826044 -1.8175779581069946 0.2748142182826996
Pedestrian 0.0 0 -2.079726457595825 717.822509765625 162.8451385498047 736.615966796875 194.78311157226562 1.1084621 1.7691288 0.5750841 6.5531025 1.2150699 40.58427 -1.9196391105651855 0.1967002898454666
Pedestrian 0.0 0 -1.600529432296753 795.8684692382812 165.32908630371094 809.2421875 202.26475524902344 0.76370597 1.7908051 0.61062235 9.411424 1.4263222 35.421993 -1.3408350944519043 0.1953597366809845
Pedestrian 0.0 0 -1.7679336071014404 1069.514892578125 133.60140991210938 1120.6883544921875 239.59072875976562 0.73662704 1.7975363 0.61208576 8.466184 1.1321858 12.691417 -1.179645299911499 0.18430331349372864
Cyclist 0.0 0 -2.095141649246216 716.851806640625 163.34103393554688 737.2733154296875 195.1087646484375 1.3082526 1.7572368 0.55266607 6.5481715 1.2313838 40.61887 -1.9353066682815552 0.1726386994123459
Cyclist 0.0 0 -0.825852632522583 62.59061050415039 174.3308868408203 110.56022644042969 237.93081665039062 0.93228465 1.7637992 0.6443529 -14.928979 1.8072113 20.531054 -1.454563021659851 0.11111196130514145
Car 0.0 0 2.0317084789276123 191.05943298339844 188.35545349121094 309.53485107421875 244.23724365234375 4.1507273 1.5027802 1.6404446 -11.159395 2.0340416 22.631266 1.573599100112915 0.8412683606147766
Car 0.0 0 1.8772122859954834 72.74557495117188 190.03541564941406 167.55259704589844 242.28053283691406 3.541461 1.4646009 1.543207 -15.809057 2.067923 23.401985 1.2830893993377686 0.2500278651714325
Car 0.0 0 2.306586265563965 0.0 193.99986267089844 39.36418533325195 268.0807189941406 3.874088 1.430253 1.590023 -15.794126 1.9855919 16.986874 1.557557463645935 0.2045164704322815
