Pedestrian 0.0 0 1.9400715827941895 477.8101501464844 179.89584350585938 496.4020080566406 209.50909423828125 1.7463738 1.7270601 0.50853705 -7.417972 2.159999 43.41504 1.7708439826965332 0.14072123169898987
Cyclist 0.0 0 1.9400715827941895 477.8101501464844 179.89584350585938 496.4020080566406 209.50909423828125 1.7463738 1.7270601 0.50853705 -7.417972 2.159999 43.41504 1.7708439826965332 0.6086304783821106
Cyclist 0.0 0 -2.0300867557525635 964.3369750976562 155.5421142578125 1087.352783203125 289.928466796875 1.9109005 1.7034302 0.7056483 5.695217 1.484349 10.116129 -1.5173298120498657 0.4718222916126251
Car 0.0 0 -1.9671543836593628 786.5484619140625 176.47442626953125 1080.6103515625 352.4504699707031 3.5177057 1.4779688 1.5906639 3.1353357 1.5268964 7.903617 -1.5894992351531982 0.9257074594497681
Car 0.0 0 2.0602810382843018 34.08960723876953 193.34588623046875 397.9201354980469 375.0 3.8820088 1.4782043 1.5865139 -3.693224 1.7487199 7.5427923 1.6049588918685913 0.895836353302002
Car 0.0 0 -1.8349393606185913 649.9920043945312 178.06985473632812 712.357177734375 218.00167846679688 3.7271845 1.5011398 1.6158946 2.8058836 1.72983 29.610456 -1.7404615879058838 0.8055490851402283
Car 0.0 0 -3.2824618816375732 785.6348876953125 175.8372344970703 929.5674438476562 230.48220825195312 3.8920224 1.545188 1.6464542 7.2816305 1.6400498 21.69076 -2.95858097076416 0.7128177881240845
Car 0.0 0 2.3735928535461426 547.56103515625 179.12353515625 595.1472778320312 198.1325225830078 3.8805273 1.4742035 1.597183 -3.1665013 2.0061808 59.214973 2.320168972015381 0.6635805368423462
Car 0.0 0 -2.4175634384155273 953.3865356445312 202.7512664794922 1242.0 375.0 4.031171 1.4489062 1.5931894 3.0992768 1.6523035 2.8647182 -1.592856526374817 0.50755774974823
Car 0.0 0 1.2663068771362305 587.9841918945312 178.21853637695312 630.48388671875 204.2206268310547 3.6951842 1.4876529 1.5539917 -0.12467151 1.8307348 44.098164 1.2634797096252441 0.4211525321006775
