Pedestrian 0.0 0 -1.0180222988128662 0.0 117.21107482910156 67.41460418701172 238.41761779785156 1.0760909 1.7902446 0.64264417 -9.180106 0.96874547 11.23029 -1.7033082246780396 0.3620266020298004
Pedestrian 0.0 0 1.218087911605835 1194.55029296875 113.72537994384766 1242.0 221.10385131835938 0.993827 1.8447133 0.640488 11.054282 0.82926846 12.969945 1.9239157438278198 0.28967711329460144
Cyclist 0.0 0 -1.0521056652069092 0.0 119.16844177246094 71.02350616455078 241.1737518310547 1.1185669 1.8038627 0.6764164 -9.17055 1.0104733 11.27233 -1.7350515127182007 0.20084159076213837
Cyclist 0.0 0 1.218087911605835 1194.55029296875 113.72537994384766 1242.0 221.10385131835938 0.993827 1.8447133 0.640488 11.054282 0.82926846 12.969945 1.9239157438278198 0.10751223564147949
Car 0.0 0 3.5252809524536133 0.0 154.8629913330078 357.619384765625 295.4215087890625 4.0109773 1.6616957 1.6816996 -5.685259 1.4493622 9.6555805 2.993133306503296 0.8483633995056152
Car 0.0 0 -2.762694835662842 346.3331604003906 176.55653381347656 468.1933288574219 223.01234436035156 3.7431366 1.5399693 1.6260493 -7.04082 1.6742003 25.08089 -3.0363752841949463 0.6244933605194092
Car 0.0 0 1.3395073413848877 699.5028076171875 178.7406768798828 820.6852416992188 258.5445251464844 3.9678671 1.4437301 1.6109507 2.9819047 1.5858749 15.361984 1.531232476234436 0.5696138739585876
Car 0.0 0 3.4250197410583496 84.50956726074219 175.40769958496094 365.8990783691406 274.5174255371094 3.8636308 1.4932888 1.6010503 -6.2746034 1.5405478 12.088739 2.9462523460388184 0.5086914896965027
Car 0.0 0 -2.8213865756988525 379.36016845703125 175.60223388671875 498.14801025390625 216.72103881835938 4.141564 1.5172561 1.6370354 -6.5775967 1.6271191 27.750994 -3.0541138648986816 0.3459053635597229
Car 0.0 0 3.051121234893799 490.56866455078125 179.2884979248047 552.9093017578125 204.46510314941406 3.7039998 1.4985111 1.5977463 -5.5194144 1.9081126 44.71542 2.9283082485198975 0.3288860023021698
Car 0.0 0 1.7748112678527832 636.3297729492188 175.33090209960938 676.3939208984375 201.2755126953125 4.020097 1.4646206 1.6190932 2.7963865 1.6209959 43.29324 1.8393133878707886 0.2732335329055786
