Pedestrian 0.0 0 -1.255507230758667 796.80029296875 159.45175170898438 827.0029296875 226.0381317138672 0.70379645 1.7490358 0.59469646 5.38614 1.3973547 19.407639 -0.9847934246063232 0.6268299221992493
Pedestrian 0.0 0 -2.3659565448760986 213.25634765625 182.12249755859375 241.1631622314453 226.39051818847656 0.7582743 1.7049239 0.610641 -15.082732 2.074676 28.35394 -2.854832172393799 0.3719725012779236
Pedestrian 0.0 0 2.287287473678589 99.2210922241211 166.78955078125 144.28062438964844 228.3191680908203 1.0013083 1.8315797 0.6388751 -14.928328 1.6514146 22.011019 1.691328525543213 0.280234694480896
Pedestrian 0.0 0 -2.0954151153564453 1129.77685546875 139.93402099609375 1192.9285888671875 239.54957580566406 0.7725928 1.7836958 0.6231034 10.124726 1.1945951 13.33899 -1.4461584091186523 0.24232470989227295
Pedestrian 0.0 0 1.4078543186187744 1024.7230224609375 144.03453063964844 1068.1346435546875 238.21568298339844 0.7337601 1.792744 0.617109 8.517686 1.2445214 14.186589 1.948570966720581 0.1844349354505539
Pedestrian 0.0 0 -1.7894797325134277 1189.9886474609375 162.79835510253906 1242.0 279.8329162597656 1.011509 1.7253813 0.5942444 9.468405 1.5774937 11.220388 -1.0885627269744873 0.14813023805618286
Cyclist 0.0 0 2.2273125648498535 93.8401870727539 167.16534423828125 142.26324462890625 228.90185546875 1.2018635 1.8180459 0.6059206 -14.934927 1.6508815 21.862705 1.6280031204223633 0.19684691727161407
Cyclist 0.0 0 -2.0570621490478516 721.5009155273438 169.86866760253906 736.8279418945312 193.34249877929688 1.7334589 1.7729031 0.39459956 9.112101 1.5477873 55.377205 -1.893977403640747 0.15906314551830292
Car 0.0 0 2.0092008113861084 243.1986083984375 185.35696411132812 345.0549621582031 235.08688354492188 4.2344666 1.5469049 1.670823 -11.130456 2.0290208 25.658537 1.599907398223877 0.843163013458252
Car 0.0 0 -1.533342957496643 599.6286010742188 173.70541381835938 627.8575439453125 199.6070098876953 4.0836225 1.57518 1.6532671 0.24661958 1.6323737 46.08861 -1.5279920101165771 0.48322710394859314
Car 0.0 0 1.7869131565093994 346.3300476074219 175.65020751953125 429.71746826171875 229.97080993652344 4.169263 1.5246558 1.6329478 -6.879647 1.6209594 22.61249 1.4915701150894165 0.17719942331314087
