Car 0.0 0 -1.6967142820358276 671.1806640625 176.00808715820312 738.5380249023438 228.02755737304688 3.6974976 1.4854051 1.6253976 2.8490682 1.5929776 22.674393 -1.5717179775238037 0.9201907515525818
Car 0.0 0 -2.1064257621765137 833.0473022460938 200.0117950439453 1242.0 375.0 3.5453174 1.3941921 1.5348276 2.8672817 1.653487 5.0873795 -1.5931957960128784 0.8642356395721436
Car 0.0 0 -1.8406144380569458 732.3003540039062 182.1353302001953 919.8819580078125 304.90411376953125 3.8938863 1.4408603 1.599303 2.9029438 1.6041356 10.711535 -1.5759605169296265 0.8636130690574646
Car 0.0 0 -2.665192127227783 155.12646484375 166.74652099609375 397.8376770019531 255.101318359375 3.8260143 1.5522838 1.6353664 -6.2086263 1.4453408 13.581608 -3.093963623046875 0.8228141069412231
Car 0.0 0 0.5999508500099182 0.0 155.3931121826172 269.3434753417969 289.60345458984375 3.8278062 1.4845781 1.5985559 -6.5249224 1.291791 8.845495 -0.035602424293756485 0.7428559064865112
Car 0.0 0 0.45905664563179016 312.03631591796875 173.08544921875 473.7961730957031 227.72972106933594 4.2891083 1.5264312 1.6641066 -6.415913 1.5340128 21.339586 0.16699647903442383 0.6971699595451355
Car 0.0 0 -2.5108871459960938 60.48995590209961 188.64599609375 356.08172607421875 296.22430419921875 3.7733169 1.4581819 1.577329 -6.1217313 1.7238268 11.097647 -3.0149765014648438 0.6522803902626038
Car 0.0 0 0.8333315849304199 0.0 167.6845703125 236.59449768066406 353.71478271484375 4.0741887 1.4488378 1.5961041 -5.8951907 1.4089353 6.6263247 0.10625743865966797 0.5902373790740967
Car 0.0 0 -1.698182225227356 647.3875732421875 170.6182861328125 692.551025390625 206.98825073242188 3.8255572 1.5953645 1.6102425 2.6945827 1.4976535 33.59618 -1.6181485652923584 0.5813705325126648
Car 0.0 0 0.26041877269744873 371.9891357421875 167.38111877441406 501.8563537597656 215.3447265625 4.2826214 1.6789281 1.7200679 -6.249518 1.4877123 26.169525 0.026000261306762695 0.49392983317375183
