Pedestrian 0.0 0 1.5334514379501343 477.0795593261719 179.1818084716797 489.0483093261719 213.96673583984375 1.9642266 1.8142256 0.5613527 -6.9084444 2.1657426 39.019455 1.3582161664962769 0.1004219800233841
Cyclist 0.0 0 1.5334514379501343 477.0795593261719 179.1818084716797 489.0483093261719 213.96673583984375 1.9642266 1.8142256 0.5613527 -6.9084444 2.1657426 39.019455 1.3582161664962769 0.6143537163734436
Car 0.0 0 -2.0783491134643555 849.512451171875 187.1066131591797 1242.0 375.0 3.629082 1.4815996 1.5932051 3.0964074 1.6239116 5.3561535 -1.5541859865188599 0.8853147029876709
Car 0.0 0 -1.8483214378356934 653.7868041992188 180.85235595703125 722.6953125 224.97161865234375 3.63305 1.4835511 1.6033245 2.7935493 1.8033518 26.886524 -1.7447915077209473 0.8441929817199707
Car 0.0 0 2.247793197631836 0.0 211.87425231933594 299.44366455078125 375.0 3.638239 1.4253633 1.5157119 -3.7021682 1.7855146 4.815296 1.59234619140625 0.8128471970558167
Car 0.0 0 -3.626443386077881 995.60986328125 172.89486694335938 1194.249755859375 234.95111083984375 3.8571494 1.4804943 1.6078805 12.051577 1.4819399 18.204802 -3.0416786670684814 0.7869123816490173
Car 0.0 0 -1.807664394378662 590.342041015625 180.0273895263672 632.226318359375 208.48455810546875 3.5616693 1.5224427 1.609826 -0.0054233456 1.9543741 41.48717 -1.8077951669692993 0.6389919519424438
Car 0.0 0 2.3030905723571777 546.331787109375 179.5701446533203 593.83984375 199.63739013671875 3.8109548 1.482756 1.5805558 -3.1247778 2.0285661 56.61689 2.247954845428467 0.609793484210968
Car 0.0 0 -3.2856252193450928 805.4948120117188 179.0393524169922 965.76123046875 242.57521057128906 3.7620785 1.5582778 1.6488501 7.127213 1.7329663 19.130596 -2.928999185562134 0.6091728806495667
Car 0.0 0 2.123969316482544 623.9868774414062 176.48866271972656 671.850341796875 198.25979614257812 4.0554557 1.5258859 1.6561155 2.8199432 1.8061275 53.420414 2.176708221435547 0.34561145305633545
