Pedestrian 0.0 0 1.302227258682251 1079.79345703125 114.0476303100586 1145.8624267578125 232.71702575683594 0.9912296 1.8548515 0.6465478 8.180816 0.9360416 11.849627 1.906471610069275 0.3552854061126709
Pedestrian 0.0 0 -1.5613396167755127 641.8642578125 154.12112426757812 653.19287109375 188.08416748046875 0.65916073 1.9610472 0.65337056 2.1532996 0.8797573 42.00807 -1.5101252794265747 0.20562703907489777
Pedestrian 0.0 0 -1.8199446201324463 744.6423950195312 124.25204467773438 795.2661743164062 236.26577758789062 0.8068491 1.8505995 0.66290486 2.6686175 1.0479954 12.33302 -1.6068499088287354 0.18851397931575775
Cyclist 0.0 0 -2.561152458190918 188.82009887695312 186.752685546875 254.54847717285156 240.95274353027344 1.8586527 1.7519934 0.6682258 -12.921527 2.2215786 23.944439 -3.056011915206909 0.25471892952919006
Cyclist 0.0 0 1.302227258682251 1079.79345703125 114.0476303100586 1145.8624267578125 232.71702575683594 0.9912296 1.8548515 0.6465478 8.180816 0.9360416 11.849627 1.906471610069275 0.1204545795917511
Car 0.0 0 1.7856875658035278 345.8191223144531 190.84364318847656 477.9257507324219 282.13873291015625 4.264928 1.4738034 1.6864474 -3.8805768 1.8939418 14.666701 1.5270304679870605 0.8720839619636536
Car 0.0 0 2.0189483165740967 144.2459259033203 200.1534881591797 335.4798583984375 299.8453369140625 4.0312366 1.4609815 1.6110874 -6.815953 2.0567167 13.707199 1.5575003623962402 0.860022246837616
Car 0.0 0 1.7193200588226318 450.70416259765625 188.3642578125 514.1731567382812 240.24813842773438 3.4390895 1.4735583 1.5215575 -4.083086 2.0114913 23.26709 1.54560124874115 0.8024793267250061
Car 0.0 0 -1.6584800481796265 635.8480834960938 178.1256103515625 675.3001098632812 209.97605895996094 3.5474818 1.4471912 1.6044819 2.1353936 1.7176422 35.170708 -1.59783935546875 0.6177226305007935
Car 0.0 0 2.8642308712005615 755.734130859375 167.54989624023438 874.0926513671875 208.05279541015625 4.1865997 1.5488416 1.6729434 7.965642 1.3463695 28.434347 3.1373708248138428 0.5004032850265503
Car 0.0 0 1.923488974571228 487.3022155761719 181.5047607421875 527.9494018554688 205.1483154296875 3.8993115 1.5434185 1.5783767 -7.171867 2.1763518 50.68665 1.7829278707504272 0.19188903272151947
