Pedestrian 0.0 0 3.2252957820892334 438.33856201171875 155.4790496826172 486.7101135253906 246.3023223876953 0.94368666 1.8493278 0.5994599 -3.0648513 1.2449664 14.986646 3.023571729660034 0.3856372535228729
Pedestrian 0.0 0 -1.421928882598877 369.3096008300781 145.63925170898438 406.82232666015625 236.16680908203125 0.7180651 1.8424618 0.6530695 -4.6322756 1.0381134 15.030554 -1.7208830118179321 0.25491219758987427
Cyclist 0.0 0 3.2822391986846924 430.9599304199219 156.1439666748047 483.96435546875 247.19851684570312 1.0119183 1.8567942 0.57650125 -3.1684403 1.2650915 14.97709 3.073760509490967 0.12244215607643127
Car 0.0 0 -1.17596435546875 264.722900390625 178.7998046875 371.7118225097656 237.47442626953125 3.3386216 1.4690778 1.5455477 -7.847623 1.3095702 19.675674 -1.5554780960083008 0.8873350024223328
Car 0.0 0 -1.543753743171692 579.1707153320312 177.72830200195312 618.6093139648438 212.95492553710938 3.585719 1.4650186 1.641339 -0.3786535 1.1547611 31.697319 -1.555699110031128 0.7456290125846863
Car 0.0 0 1.67205810546875 462.5852966308594 186.431640625 521.9866943359375 235.53758239746094 3.5898805 1.4586416 1.54236 -3.7052438 1.5022557 23.275705 1.5141934156417847 0.6554787158966064
Car 0.0 0 -1.0703014135360718 229.24330139160156 182.27381896972656 320.0516357421875 225.5992431640625 3.4192169 1.4815645 1.568717 -12.1412525 1.382095 26.337673 -1.502252221107483 0.6005167961120605
Car 0.0 0 2.1601028442382812 0.0 4.48372745513916 298.1764831542969 376.0 3.956326 1.4503502 1.5954555 -3.179155 1.0026562 3.831305 1.4674631357192993 0.5234293937683105
Car 0.0 0 2.043184280395508 42.59575653076172 193.67147827148438 267.6349792480469 296.47052001953125 4.1439867 1.4686618 1.6252486 -7.742928 1.644732 12.742264 1.497153639793396 0.3306126892566681
Car 0.0 0 -1.3080329895019531 340.5841369628906 169.38040161132812 414.8514099121094 213.9935760498047 3.9842973 1.5156357 1.6185187 -8.398035 0.97879744 26.44414 -1.615535855293274 0.3047854006290436
