Pedestrian 0.0 0 -1.2443093061447144 665.9645385742188 170.0775604248047 695.3137817382812 229.8554229736328 0.6315169 1.7237878 0.69483584 2.0352087 1.6440828 21.234282 -1.1487557888031006 0.32029271125793457
Pedestrian 0.0 0 -1.9556682109832764 771.2655639648438 182.17080688476562 849.8511962890625 340.2164001464844 0.6144826 1.6274918 0.6325353 2.102398 1.7331823 7.8112907 -1.692750096321106 0.1831209808588028
Cyclist 0.0 0 -0.9077459573745728 222.99005126953125 184.12120056152344 250.29574584960938 214.562744140625 1.7372268 1.6872125 0.4165837 -21.515577 2.3502254 41.540745 -1.3856416940689087 0.28608372807502747
Cyclist 0.0 0 -1.1428264379501343 0.0 182.606689453125 30.672866821289062 228.42312622070312 1.6793938 1.6762513 0.36569157 -22.867344 2.0615668 27.61937 -1.8343768119812012 0.21166561543941498
Car 0.0 0 -1.4650726318359375 539.6019897460938 175.52403259277344 571.9761962890625 200.6261749267578 3.7853901 1.4766675 1.6142044 -3.3543043 1.6497886 44.767235 -1.539860486984253 0.6199522018432617
Car 0.0 0 -1.4484745264053345 579.5447387695312 176.47698974609375 619.4566650390625 206.38575744628906 3.7976859 1.4333874 1.5977638 -0.526271 1.6296034 37.029377 -1.4626858234405518 0.5277392268180847
Car 0.0 0 1.407869815826416 1185.740478515625 177.58201599121094 1242.0 214.4034881591797 4.0578074 1.5653489 1.6964438 28.053284 1.7989076 33.408092 2.1063625812530518 0.25009292364120483
Car 0.0 0 0.5402050018310547 733.7484130859375 180.404052734375 792.1085205078125 203.21957397460938 3.7715743 1.525734 1.6103805 10.82993 2.0831487 51.360844 0.7480204105377197 0.23024478554725647
Car 0.0 0 2.2095961570739746 65.61328125 194.3165740966797 181.3113250732422 237.34616088867188 4.1853495 1.4692607 1.6705927 -19.360771 2.3924427 28.890505 1.6191906929016113 0.2206626683473587
Car 0.0 0 0.8757897615432739 957.0675048828125 184.57000732421875 1019.6644897460938 208.99554443359375 3.7236557 1.4760387 1.6415688 24.810776 2.28019 47.505894 1.3570921421051025 0.19639110565185547
