Pedestrian 0.0 0 2.638669013977051 739.8946533203125 131.26832580566406 774.3078002929688 199.17813110351562 0.7483791 1.8796706 0.61389613 4.1024456 0.7289817 20.373585 2.8373730182647705 0.19576020538806915
Pedestrian 0.0 0 0.6834147572517395 257.5560607910156 155.39031982421875 291.3702697753906 213.5105438232422 0.7480132 1.7945263 0.606987 -10.580639 1.2556738 22.661135 0.24659037590026855 0.1697482317686081
Pedestrian 0.0 0 2.630960464477539 812.0896606445312 144.33535766601562 853.0523681640625 221.4850616455078 0.7572092 1.8317516 0.58946466 5.3430815 1.1549968 17.497087 2.9273364543914795 0.14143671095371246
Cyclist 0.0 0 2.2867624759674072 123.52136993408203 141.010009765625 200.39697265625 226.5926971435547 1.5810637 1.7723966 0.51749575 -9.799839 1.1132733 15.761744 1.7305048704147339 0.14120951294898987
Car 0.0 0 1.9011216163635254 39.92864990234375 182.4210968017578 426.2988586425781 375.0 4.4259167 1.4799579 1.6784382 -3.0255027 1.6013628 6.8498683 1.4852017164230347 0.8617719411849976
Car 0.0 0 1.7949954271316528 424.9378967285156 157.93533325195312 529.8746948242188 236.24021911621094 4.1223803 1.7090063 1.6609299 -3.181608 1.3837639 17.843313 1.6185417175292969 0.7782188057899475
Car 0.0 0 1.8010890483856201 330.6271667480469 157.774658203125 481.7169189453125 274.5525817871094 3.9451034 1.6938128 1.6158812 -3.3639736 1.4754514 12.461259 1.5374195575714111 0.7018417119979858
Car 0.0 0 -1.263376235961914 644.7756958007812 163.48745727539062 695.7099609375 196.7768096923828 3.4092004 1.6057663 1.6266664 3.0706189 1.1543138 36.687717 -1.1798747777938843 0.6361010670661926
Car 0.0 0 2.460110902786255 679.5758666992188 162.67449951171875 728.7219848632812 180.17864990234375 4.117257 1.4688361 1.6056117 8.122082 0.6149945 62.306934 2.589735984802246 0.14748336374759674
Car 0.0 0 1.9841578006744385 277.75384521484375 178.11679077148438 434.70086669921875 263.3787536621094 3.9656672 1.510146 1.6109642 -5.1454425 1.6353709 15.072987 1.6551930904388428 0.1409534215927124
