Pedestrian 0.0 0 2.5998270511627197 746.9933471679688 125.8533935546875 853.1095581054688 299.9034729003906 0.88796455 1.7644942 0.6562106 2.0332553 1.2121881 7.6011367 2.861201286315918 0.7200195789337158
Pedestrian 0.0 0 1.4308488368988037 838.9300537109375 172.99232482910156 869.5997314453125 244.21438598632812 0.75404066 1.7504995 0.62696123 6.231726 1.567573 17.80394 1.7675410509109497 0.16756011545658112
Pedestrian 0.0 0 -1.3533281087875366 660.5925903320312 169.69798278808594 705.9298095703125 267.74371337890625 0.9505576 1.7572674 0.6561479 1.4319243 1.5653051 13.222626 -1.245455026626587 0.13894771039485931
Pedestrian 0.0 0 -2.1425223350524902 1112.6715087890625 186.40150451660156 1224.0 370.0 0.6877591 1.6641604 0.65438426 4.309347 1.7132446 5.293012 -1.4592078924179077 0.12431365996599197
Pedestrian 0.0 0 -0.7345337867736816 984.1351318359375 191.08909606933594 1122.904052734375 370.0 0.64671975 1.6259031 0.59036934 3.2771542 1.7119989 5.281649 -0.17919191718101501 0.11967616528272629
Cyclist 0.0 0 1.5295826196670532 79.50912475585938 151.46939086914062 120.19971466064453 246.75865173339844 1.7122656 1.6527393 0.5371563 -9.4193325 1.1508652 13.097934 0.9061219692230225 0.22118444740772247
Cyclist 0.0 0 -1.0670158863067627 953.5823974609375 140.00909423828125 1045.649169921875 254.06155395507812 1.6670865 1.7658556 0.5957515 6.4647803 1.1405994 11.637259 -0.5599412322044373 0.13437420129776
Cyclist 0.0 0 -2.304544448852539 0.0 171.23370361328125 84.97962188720703 257.39190673828125 1.8314561 1.6796561 0.6753276 -11.626849 1.5006411 14.252028 -2.988847494125366 0.11741309612989426
Car 0.0 0 2.3569607734680176 0.0 184.41090393066406 123.07524108886719 235.01002502441406 4.2009807 1.5265718 1.6527146 -18.712427 1.6721148 23.84862 1.691659927368164 0.22447390854358673
Car 0.0 0 -1.4022055864334106 773.5352172851562 189.79771423339844 879.1994018554688 270.7152099609375 3.7782447 1.4917707 1.5976044 4.926357 1.7247417 15.544867 -1.095306158065796 0.11899565160274506
