Pedestrian 0.0 0 1.734009861946106 412.9239807128906 139.89637756347656 508.3837890625 366.2173767089844 0.78805053 1.6321766 0.61264396 -1.1498868 1.3410649 5.5008883 1.5279406309127808 0.6999228000640869
Pedestrian 0.0 0 -2.3744852542877197 250.61764526367188 171.81491088867188 307.0070495605469 263.2794494628906 0.7264787 1.7059768 0.66839695 -6.3193235 1.5456215 13.617237 -2.808976411819458 0.26564905047416687
Pedestrian 0.0 0 -1.552039623260498 840.32470703125 174.80963134765625 868.6101684570312 246.00401306152344 0.81486744 1.7466209 0.65854305 6.2628336 1.6086162 17.837866 -1.2143871784210205 0.22738151252269745
Pedestrian 0.0 0 -0.7557735443115234 53.45948028564453 189.89222717285156 104.4757080078125 250.41123962402344 1.0175489 1.688128 0.6482089 -15.234379 1.9687842 20.447824 -1.3960905075073242 0.182594433426857
Pedestrian 0.0 0 -0.8070592880249023 982.5551147460938 194.6066131591797 1123.2674560546875 370.0 0.671427 1.6239618 0.5879336 3.2750227 1.7384809 5.2809706 -0.25195130705833435 0.1432887315750122
Pedestrian 0.0 0 -1.8703575134277344 836.239013671875 149.48561096191406 890.0186157226562 252.8577423095703 0.9704685 1.7720637 0.6394109 4.544277 1.2420443 12.615138 -1.5246036052703857 0.14300107955932617
Pedestrian 0.0 0 -2.037203788757324 1114.949951171875 190.99447631835938 1224.0 370.0 0.67261696 1.6621321 0.66104853 4.3124714 1.7485228 5.3009834 -1.3542715311050415 0.14240583777427673
Pedestrian 0.0 0 -1.3891924619674683 487.90667724609375 167.2469482421875 531.0274658203125 268.9482727050781 0.96803755 1.795529 0.6230348 -1.7831335 1.5631908 12.9754715 -1.5257604122161865 0.14022836089134216
Cyclist 0.0 0 -2.377927303314209 0.0 174.7687530517578 88.9546890258789 257.4508361816406 1.9686496 1.6085742 0.8004524 -11.675684 1.4987049 14.224772 -3.06522274017334 0.27368009090423584
Cyclist 0.0 0 -2.2249691486358643 1140.3076171875 160.22926330566406 1224.0 262.0201721191406 1.6729236 1.6366072 0.48301652 10.054035 1.3123457 12.207404 -1.5360018014907837 0.16022682189941406
Cyclist 0.0 0 0.4405481517314911 46.470252990722656 190.2733917236328 102.7205810546875 251.22645568847656 1.1010177 1.7043011 0.70770776 -15.2999325 1.9938263 20.369373 -0.20367220044136047 0.1467588245868683
Car 0.0 0 1.6310980319976807 59.0787467956543 189.0995635986328 118.82921600341797 233.35916137695312 3.79437 1.4620615 1.5588845 -19.033205 1.8062612 26.15352 1.0019900798797607 0.21829666197299957
Car 0.0 0 -1.233512282371521 482.6201171875 143.8786163330078 582.9576416015625 206.48367309570312 4.1912136 1.6740296 1.6818402 -2.0619485 0.6963743 21.136625 -1.330757975578308 0.13671651482582092
