Pedestrian 0.0 0 2.8898885250091553 722.8627319335938 186.8526153564453 750.68359375 226.3115997314453 1.1813513 1.860231 0.69158685 6.0496473 2.541103 34.681995 3.0625829696655273 0.16267511248588562
Cyclist 0.0 0 -1.671404480934143 1127.5721435546875 109.1288833618164 1242.0 375.0 1.8545766 1.7442325 0.5859316 4.0776944 1.3706591 5.170647 -1.0036389827728271 0.17245666682720184
Cyclist 0.0 0 -1.5966143608093262 1164.014892578125 161.1829376220703 1242.0 361.57427978515625 1.7814999 1.6542728 0.6645543 5.641153 1.5582837 6.860439 -0.9084391593933105 0.1545339673757553
Cyclist 0.0 0 -0.2553058862686157 723.1411743164062 186.70111083984375 751.53515625 225.66050720214844 1.2054365 1.8367127 0.70305514 6.0793476 2.5106735 34.697342 -0.08185571432113647 0.12727463245391846
Car 0.0 0 2.1383135318756104 0.0 192.16661071777344 250.28955078125 301.02032470703125 4.133939 1.4273652 1.6341527 -7.9999547 1.8117642 12.270162 1.5605446100234985 0.8883423805236816
Car 0.0 0 1.8439304828643799 407.5128173828125 180.65371704101562 466.8077087402344 215.04673767089844 4.2248535 1.4815156 1.6523695 -8.1450815 1.8746991 34.1936 1.6100835800170898 0.8546159267425537
Car 0.0 0 2.1508426666259766 216.4603271484375 193.41790771484375 274.11700439453125 219.9851531982422 3.6867728 1.5800856 1.6620178 -24.131845 2.9981492 47.815998 1.6834568977355957 0.3048529326915741
Car 0.0 0 1.8714075088500977 403.8357849121094 173.1420440673828 457.1018981933594 201.95785522460938 4.166299 1.4765025 1.6432031 -9.699803 1.4933343 39.137905 1.6284661293029785 0.17848758399486542
Car 0.0 0 1.6158335208892822 964.8212280273438 202.94371032714844 1030.8702392578125 262.6978454589844 3.6205254 1.5319178 1.6504889 12.082098 2.5516453 22.463985 2.10929536819458 0.1618538647890091
Car 0.0 0 1.4469431638717651 812.5054321289062 193.54635620117188 892.0703125 260.47564697265625 3.5465581 1.5152225 1.5760031 6.360808 2.1260715 19.393393 1.7638756036758423 0.14918257296085358
