Pedestrian 0.0 0 -0.9705227017402649 0.0 105.42823791503906 69.83255004882812 233.12535095214844 1.0046623 1.8687396 0.6234433 -9.014935 0.8823782 11.082688 -1.6533961296081543 0.4127427339553833
Pedestrian 0.0 0 -0.5314774513244629 814.2587280273438 162.6818084716797 849.5108032226562 221.0029754638672 0.87810975 1.8009709 0.59480506 6.921681 1.4872097 22.670013 -0.23514418303966522 0.27651840448379517
Pedestrian 0.0 0 1.8781564235687256 0.0 156.24473571777344 63.73305130004883 294.33465576171875 1.4852661 1.7593281 0.5449762 -8.188104 1.5480764 9.980706 1.1911036968231201 0.20195484161376953
Pedestrian 0.0 0 1.8877174854278564 215.8129119873047 106.80818176269531 278.2056884765625 223.96878051757812 1.2329024 1.8241122 0.56446385 -6.003874 0.7961807 11.882991 1.4198791980743408 0.20127463340759277
Pedestrian 0.0 0 0.843982458114624 6.058859825134277 83.98329162597656 119.08381652832031 246.7801055908203 0.8618744 1.8233314 0.6496178 -6.471681 0.8283334 8.479611 0.19208359718322754 0.19353675842285156
Pedestrian 0.0 0 1.3002235889434814 1120.305419921875 144.44346618652344 1154.4287109375 207.83485412597656 0.8367459 1.8657584 0.62761736 15.830078 1.0299275 21.735748 1.9296894073486328 0.17420686781406403
Cyclist 0.0 0 1.8781564235687256 0.0 156.24473571777344 63.73305130004883 294.33465576171875 1.4852661 1.7593281 0.5449762 -8.188104 1.5480764 9.980706 1.1911036968231201 0.37940093874931335
Cyclist 0.0 0 1.8877174854278564 215.8129119873047 106.80818176269531 278.2056884765625 223.96878051757812 1.2329024 1.8241122 0.56446385 -6.003874 0.7961807 11.882991 1.4198791980743408 0.20750756561756134
Cyclist 0.0 0 -0.986535906791687 0.0 104.76197052001953 71.1723861694336 234.09925842285156 1.1142014 1.8816478 0.622488 -9.02037 0.89137703 11.079603 -1.669840693473816 0.1670050323009491
Cyclist 0.0 0 -0.5148288607597351 814.0170288085938 161.55450439453125 856.5997314453125 220.04794311523438 1.1451825 1.8053377 0.5692069 7.028126 1.4569488 22.666544 -0.21416296064853668 0.14765982329845428
Cyclist 0.0 0 -1.883821964263916 60.515228271484375 175.61351013183594 93.0302505493164 214.23678588867188 1.8074316 1.7729884 0.71050066 -25.209898 1.9066955 34.050037 -2.521136522293091 0.11843312531709671
Cyclist 0.0 0 0.8351097106933594 0.0 84.62217712402344 125.83179473876953 248.80995178222656 1.0398934 1.835453 0.6479772 -6.4648952 0.8494684 8.476765 0.18355488777160645 0.10014162212610245
Car 0.0 0 2.1653034687042236 355.51800537109375 178.46238708496094 639.0369873046875 333.35992431640625 4.1346545 1.5713894 1.6860131 -1.2810769 1.6645025 9.704387 2.0340523719787598 0.9085823893547058
Car 0.0 0 0.9576417207717896 823.3267822265625 190.66114807128906 1242.0 375.0 3.3934724 1.4579891 1.4873937 2.3586133 1.5929095 3.719212 1.5228081941604614 0.7639302611351013
