Pedestrian 0.0 0 1.2837882041931152 801.8429565429688 149.25315856933594 844.7536010742188 234.1143035888672 0.9747122 1.8200489 0.6580986 4.6545157 1.3142308 15.960772 1.5675413608551025 0.7200085520744324
Pedestrian 0.0 0 -0.04905968904495239 876.8861083984375 80.35328674316406 983.7677001953125 288.66741943359375 0.86174995 1.7911255 0.5161147 2.84462 0.9961443 6.5939207 0.35821962356567383 0.26754647493362427
Pedestrian 0.0 0 -0.42156124114990234 919.5421142578125 124.04590606689453 971.4015502929688 219.84872436523438 0.73882514 1.8594615 0.6306823 6.5970354 0.9124906 14.320827 0.010122299194335938 0.24312299489974976
Pedestrian 0.0 0 1.9992245435714722 108.10636138916016 122.17466735839844 166.07110595703125 224.63748168945312 0.8009804 1.8184747 0.6142551 -8.717241 0.91939306 13.245629 1.4171607494354248 0.2289518415927887
Pedestrian 0.0 0 1.296715497970581 918.365234375 177.92391967773438 969.5232543945312 281.4716796875 0.75999695 1.7211622 0.61593926 5.698497 1.8120273 12.455005 1.7258108854293823 0.22090482711791992
Pedestrian 0.0 0 1.9965190887451172 0.0 141.1023712158203 190.02633666992188 375.0 1.7064178 1.6442873 0.57352257 -3.1470196 1.4973034 4.24004 1.3580193519592285 0.13572566211223602
Cyclist 0.0 0 1.9965190887451172 0.0 141.1023712158203 190.02633666992188 375.0 1.7064178 1.6442873 0.57352257 -3.1470196 1.4973034 4.24004 1.3580193519592285 0.4871583580970764
Cyclist 0.0 0 1.7928519248962402 381.4878845214844 155.2464141845703 406.87457275390625 207.92221069335938 1.631584 1.7770083 0.50419766 -7.559128 1.1833775 25.169567 1.5010942220687866 0.20896513760089874
Cyclist 0.0 0 1.9916313886642456 104.59869384765625 120.91414642333984 166.8483428955078 225.26194763183594 0.9579137 1.8377707 0.61796105 -8.7256775 0.9233651 13.227549 1.4084956645965576 0.11413101851940155
Cyclist 0.0 0 1.2837882041931152 801.8429565429688 149.25315856933594 844.7536010742188 234.1143035888672 0.9747122 1.8200489 0.6580986 4.6545157 1.3142308 15.960772 1.5675413608551025 0.1125757023692131
Car 0.0 0 1.8267395496368408 450.4617614746094 180.57643127441406 526.5238037109375 228.2459259033203 4.1654267 1.5010809 1.651063 -4.244299 1.7980745 25.563768 1.6622123718261719 0.8611350059509277
Car 0.0 0 -1.487912893295288 685.0759887695312 176.3468017578125 735.562744140625 218.98529052734375 3.5704267 1.4848236 1.6064303 3.8154619 1.6269038 27.356037 -1.3493326902389526 0.7602413296699524
Car 0.0 0 2.2194721698760986 0.0 182.0230255126953 315.46453857421875 375.0 4.3262935 1.4966272 1.6449261 -4.9604106 1.6210594 7.547522 1.638035535812378 0.3147512376308441
