Pedestrian 0.0 0 -0.031167685985565186 997.4384765625 115.76961517333984 1062.044677734375 250.17791748046875 0.7451331 1.7774554 0.5415208 5.8007007 0.9231145 9.762455 0.5049648284912109 0.42814791202545166
Pedestrian 0.0 0 3.209552526473999 118.61563110351562 110.78054809570312 205.19496154785156 250.6658172607422 0.9784584 1.8396686 0.6584146 -6.169905 0.9244429 9.815219 2.648364305496216 0.42179936170578003
Pedestrian 0.0 0 -2.3209288120269775 269.20343017578125 178.29371643066406 326.5482482910156 267.16778564453125 0.8402872 1.7607651 0.6905846 -6.3304334 1.7186838 14.486842 -2.732901096343994 0.3748677670955658
Pedestrian 0.0 0 -2.017238140106201 984.3963012695312 145.77867126464844 1027.4134521484375 217.83811950683594 0.91045445 1.8145193 0.63435346 10.313593 0.94179964 18.274681 -1.5034328699111938 0.18313324451446533
Pedestrian 0.0 0 -2.034301996231079 115.88545989990234 153.0594024658203 137.72073364257812 192.9793243408203 0.62436134 1.9336426 0.6804793 -23.480152 0.6059135 34.692684 -2.6292901039123535 0.17456543445587158
Pedestrian 0.0 0 -1.7035733461380005 790.8894653320312 162.11514282226562 805.5430297851562 196.1143798828125 0.70283204 1.7955761 0.66598314 10.295981 0.82604194 37.72854 -1.4371639490127563 0.16916358470916748
Pedestrian 0.0 0 -2.068830728530884 875.8657836914062 157.87869262695312 906.1039428710938 196.20077514648438 1.8342086 1.7685015 0.5138297 13.54243 0.72602034 33.56466 -1.6853340864181519 0.11490929126739502
Cyclist 0.0 0 -2.068830728530884 875.8657836914062 157.87869262695312 906.1039428710938 196.20077514648438 1.8342086 1.7685015 0.5138297 13.54243 0.72602034 33.56466 -1.6853340864181519 0.3795309066772461
Cyclist 0.0 0 -1.9588823318481445 974.0347290039062 138.85166931152344 1027.19580078125 211.23873901367188 1.8584851 1.8074131 0.55239326 10.340434 0.76910204 18.604637 -1.4515979290008545 0.27683502435684204
Cyclist 0.0 0 -2.3432188034057617 265.1808166503906 178.3244171142578 326.5594787597656 267.06817626953125 0.95779335 1.7620332 0.6805785 -6.3899226 1.7204652 14.528612 -2.7575719356536865 0.1450721025466919
Car 0.0 0 -0.7938966155052185 0.0 210.15945434570312 291.35626220703125 370.0 3.9329176 1.4228768 1.5862314 -3.220035 1.647817 3.3421955 -1.5606812238693237 0.6955758929252625
Car 0.0 0 1.8904037475585938 474.3041076660156 173.31906127929688 505.84222412109375 190.4577178955078 3.9740212 1.4728603 1.6012541 -10.154002 0.8569387 62.84629 1.7302192449569702 0.27987203001976013
Car 0.0 0 1.9055414199829102 0.0 182.51829528808594 46.652244567871094 213.4252166748047 4.0497046 1.5737821 1.6338122 -32.158543 1.6912078 38.465088 1.209204912185669 0.18657658994197845
