Pedestrian 0.0 0 1.581719160079956 483.53515625 147.4520263671875 542.6237182617188 301.12493896484375 0.9462418 1.7549431 0.672715 -1.1616579 1.3792202 8.580507 1.447153925895691 0.7524361610412598
Pedestrian 0.0 0 -1.5472244024276733 838.8331298828125 172.831298828125 866.3649291992188 242.8916015625 0.9129585 1.7240119 0.6399934 6.2508097 1.5369015 17.933569 -1.211838722229004 0.23170720040798187
Pedestrian 0.0 0 -1.4347130060195923 515.4281616210938 162.6787872314453 566.7136840820312 260.91802978515625 1.5468777 1.6777478 0.7300052 -1.1794437 1.3750414 12.859087 -1.5261777639389038 0.1914971023797989
Pedestrian 0.0 0 -0.2335420399904251 635.607177734375 171.17355346679688 695.3217163085938 270.80584716796875 0.97093326 1.7767458 0.63438773 1.0576667 1.6120692 12.991024 -0.15230602025985718 0.16037844121456146
Pedestrian 0.0 0 -2.1710753440856934 1112.2939453125 189.4132537841797 1224.0 370.0 0.6790806 1.6513019 0.65218234 4.311578 1.7244804 5.2991934 -1.4880790710449219 0.158050999045372
Pedestrian 0.0 0 -0.447942852973938 758.7694702148438 133.7217254638672 821.2464599609375 239.78823852539062 0.8790131 1.793926 0.603615 3.1752086 1.0044034 12.335119 -0.1960003823041916 0.14578887820243835
Pedestrian 0.0 0 -3.456965446472168 819.0198364257812 189.05567932128906 872.481201171875 279.20294189453125 0.8255816 1.7273012 0.6836997 4.6976323 1.9020219 13.953975 -3.1322312355041504 0.14232710003852844
Pedestrian 0.0 0 1.5470752716064453 967.1214599609375 131.1580047607422 1013.1137084960938 247.99794006347656 1.7089797 1.7573563 0.6082815 6.2076817 1.0168782 11.529101 2.040996789932251 0.10072046518325806
Cyclist 0.0 0 -1.4387402534484863 514.0335693359375 161.24839782714844 565.7694702148438 260.6158447265625 1.6506987 1.6959074 0.7332428 -1.2023364 1.3689871 12.901311 -1.5316667556762695 0.48544371128082275
Cyclist 0.0 0 1.5563995838165283 968.4064331054688 132.43881225585938 1012.4946899414062 250.1112823486328 1.7173848 1.776874 0.5918011 6.2409654 1.0528024 11.5698395 2.0510811805725098 0.2629773020744324
Cyclist 0.0 0 1.678886890411377 74.35713195800781 145.62753295898438 119.0338363647461 243.14878845214844 1.649569 1.6987582 0.5034457 -9.476123 1.0929472 13.152924 1.0545625686645508 0.2600427567958832
Cyclist 0.0 0 -2.293461561203003 0.0 175.52891540527344 76.2275161743164 259.7958068847656 1.8493632 1.6348593 0.66182035 -11.754306 1.5400476 14.183109 -2.9854910373687744 0.24297793209552765
Cyclist 0.0 0 1.5701189041137695 485.08135986328125 148.9601287841797 543.853759765625 301.4898681640625 0.96823055 1.7492058 0.6723733 -1.1566212 1.3891922 8.628109 1.4368606805801392 0.10485144704580307
Car 0.0 0 -1.2113176584243774 288.1124572753906 195.9681854248047 389.3011474609375 252.9678955078125 3.5383186 1.4127616 1.5616506 -7.5371547 1.8962445 20.252316 -1.5675984621047974 0.18720674514770508
Car 0.0 0 1.7037187814712524 52.28022766113281 190.2792205810547 122.68620300292969 235.07366943359375 3.8953142 1.4644388 1.5942823 -19.040659 1.8561378 26.115091 1.0737247467041016 0.13971500098705292
