Pedestrian 0.0 0 -2.45565128326416 269.5400390625 178.5938262939453 326.1636047363281 266.85028076171875 0.82384986 1.7520338 0.6724761 -6.3196 1.7158223 14.466275 -2.86751651763916 0.45559418201446533
Pedestrian 0.0 0 3.1761937141418457 119.1682357788086 113.6141586303711 203.65182495117188 253.95249938964844 0.9669785 1.8458533 0.65483904 -6.1854916 0.9677851 9.821033 2.614135265350342 0.4147394001483917
Pedestrian 0.0 0 -0.030703485012054443 995.109375 118.02665710449219 1065.468017578125 253.94972229003906 0.81265926 1.7940431 0.5354259 5.8036304 0.9711331 9.758403 0.5058331489562988 0.3530956506729126
Pedestrian 0.0 0 -2.036545515060425 116.29387664794922 151.6814422607422 138.39364624023438 191.99485778808594 0.63265556 1.9534246 0.68859065 -23.465721 0.55843437 34.710724 -2.631006956100464 0.27712538838386536
Pedestrian 0.0 0 -2.0766818523406982 984.0261840820312 149.6927947998047 1028.38818359375 220.73597717285156 0.8880801 1.7874582 0.6434493 10.297122 1.0139375 18.231178 -1.5625405311584473 0.2508571743965149
Pedestrian 0.0 0 -1.8287943601608276 879.6167602539062 155.7472381591797 901.4940795898438 193.95822143554688 1.7764747 1.7652228 0.52405334 13.529889 0.6231809 33.57239 -1.4456989765167236 0.11362312734127045
Pedestrian 0.0 0 0.00319083034992218 771.4432373046875 155.81874084472656 796.3236694335938 188.19546508789062 1.3744613 1.8376946 0.5536636 10.254126 0.43817782 40.565674 0.25078272819519043 0.11190856993198395
Cyclist 0.0 0 1.286149501800537 879.463134765625 154.34970092773438 902.1317138671875 192.23361206054688 1.7593176 1.7473713 0.51968735 13.515056 0.54266083 33.50822 1.6695280075073242 0.34130868315696716
Cyclist 0.0 0 0.00319083034992218 771.4432373046875 155.81874084472656 796.3236694335938 188.19546508789062 1.3744613 1.8376946 0.5536636 10.254126 0.43817782 40.565674 0.25078272819519043 0.27264752984046936
Cyclist 0.0 0 -1.962378740310669 980.6102294921875 140.7939453125 1028.4609375 213.33026123046875 1.4986215 1.8031268 0.546048 10.307729 0.8176989 18.347692 -1.450521469116211 0.22873127460479736
Cyclist 0.0 0 -2.4791154861450195 265.37225341796875 178.27464294433594 326.0121765136719 266.7141418457031 0.9243096 1.7590494 0.66822314 -6.376021 1.7164165 14.495498 -2.8935070037841797 0.12468797713518143
Car 0.0 0 -0.7940486073493958 0.0 211.87362670898438 292.650634765625 370.0 4.010309 1.4278903 1.6005586 -3.2244937 1.6667714 3.329054 -1.5634933710098267 0.7079435586929321
Car 0.0 0 0.868627667427063 461.58636474609375 172.110595703125 564.0181884765625 213.33920288085938 4.253253 1.5199176 1.6815176 -3.748574 1.2121531 28.111689 0.7360639572143555 0.6087391376495361
Car 0.0 0 1.8190481662750244 366.0350646972656 180.3463134765625 401.01324462890625 201.55648803710938 3.69575 1.4745233 1.5508169 -15.935557 1.4651406 51.036114 1.5163993835449219 0.4388287365436554
Car 0.0 0 1.8665820360183716 0.0 182.54660034179688 28.836721420288086 214.06771850585938 4.008814 1.5785029 1.6450663 -32.564945 1.6957285 37.848656 1.1560816764831543 0.3058306574821472
