Pedestrian 0.0 0 2.8838489055633545 681.2932739257812 135.21791076660156 785.2725219726562 291.38751220703125 1.1217644 1.8367794 0.66784394 1.5078071 1.3058792 8.69179 3.055614471435547 0.52633136510849
Pedestrian 0.0 0 -0.33912205696105957 823.267578125 190.2100372314453 871.1243896484375 278.3057861328125 0.7025389 1.6885775 0.69270396 4.7350183 1.8870146 13.975357 -0.012448877096176147 0.21177780628204346
Pedestrian 0.0 0 -1.6929181814193726 839.1715087890625 173.6187286376953 869.8910522460938 243.91995239257812 0.7521109 1.7311578 0.64179343 6.251745 1.5633049 17.841854 -1.355889081954956 0.19373397529125214
Pedestrian 0.0 0 3.4905943870544434 253.04376220703125 170.13107299804688 303.6192626953125 262.80517578125 0.7105463 1.7409769 0.6404917 -6.3285265 1.5478222 13.627161 3.055825710296631 0.1508253663778305
Pedestrian 0.0 0 -0.23072850704193115 761.2739868164062 132.43637084960938 821.9490356445312 238.2427978515625 0.9091085 1.8029478 0.604255 3.2045403 0.98558843 12.355699 0.023037433624267578 0.12514923512935638
Pedestrian 0.0 0 -0.6760619878768921 987.50537109375 190.03060913085938 1124.9742431640625 370.0 0.63788754 1.6140811 0.5874128 3.2948964 1.6914722 5.280479 -0.11819878220558167 0.11923643946647644
Pedestrian 0.0 0 -1.188462257385254 1114.7689208984375 190.6408233642578 1224.0 370.0 1.2382373 1.6641065 0.65069884 5.319057 1.7672776 6.487305 -0.501693844795227 0.10278107225894928
Cyclist 0.0 0 1.908698320388794 0.0 182.52835083007812 44.571739196777344 267.0660400390625 1.617462 1.5941721 0.51178944 -11.938078 1.6390171 14.215742 1.2101682424545288 0.24762243032455444
Cyclist 0.0 0 -1.1167058944702148 1107.2445068359375 190.58164978027344 1224.0 370.0 1.5454646 1.6440074 0.6614677 5.2975845 1.745247 6.358066 -0.4220423102378845 0.2459423691034317
Cyclist 0.0 0 -1.414402961730957 78.04346466064453 153.73297119140625 128.5164337158203 250.13414001464844 1.7174551 1.6809049 0.5109694 -9.386396 1.215825 13.206184 -2.0323123931884766 0.14535048604011536
Cyclist 0.0 0 0.6488398313522339 28.837907791137695 194.22906494140625 109.2255630493164 255.6009521484375 1.7950046 1.7230967 0.6846864 -15.438478 2.1264076 20.342268 -0.0003558062016963959 0.1242581307888031
Cyclist 0.0 0 2.8983874320983887 680.4335327148438 135.87762451171875 788.716796875 292.1942138671875 1.1762519 1.8381329 0.68358946 1.5215641 1.3150992 8.691273 3.0716991424560547 0.12135516852140427
Car 0.0 0 -1.097412347793579 291.9304504394531 195.90867614746094 404.7279357910156 253.4440155029297 3.5811462 1.4072326 1.5573742 -7.224134 1.8893222 20.169003 -1.44135582447052 0.18252776563167572
Car 0.0 0 -0.0045899078249931335 464.6846923828125 193.18896484375 637.1827392578125 260.21588134765625 3.8880858 1.4654174 1.6037832 -1.3082463 1.7853752 16.77553 -0.08241777867078781 0.16961100697517395
