Car 0.0 0 -1.706754207611084 662.986572265625 188.3726806640625 723.076171875 235.9219970703125 3.7133667 1.4923158 1.6237233 2.8423915 2.0868213 25.744867 -1.5967934131622314 0.9103753566741943
Car 0.0 0 -1.8199490308761597 710.0472412109375 189.76736450195312 844.7130737304688 287.3174743652344 3.5437002 1.5047013 1.592006 2.9298995 1.8649365 13.550409 -1.607005000114441 0.8647691011428833
Car 0.0 0 -1.9344754219055176 761.3768920898438 201.64111328125 1035.746337890625 375.0 3.652902 1.4115992 1.5854031 2.888237 1.8134613 8.214674 -1.596380591392517 0.8436230421066284
Car 0.0 0 -2.7300848960876465 238.04986572265625 181.41749572753906 438.3676452636719 253.80043029785156 3.9790466 1.5477086 1.6564926 -6.1964293 1.7559704 16.580532 -3.0877304077148438 0.7860283255577087
Car 0.0 0 0.5712316632270813 0.0 174.9078369140625 343.04559326171875 304.1513366699219 4.195153 1.555433 1.6691731 -6.0005054 1.5854683 9.565724 0.010985612869262695 0.7735531330108643
Car 0.0 0 -1.6325492858886719 648.6757202148438 184.86361694335938 685.8823852539062 218.3284912109375 3.7401588 1.5432987 1.6382035 2.8121238 2.1826482 36.505623 -1.5556684732437134 0.7733842134475708
Car 0.0 0 0.5942701101303101 188.33197021484375 195.55911254882812 407.1122741699219 281.5641174316406 3.7008538 1.4906099 1.5974144 -6.1426644 1.9742386 14.226684 0.18667864799499512 0.6614943146705627
Car 0.0 0 -2.4122707843780518 0.0 182.510009765625 219.25491333007812 346.2593688964844 3.53493 1.4787132 1.5627661 -6.2720246 1.5898653 7.443732 -3.11244797706604 0.6400371789932251
Car 0.0 0 -2.6294169425964355 69.603271484375 171.3096923828125 346.7760925292969 273.86962890625 3.6823416 1.578383 1.6343673 -6.548841 1.554974 11.937957 -3.1311638355255127 0.6249830722808838
Car 0.0 0 -2.2889797687530518 894.8895263671875 179.78782653808594 1242.0 375.0 3.6897776 1.4102939 1.5643219 2.7090683 1.4587094 3.1474333 -1.5782933235168457 0.6206002831459045
Car 0.0 0 0.3971956968307495 351.9029541015625 187.21080017089844 487.36334228515625 237.41676330566406 4.1001577 1.5771695 1.6924822 -6.438953 2.0860033 24.428955 0.13947844505310059 0.5769037008285522
