Pedestrian 0.0 0 2.408992290496826 1186.3592529296875 126.1376724243164 1242.0 231.6421356201172 0.9926575 1.8675365 0.54161733 11.08674 1.0409678 13.054056 3.113076686859131 0.5501630902290344
Pedestrian 0.0 0 -1.6449813842773438 940.678955078125 147.50111389160156 970.580810546875 215.91558837890625 0.7834601 1.8232893 0.6784923 9.387067 1.1479768 19.714624 -1.2005972862243652 0.37833285331726074
Pedestrian 0.0 0 -2.498126983642578 1046.440185546875 173.26133728027344 1081.4642333984375 225.25938415527344 0.7100495 1.6786901 0.6798216 14.894562 1.6927145 23.751667 -1.9380223751068115 0.24953493475914001
Pedestrian 0.0 0 1.3123443126678467 583.4075927734375 154.2812957763672 602.7189331054688 198.1109161376953 0.7662414 1.9145814 0.6814017 -0.7946725 1.1036398 31.97881 1.2874994277954102 0.22020390629768372
Pedestrian 0.0 0 -1.7381020784378052 409.4698181152344 148.98358154296875 431.4953308105469 200.5174102783203 0.87000227 1.8971934 0.66282856 -7.164261 1.0187734 27.093372 -1.9966137409210205 0.19570766389369965
Pedestrian 0.0 0 -1.6233385801315308 849.1013793945312 174.5420684814453 879.9417724609375 252.5728759765625 0.846992 1.7770613 0.63650054 5.918733 1.8182325 16.946487 -1.287322998046875 0.19315741956233978
Pedestrian 0.0 0 1.43517005443573 1029.9866943359375 178.01255798339844 1117.3302001953125 319.322509765625 1.5182269 1.7438277 0.7908034 6.2055287 1.8205123 9.818508 1.9988040924072266 0.190130352973938
Pedestrian 0.0 0 1.5464212894439697 512.49169921875 146.2750701904297 529.104248046875 195.58189392089844 1.0315168 1.9212537 0.6279514 -3.5922728 0.88595665 28.668829 1.4217685461044312 0.16449645161628723
Pedestrian 0.0 0 -0.38317835330963135 885.838623046875 159.13076782226562 937.1995239257812 251.32444763183594 0.7801087 1.7935653 0.57889706 5.9267497 1.5269469 14.327246 0.009056568145751953 0.16126687824726105
Cyclist 0.0 0 -2.120863437652588 1168.009521484375 143.0510711669922 1224.791259765625 204.48158264160156 1.7604859 1.7863333 0.48409513 17.704699 0.92005396 21.883013 -1.4406216144561768 0.3227938711643219
Cyclist 0.0 0 1.3477182388305664 1013.0839233398438 179.2484588623047 1113.9656982421875 321.5530090332031 1.800985 1.7302475 0.7701792 6.0612206 1.8264422 9.834666 1.900045394897461 0.2602508068084717
Cyclist 0.0 0 -0.6645045280456543 1188.0865478515625 124.61727142333984 1242.0 230.03903198242188 1.0810285 1.8649263 0.5532056 11.183233 1.0119693 13.061254 0.04358625411987305 0.14276005327701569
Car 0.0 0 -1.8423779010772705 691.8455200195312 180.30613708496094 834.91064453125 271.3316345214844 4.015831 1.453436 1.6234518 2.716583 1.6189464 13.922153 -1.6496726274490356 0.890393078327179
