Pedestrian 0.0 0 0.9107248783111572 272.33599853515625 176.51795959472656 325.21234130859375 265.4019470214844 0.7197509 1.7610326 0.69995207 -6.3114953 1.6837671 14.483213 0.4997589588165283 0.4429333806037903
Pedestrian 0.0 0 3.5274434089660645 113.02838897705078 106.7328109741211 215.94581604003906 247.8132781982422 1.0561945 1.8769759 0.62122023 -6.1268063 0.8972278 9.798663 2.9686501026153564 0.291748046875
Pedestrian 0.0 0 0.006986379623413086 996.2636108398438 112.15989685058594 1063.4837646484375 249.5928192138672 0.7749571 1.8105472 0.562532 5.805762 0.91190493 9.750929 0.5440211296081543 0.28578752279281616
Pedestrian 0.0 0 -2.053945302963257 985.6552124023438 148.32467651367188 1028.71044921875 219.9615936279297 0.8539797 1.8032511 0.63979685 10.322294 0.99492466 18.229956 -1.5387290716171265 0.21161533892154694
Pedestrian 0.0 0 -1.488247036933899 562.4168701171875 171.85513305664062 573.7344360351562 199.90057373046875 0.8677524 1.7941763 0.66190577 -2.3830955 1.2424682 45.67145 -1.5403788089752197 0.21047572791576385
Pedestrian 0.0 0 -1.6215884685516357 791.2875366210938 163.843017578125 805.0821533203125 197.62498474121094 0.7087586 1.7826222 0.67365307 10.2928095 0.90507025 37.723137 -1.355220913887024 0.20398220419883728
Pedestrian 0.0 0 -2.1682944297790527 976.1759643554688 162.11068725585938 1010.1910400390625 216.4846649169922 0.7706727 1.736424 0.64710355 12.585223 1.150713 22.98928 -1.6674199104309082 0.15034256875514984
Pedestrian 0.0 0 -2.140315532684326 875.246337890625 153.97634887695312 907.2002563476562 192.55540466308594 1.7800345 1.7790987 0.5244784 13.537509 0.5573984 33.52421 -1.7565264701843262 0.13349121809005737
Cyclist 0.0 0 -2.140315532684326 875.246337890625 153.97634887695312 907.2002563476562 192.55540466308594 1.7800345 1.7790987 0.5244784 13.537509 0.5573984 33.52421 -1.7565264701843262 0.37164321541786194
Cyclist 0.0 0 -1.9538331031799316 975.8837280273438 140.63307189941406 1025.0531005859375 212.43093872070312 1.607601 1.8035116 0.5633017 10.334287 0.8036766 18.58813 -1.4464243650436401 0.1742362380027771
Cyclist 0.0 0 1.529763102531433 584.6405029296875 167.9129180908203 592.8091430664062 193.0246124267578 1.7348212 1.7391703 0.5027993 -1.1480759 0.86872494 49.845154 1.5067343711853027 0.14631900191307068
Cyclist 0.0 0 3.452822685241699 112.67425537109375 108.4924087524414 214.2853240966797 249.5965576171875 1.0590664 1.8713548 0.6152018 -6.1399784 0.91804653 9.800434 2.8931448459625244 0.1250900775194168
Car 0.0 0 -0.7925584316253662 0.0 215.06468200683594 292.66876220703125 370.0 3.9916375 1.4242983 1.5971175 -3.2302494 1.6877306 3.34485 -1.5605288743972778 0.7145537734031677
Car 0.0 0 -0.5615443587303162 962.416015625 159.62896728515625 1108.4205322265625 208.3358612060547 3.8756015 1.5637738 1.6436577 14.229367 0.89524025 23.552114 -0.018067827448248863 0.7103431224822998
Car 0.0 0 1.868360996246338 0.0 181.8778533935547 44.00204849243164 213.2174835205078 4.0376186 1.5969987 1.640472 -32.17335 1.6774557 38.394222 1.1708903312683105 0.15835689008235931
Car 0.0 0 0.19824263453483582 45.31510543823242 177.1584014892578 125.63426208496094 200.31517028808594 4.0722322 1.4905819 1.6382126 -34.525208 1.276821 47.10686 -0.4342325031757355 0.14586558938026428
