Pedestrian 0.0 0 1.5617717504501343 398.3273620605469 162.92007446289062 464.9156799316406 303.3139953613281 0.93106824 1.7672825 0.8251596 -2.3165367 1.5347338 9.591798 1.3247973918914795 0.6404525637626648
Pedestrian 0.0 0 -2.918854236602783 576.6312866210938 168.9354248046875 606.763427734375 224.744384765625 0.8704425 1.8183385 0.68675053 -0.34295276 1.4100581 23.827774 -2.93324613571167 0.5466225147247314
Pedestrian 0.0 0 -1.7949697971343994 745.9567260742188 182.2771453857422 811.4119873046875 304.99273681640625 1.0662788 1.7199411 0.7127627 2.5496964 1.7333031 10.609294 -1.559116005897522 0.23763880133628845
Pedestrian 0.0 0 -0.19825470447540283 711.3189086914062 155.88890075683594 741.9312133789062 219.94651794433594 0.7434967 1.7901903 0.6397773 3.5194848 1.0755969 20.402346 -0.027431949973106384 0.20897318422794342
Pedestrian 0.0 0 1.4558193683624268 902.1683959960938 132.73001098632812 943.7151489257812 233.06080627441406 0.6809954 1.8393288 0.6405053 6.030126 0.94651175 13.586853 1.8735226392745972 0.19730092585086823
Pedestrian 0.0 0 1.4480772018432617 465.412841796875 159.46652221679688 501.1444396972656 236.49844360351562 1.3369172 1.7598827 0.67813677 -2.8690314 1.2577136 17.145878 1.2822825908660889 0.19056810438632965
Pedestrian 0.0 0 0.9864144325256348 195.0161590576172 126.39639282226562 272.3768615722656 260.8648681640625 0.79487085 1.8274622 0.65032005 -5.282297 1.0799131 10.23756 0.51007080078125 0.18721933662891388
Pedestrian 0.0 0 -0.8146656155586243 1121.4566650390625 204.48550415039062 1238.0 374.0 0.5829848 1.6806573 0.6424483 3.4545531 1.8248386 4.1064887 -0.11527770757675171 0.1549072563648224
Pedestrian 0.0 0 -1.6951960325241089 764.6480102539062 154.1036376953125 794.5062866210938 214.91725158691406 1.8176098 1.7679902 0.65385664 5.36474 0.9726504 21.821697 -1.4541324377059937 0.12271279096603394
Cyclist 0.0 0 -1.6273330450057983 693.058349609375 163.0738525390625 722.0888061523438 233.1938934326172 1.9326683 1.7579263 0.6435122 2.7551873 1.2971622 18.996973 -1.4833043813705444 0.43952807784080505
Cyclist 0.0 0 0.5122268795967102 449.2333679199219 157.19610595703125 525.2916259765625 233.42019653320312 1.6888324 1.7576456 0.6576419 -2.7619767 1.1984322 17.161655 0.35265636444091797 0.36884942650794983
Cyclist 0.0 0 -1.6951960325241089 764.6480102539062 154.1036376953125 794.5062866210938 214.91725158691406 1.8176098 1.7679902 0.65385664 5.36474 0.9726504 21.821697 -1.4541324377059937 0.29037466645240784
Cyclist 0.0 0 1.3627506494522095 748.76513671875 182.75009155273438 814.4336547851562 307.03753662109375 1.3215002 1.7111827 0.6695819 2.57706 1.7320505 10.571573 1.60185968875885 0.16838057339191437
Cyclist 0.0 0 -1.4234358072280884 415.16265869140625 180.68072509765625 489.42706298828125 309.90118408203125 1.5418619 1.6610506 0.8001193 -2.0858867 1.6518518 10.0239 -1.6285992860794067 0.15004831552505493
Cyclist 0.0 0 -2.824146032333374 573.4248657226562 168.84432983398438 606.09521484375 224.0843048095703 0.925773 1.7993606 0.6596384 -0.4086299 1.3882132 23.848078 -2.8412790298461914 0.10099669545888901
Car 0.0 0 1.48293137550354 852.9352416992188 206.61544799804688 1046.38232421875 374.0 3.7434466 1.4424813 1.5798892 3.7197795 1.8060728 8.332028 1.9028236865997314 0.19690434634685516
Car 0.0 0 -0.44293683767318726 580.8419189453125 166.65432739257812 681.872314453125 201.32003784179688 4.5440836 1.5802706 1.7066345 1.4312559 0.9044493 34.416542 -0.4013745188713074 0.1421056091785431
