Pedestrian 0.0 0 -0.9120016098022461 0.0 200.43968200683594 49.2000846862793 273.9725646972656 1.3145581 1.6655415 0.8234998 -14.574497 2.361317 17.515385 -1.6060097217559814 0.14050507545471191
Pedestrian 0.0 0 0.9661011099815369 1043.1180419921875 146.81521606445312 1114.7293701171875 255.69700622558594 0.98589647 1.8548888 0.61003464 8.239131 1.411655 12.7918215 1.5383130311965942 0.1311563104391098
Pedestrian 0.0 0 -1.5501540899276733 946.2188720703125 149.59823608398438 961.2835083007812 191.1798095703125 0.7727551 1.8608929 0.60279727 15.57509 0.82048976 32.768547 -1.1064560413360596 0.12354549765586853
Pedestrian 0.0 0 -3.5416409969329834 1181.1783447265625 134.39010620117188 1242.0 272.82049560546875 0.74733055 1.7878572 0.63042116 8.238656 1.2914459 9.728312 -2.8389644622802734 0.12113218009471893
Pedestrian 0.0 0 -1.844571828842163 970.8212280273438 160.7832489013672 1015.198974609375 247.10379028320312 0.9772596 1.8001847 0.60189176 8.207658 1.5488111 15.585482 -1.3598542213439941 0.10312549024820328
Cyclist 0.0 0 -2.4181835651397705 0.0 197.5821533203125 55.6645622253418 270.26495361328125 1.7758791 1.6947492 0.73918176 -14.644645 2.307762 17.481155 -3.115516185760498 0.6099972724914551
Car 0.0 0 1.618080973625183 593.912109375 176.72845458984375 625.5413208007812 205.31048583984375 3.994358 1.5407434 1.632932 -0.0073438697 1.7747558 41.477177 1.6179039478302002 0.55108642578125
Car 0.0 0 0.9069451093673706 532.0386962890625 182.75494384765625 582.0906982421875 203.25616455078125 4.221992 1.4940679 1.6785053 -4.2241917 2.3025124 56.760845 0.8326611518859863 0.10754420608282089
Car 0.0 0 1.5174130201339722 456.90771484375 187.35223388671875 482.4998779296875 207.65933227539062 4.0633287 1.4327059 1.7365057 -10.98501 2.6062422 56.20106 1.3243874311447144 0.10685804486274719
Car 0.0 0 2.147639513015747 335.9026794433594 183.17404174804688 383.9248352050781 202.8271484375 4.215203 1.4681898 1.6473372 -20.240107 2.3374116 58.50081 1.814550518989563 0.10606035590171814
