Pedestrian 0.0 0 1.8589640855789185 558.8286743164062 177.04776000976562 575.0617065429688 205.12159729003906 1.7037276 1.7059267 0.5509245 -2.7091198 1.9730401 45.00062 1.7988348007202148 0.1417650431394577
Cyclist 0.0 0 1.8938002586364746 558.3478393554688 177.20196533203125 575.7330932617188 205.27955627441406 1.749921 1.702543 0.5562396 -2.6995502 1.9793141 44.95045 1.8338161706924438 0.641572117805481
Car 0.0 0 -1.811037540435791 716.4578857421875 187.0481414794922 861.046142578125 288.3757019042969 3.4899287 1.4461019 1.6031369 2.882222 1.7278125 12.543081 -1.5851726531982422 0.9223695397377014
Car 0.0 0 -2.6102161407470703 25.376968383789062 192.8023223876953 371.0187683105469 305.01556396484375 4.0034986 1.4108688 1.5778884 -5.696999 1.7162626 10.197886 -3.1196725368499756 0.8555201888084412
Car 0.0 0 0.5048951506614685 207.78875732421875 186.03868103027344 435.48138427734375 262.3642883300781 4.1723776 1.4493159 1.6264966 -6.016006 1.7459008 15.1381855 0.12662696838378906 0.8248849511146545
Car 0.0 0 0.5256677865982056 126.15601348876953 182.8216552734375 381.3706970214844 272.20989990234375 3.7565422 1.4352473 1.5548311 -6.2068925 1.6235483 12.693589 0.0708761215209961 0.8130811452865601
Car 0.0 0 0.6489837169647217 0.0 202.4571990966797 287.9175720214844 351.8983154296875 4.0353036 1.426497 1.6054392 -6.011899 1.789507 8.021914 0.005844593048095703 0.7672341465950012
Car 0.0 0 0.40875518321990967 233.27325439453125 175.51651000976562 419.15789794921875 237.6918182373047 3.908673 1.4331483 1.5709682 -6.863653 1.5014617 17.55756 0.03609824180603027 0.7045134902000427
Car 0.0 0 -0.2478514313697815 775.2134399414062 171.93016052246094 970.506103515625 238.2377471923828 4.2083235 1.5305046 1.6717383 6.253164 1.5095388 17.677647 0.09214496612548828 0.6896676421165466
Car 0.0 0 -2.7725019454956055 301.04534912109375 179.03392028808594 464.5404968261719 234.11524963378906 4.0143995 1.439143 1.5992984 -6.26656 1.6186637 19.986572 -3.0763325691223145 0.6237788796424866
Car 0.0 0 -2.7737317085266113 336.9454040527344 178.19418334960938 478.6161804199219 229.3116912841797 3.9300332 1.508487 1.6346111 -6.29106 1.6827904 22.49941 -3.0463786125183105 0.5994725823402405
Car 0.0 0 -1.7022078037261963 635.6027221679688 178.99758911132812 668.4583129882812 203.47283935546875 3.9636555 1.4714717 1.5970551 2.629926 1.8845611 46.434784 -1.6456313133239746 0.5648495554924011
Car 0.0 0 2.7467024326324463 711.566650390625 178.94265747070312 822.495361328125 219.41592407226562 3.893831 1.4902176 1.6131796 6.030377 1.7370429 28.057192 2.9584131240844727 0.5201188325881958
Car 0.0 0 3.2505788803100586 367.3721923828125 175.57009887695312 487.88983154296875 219.70889282226562 4.1824875 1.5630186 1.663851 -6.723713 1.668425 26.793997 3.0047147274017334 0.5064032077789307
