Pedestrian 0.0 0 -0.24528387188911438 566.72998046875 152.8206329345703 666.34912109375 306.1620178222656 1.0806859 1.7439277 0.5725132 0.07765034 1.4308196 8.440883 -0.23608481884002686 0.7694737911224365
Pedestrian 0.0 0 -1.5162932872772217 838.994873046875 172.8681182861328 867.4246826171875 242.54867553710938 0.775531 1.7117214 0.63758683 6.2333174 1.52584 17.843815 -1.1802185773849487 0.28456243872642517
Pedestrian 0.0 0 0.5006415247917175 1131.519287109375 143.65029907226562 1205.087890625 256.40814208984375 0.7307338 1.7611673 0.6143533 9.104886 1.187268 11.494617 1.1705467700958252 0.13961577415466309
Pedestrian 0.0 0 -1.9983750581741333 1115.2607421875 188.1413116455078 1224.0 370.0 0.6655293 1.6610888 0.6765468 4.3197646 1.7246369 5.309756 -1.315424919128418 0.13194946944713593
Pedestrian 0.0 0 -0.809323787689209 53.84565734863281 190.86814880371094 101.06524658203125 251.33197021484375 0.9259055 1.6877251 0.62766474 -15.243233 1.9957734 20.39837 -1.4510798454284668 0.11768762022256851
Pedestrian 0.0 0 -1.565409541130066 621.1182861328125 161.51585388183594 648.2642211914062 231.3386993408203 0.644207 1.7186393 0.6681332 0.7079208 1.2529556 17.73543 -1.525515079498291 0.10904558002948761
Pedestrian 0.0 0 -0.7746754884719849 986.7696533203125 191.34259033203125 1128.3927001953125 370.0 0.6606683 1.6262987 0.6001968 3.308958 1.714675 5.283034 -0.21511554718017578 0.10269267112016678
Cyclist 0.0 0 1.7693519592285156 73.5670166015625 156.05271911621094 128.86834716796875 251.8135986328125 1.6723298 1.66718 0.52275693 -9.399931 1.2432022 13.174574 1.1496293544769287 0.1919897049665451
Cyclist 0.0 0 -1.3532233238220215 0.0 180.6227264404297 32.4735107421875 264.3767395019531 1.4964728 1.5969836 0.37802097 -11.99472 1.6012045 14.229253 -2.053617238998413 0.14628981053829193
Cyclist 0.0 0 2.1885130405426025 939.7152099609375 136.123046875 1039.321044921875 251.15049743652344 1.5769565 1.7599294 0.6201399 6.1832085 1.0826175 11.439416 2.684047222137451 0.12781862914562225
Cyclist 0.0 0 -0.24528387188911438 566.72998046875 152.8206329345703 666.34912109375 306.1620178222656 1.0806859 1.7439277 0.5725132 0.07765034 1.4308196 8.440883 -0.23608481884002686 0.12499617040157318
Car 0.0 0 2.0637147426605225 64.90763092041016 187.03128051757812 166.33615112304688 228.97247314453125 3.808001 1.4391924 1.5465636 -18.470821 1.7070112 26.849453 1.4611284732818604 0.17679530382156372
Car 0.0 0 0.6882976293563843 0.0 192.40480041503906 127.16910552978516 242.8610076904297 3.550795 1.4744854 1.5871109 -17.127771 1.8587382 21.888153 0.024310588836669922 0.10734446346759796
Car 0.0 0 -1.3619909286499023 771.779052734375 188.752685546875 883.4520263671875 268.94989013671875 3.739646 1.4865121 1.5921276 4.949678 1.6930517 15.534709 -1.053539752960205 0.10222718119621277
