Pedestrian 0.0 0 1.2674015760421753 791.1799926757812 149.50181579589844 831.5628051757812 230.7348175048828 0.89430237 1.8330175 0.66276366 4.610043 1.3064352 16.737059 1.536176085472107 0.7083581686019897
Pedestrian 0.0 0 2.412609338760376 827.9623413085938 88.44696807861328 932.7405395507812 270.48797607421875 0.9121379 1.8105227 0.5303999 2.7832687 0.9713948 7.5880494 2.7641685009002686 0.4939799904823303
Pedestrian 0.0 0 2.035296678543091 138.53453063964844 122.16205596923828 196.07452392578125 218.86363220214844 0.9808861 1.8331393 0.5892547 -8.738253 0.87254703 14.1895075 1.4833223819732666 0.17619682848453522
Cyclist 0.0 0 2.062896251678467 82.20589447021484 152.9370880126953 296.0274353027344 375.0 1.8849155 1.7155545 0.6157898 -3.2136977 1.5860627 5.651223 1.5458298921585083 0.6984006762504578
Cyclist 0.0 0 2.3148255348205566 0.0 104.78914642333984 128.28237915039062 235.91090393066406 1.6556878 1.7006831 0.60207134 -7.77828 0.8182223 10.207985 1.6637011766433716 0.2169826179742813
Cyclist 0.0 0 -1.195133090019226 161.33468627929688 125.66223907470703 221.62864685058594 226.4336395263672 1.3232625 1.7665994 0.5171448 -7.7616825 0.9396497 13.339408 -1.7221083641052246 0.16290439665317535
Cyclist 0.0 0 2.035296678543091 138.53453063964844 122.16205596923828 196.07452392578125 218.86363220214844 0.9808861 1.8331393 0.5892547 -8.738253 0.87254703 14.1895075 1.4833223819732666 0.12069268524646759
Car 0.0 0 1.8296833038330078 456.36602783203125 179.47364807128906 528.8564453125 223.84921264648438 4.114435 1.4618206 1.6270891 -4.2613893 1.7251129 26.528955 1.670412302017212 0.8737534284591675
Car 0.0 0 2.1190311908721924 0.0 186.42176818847656 321.73577880859375 375.0 4.415587 1.50303 1.6744938 -4.9521427 1.6952461 7.9869204 1.5640127658843994 0.7678571343421936
Car 0.0 0 -1.5025744438171387 681.50048828125 174.8641357421875 727.6993408203125 215.82217407226562 3.2011209 1.489592 1.572985 3.6913383 1.5731354 28.13223 -1.3721059560775757 0.5173509120941162
Car 0.0 0 1.8163589239120483 640.5885620117188 173.06199645996094 668.0128173828125 190.35711669921875 3.990764 1.550494 1.617045 4.118983 1.57075 66.88062 1.8778682947158813 0.27131524682044983
Car 0.0 0 1.9875874519348145 160.3549346923828 149.57533264160156 314.94158935546875 231.50656127929688 3.993016 1.6366091 1.6332957 -8.320237 1.1719662 16.446205 1.51922607421875 0.16656899452209473
