Pedestrian 0.0 0 1.6307257413864136 472.18731689453125 176.3328399658203 491.6726379394531 221.6455078125 1.7296113 1.797546 0.6890421 -5.2941895 1.9452438 29.657618 1.4540761709213257 0.19184018671512604
Pedestrian 0.0 0 1.5252635478973389 494.8826904296875 174.71133422851562 511.2007141113281 216.89407348632812 1.8526939 1.778238 0.6164495 -4.715321 1.8620986 31.467808 1.3765243291854858 0.11914531886577606
Cyclist 0.0 0 1.5252635478973389 494.8826904296875 174.71133422851562 511.2007141113281 216.89407348632812 1.8526939 1.778238 0.6164495 -4.715321 1.8620986 31.467808 1.3765243291854858 0.5321585536003113
Cyclist 0.0 0 1.5349959135055542 472.64947509765625 175.5230255126953 490.87164306640625 221.14712524414062 1.7727114 1.8054892 0.66903937 -5.3126884 1.9188068 29.5975 1.3573893308639526 0.4504872262477875
Car 0.0 0 -1.7747282981872559 642.1249389648438 174.62551879882812 713.2935180664062 225.7283935546875 3.51051 1.5013238 1.5771314 2.0460942 1.5630473 23.156733 -1.6865986585617065 0.8337372541427612
Car 0.0 0 1.3242321014404297 703.6922607421875 173.95384216308594 837.113037109375 264.34136962890625 3.8261883 1.4979967 1.5790169 2.8764706 1.5225853 13.948073 1.527608036994934 0.8293474316596985
Car 0.0 0 -1.8712888956069946 742.9108276367188 155.69593811035156 998.2546997070312 329.9140930175781 4.294839 1.6665564 1.6610041 2.834421 1.5027817 9.049362 -1.5677502155303955 0.8102012276649475
Car 0.0 0 -1.5751584768295288 413.16748046875 180.908935546875 463.7050476074219 228.0924835205078 4.098441 1.4997265 1.6269922 -6.201406 1.8131917 25.860666 -1.81051504611969 0.752572238445282
Car 0.0 0 -1.6869621276855469 568.107666015625 177.80165100097656 602.8920288085938 205.09925842285156 3.5281212 1.4897606 1.6139122 -1.4967479 1.7903614 41.9172 -1.7226542234420776 0.6625140905380249
Car 0.0 0 1.3881968259811401 606.8391723632812 169.08567810058594 661.0474243164062 208.24996948242188 3.7597492 1.5289786 1.5933819 0.8937626 1.3822205 30.145475 1.4178364276885986 0.5290212035179138
Car 0.0 0 1.8964203596115112 0.0 201.09942626953125 50.80366897583008 279.8217468261719 3.8390887 1.481785 1.5994035 -14.959883 2.235025 17.15038 1.1791346073150635 0.4942769706249237
Car 0.0 0 -1.6878293752670288 542.2402954101562 176.53646850585938 570.3192749023438 198.8626708984375 3.7724333 1.5319784 1.588951 -3.9455807 1.8088403 52.171932 -1.7633122205734253 0.4217626750469208
Car 0.0 0 0.7864770889282227 960.89599609375 0.0 1242.0 375.0 3.8384228 1.4835212 1.5628933 2.7408507 1.086134 2.4267902 1.6325750350952148 0.4020882546901703
