Pedestrian 0.0 0 -1.8380703926086426 772.9347534179688 186.73233032226562 810.3043212890625 258.4768371582031 0.7313238 1.6439382 0.68550634 4.233374 1.9794598 17.048752 -1.594683051109314 0.39011380076408386
Pedestrian 0.0 0 -0.6995894908905029 930.435791015625 149.97970581054688 1045.010009765625 257.2062683105469 1.7314513 1.720844 0.5796977 6.2495303 1.3540996 12.049651 -0.22113481163978577 0.16746069490909576
Cyclist 0.0 0 2.4672579765319824 927.7445678710938 151.87416076660156 1045.587890625 258.7960510253906 1.7576319 1.7154286 0.59708095 6.2235107 1.3791909 12.038365 2.9443917274475098 0.6185229420661926
Car 0.0 0 -1.7064176797866821 662.9736328125 180.20681762695312 736.4930419921875 238.5120849609375 3.6006966 1.5327718 1.6526703 2.5038378 1.7680863 21.238531 -1.589068055152893 0.9164524078369141
Car 0.0 0 1.7359250783920288 474.5306091308594 184.58676147460938 547.504638671875 244.50498962402344 3.4408844 1.5326191 1.5441211 -2.825953 1.9008787 20.87908 1.6013940572738647 0.8628432750701904
Car 0.0 0 1.9562227725982666 0.0 196.859375 439.90753173828125 375.0 4.379647 1.4753432 1.678832 -2.7478607 1.7504138 6.0311937 1.528714895248413 0.8115479350090027
Car 0.0 0 1.1651971340179443 777.9915771484375 186.1627960205078 1111.60302734375 375.0 3.4707463 1.537169 1.5286773 2.7709732 1.6980122 6.94342 1.5449092388153076 0.8066235780715942
Car 0.0 0 1.5856322050094604 543.0167236328125 182.37503051757812 570.0057983398438 209.1025390625 4.0708857 1.5491241 1.6172966 -3.3665283 2.1757574 45.37896 1.5115808248519897 0.5785103440284729
Car 0.0 0 -1.689273476600647 653.5585327148438 180.95603942871094 709.954345703125 226.52078247070312 3.6816509 1.4820831 1.579907 2.4694874 1.7951493 25.98687 -1.5945297479629517 0.5160597562789917
Car 0.0 0 -1.691308856010437 642.6483154296875 176.627685546875 692.8968505859375 215.45408630371094 4.1522775 1.533276 1.6492672 2.3714492 1.7068807 31.011974 -1.6149885654449463 0.4366926848888397
Car 0.0 0 -2.374807357788086 0.0 0.0 1242.0 375.0 3.8943224 1.425252 1.5870723 2.335522 1.3668156 1.4585149 -1.3622452020645142 0.3466828763484955
