Pedestrian 0.0 0 -1.4839496612548828 542.6013793945312 141.86692810058594 615.957763671875 326.20855712890625 0.7730564 1.619977 0.6255548 -0.27317014 1.2821753 6.608867 -1.525260090827942 0.5971617102622986
Pedestrian 0.0 0 -1.548375129699707 839.2409057617188 176.108154296875 869.6183471679688 245.96151733398438 0.838931 1.7138228 0.70704365 6.2705855 1.6076686 17.85931 -1.2107115983963013 0.3394272029399872
Pedestrian 0.0 0 -2.059918165206909 833.328857421875 143.00311279296875 892.4559326171875 245.19422912597656 0.8558735 1.7535958 0.6630898 4.5373797 1.1117975 12.598895 -1.7142376899719238 0.2417965978384018
Pedestrian 0.0 0 -2.107745885848999 1113.5460205078125 189.31898498535156 1224.0 370.0 0.6936296 1.6606156 0.6688751 4.3290634 1.7334615 5.3063264 -1.4234263896942139 0.16617630422115326
Pedestrian 0.0 0 -1.0592646598815918 59.761226654052734 194.69552612304688 103.01661682128906 253.60874938964844 1.1527804 1.6355947 0.51202434 -15.21507 2.0613632 20.519745 -1.6972935199737549 0.165482759475708
Cyclist 0.0 0 -2.309096097946167 1144.561279296875 162.71058654785156 1224.0 264.4339294433594 1.6312244 1.619156 0.48481777 10.065808 1.3376524 12.07466 -1.6141823530197144 0.21860499680042267
Cyclist 0.0 0 -1.0592646598815918 59.761226654052734 194.69552612304688 103.01661682128906 253.60874938964844 1.1527804 1.6355947 0.51202434 -15.21507 2.0613632 20.519745 -1.6972935199737549 0.21701043844223022
Cyclist 0.0 0 -2.044620990753174 836.2677001953125 142.93983459472656 897.8445434570312 246.52418518066406 1.0042256 1.7509947 0.6269197 4.564526 1.1177245 12.483863 -1.6940866708755493 0.11515491455793381
Car 0.0 0 2.1176342964172363 0.0 191.25363159179688 87.84825134277344 301.6042785644531 3.8964791 1.4735444 1.5837394 -10.676669 1.6875497 11.898234 1.386294960975647 0.37957459688186646
Car 0.0 0 1.6274625062942505 57.92515563964844 188.7320556640625 116.97940063476562 232.64773559570312 3.7661135 1.453774 1.551488 -19.090559 1.7831471 26.153719 0.9969260692596436 0.2593459486961365
Car 0.0 0 1.692336082458496 0.0 174.2494659423828 73.07447814941406 370.0 4.5255675 1.5435803 1.6790117 -5.2182784 1.5175068 5.455387 0.9291486740112305 0.24255916476249695
