Pedestrian 0.0 0 -1.6909840106964111 934.3424682617188 157.90313720703125 964.4695434570312 222.45997619628906 0.83988804 1.8381846 0.69755685 9.845485 1.4128336 21.050047 -1.2534939050674438 0.5087087154388428
Car 0.0 0 -1.7764556407928467 689.1587524414062 184.01205444335938 776.0527954101562 247.91644287109375 3.301518 1.4732109 1.5802194 3.0671952 1.7919956 18.903862 -1.615605115890503 0.918098509311676
Car 0.0 0 -2.0653438568115234 843.1138305664062 180.61190795898438 1242.0 375.0 3.9455864 1.4684259 1.6111153 3.100321 1.548599 5.4287996 -1.5464547872543335 0.8263034820556641
Car 0.0 0 0.32118481397628784 292.1163330078125 178.5424346923828 465.1139221191406 241.82391357421875 3.950609 1.5523094 1.6549593 -5.9511204 1.7068709 18.703508 0.013131856918334961 0.804246187210083
Car 0.0 0 3.6781351566314697 0.0 189.48780822753906 277.2538757324219 320.9380187988281 3.8565564 1.4710697 1.6182123 -6.636827 1.7078615 9.285148 3.0575592517852783 0.7871881723403931
Car 0.0 0 -2.7091407775878906 168.43238830566406 183.34347534179688 394.8283386230469 264.4160461425781 3.6694775 1.4559519 1.572646 -6.2880654 1.6710727 13.966573 -3.1321797370910645 0.7693360447883606
Car 0.0 0 3.363804817199707 351.52587890625 179.0936279296875 478.75848388671875 229.1609649658203 3.7606096 1.5647 1.6362927 -6.35766 1.7774316 23.662498 3.101322889328003 0.6728718876838684
Car 0.0 0 -3.3811187744140625 748.85009765625 184.91964721679688 871.649658203125 229.5746612548828 4.0249977 1.5422966 1.6808594 7.1787133 1.9973743 26.29551 -3.1146116256713867 0.6144822835922241
Car 0.0 0 0.437923789024353 57.9005012512207 188.6428985595703 371.32940673828125 291.31439208984375 4.0879736 1.4672273 1.620141 -6.161662 1.7395929 11.509307 -0.053612735122442245 0.5859060883522034
Car 0.0 0 0.47577428817749023 253.79318237304688 189.37962341308594 451.3540344238281 260.7863464355469 3.9565642 1.4797839 1.6227521 -5.868596 1.8829069 16.513687 0.13431668281555176 0.5414046049118042
Car 0.0 0 0.1792813390493393 469.99029541015625 181.32594299316406 538.7603759765625 207.30760192871094 3.7806952 1.4776882 1.6002833 -6.2151127 1.9867816 42.46138 0.033942461013793945 0.5019082427024841
Car 0.0 0 2.9660797119140625 692.5853881835938 176.674072265625 780.8638305664062 207.6707763671875 4.218387 1.5411919 1.6851012 6.398852 1.7416083 36.933563 3.137629747390747 0.46500450372695923
