Pedestrian 0.0 0 2.8564937114715576 769.9462890625 144.92222595214844 864.827880859375 286.9149169921875 1.0059187 1.7458024 0.6842511 2.6424725 1.310052 9.030542 3.1411616802215576 0.6389544606208801
Pedestrian 0.0 0 -1.6387571096420288 840.0089111328125 174.28074645996094 869.4769897460938 244.87506103515625 0.7831852 1.7357605 0.6469178 6.2574334 1.5844399 17.843365 -1.3014705181121826 0.23082517087459564
Pedestrian 0.0 0 2.000396490097046 755.3182983398438 126.67473602294922 808.8746948242188 234.53692626953125 0.81381196 1.8104652 0.6297859 3.0616815 0.90865827 12.377303 2.242891311645508 0.21230755746364594
Pedestrian 0.0 0 -3.4644579887390137 822.0155029296875 189.83892822265625 870.2008666992188 278.7098388671875 0.711248 1.7041663 0.7105669 4.7159557 1.8952694 13.984148 -3.1391992568969727 0.1760753095149994
Pedestrian 0.0 0 2.338601589202881 54.415191650390625 191.3640594482422 102.06575012207031 252.37757873535156 0.9253913 1.7041762 0.6424548 -15.23749 2.027271 20.42111 1.697560429573059 0.13070619106292725
Pedestrian 0.0 0 -2.0046792030334473 1118.2713623046875 189.67518615722656 1224.0 370.0 0.66948885 1.6591921 0.65802765 4.3272424 1.7349893 5.2985315 -1.3198456764221191 0.12584199011325836
Pedestrian 0.0 0 1.84093177318573 260.16448974609375 174.9864044189453 309.2586975097656 267.01251220703125 0.86968136 1.7322886 0.6666056 -6.2730474 1.6301371 13.786008 1.413902759552002 0.12540289759635925
Pedestrian 0.0 0 -0.8266941905021667 985.4569091796875 193.68099975585938 1124.62548828125 370.0 0.6678162 1.61769 0.5754801 3.2824128 1.7244747 5.2653275 -0.2692452073097229 0.11652861535549164
Cyclist 0.0 0 -2.2202229499816895 1142.3177490234375 159.94235229492188 1224.0 259.9068298339844 1.6338086 1.6061114 0.5273414 10.076081 1.2774695 12.182221 -1.5291666984558105 0.1952165961265564
Cyclist 0.0 0 0.9174779653549194 0.0 166.31484985351562 90.46597290039062 253.361572265625 1.7805398 1.6955272 0.6412807 -11.458284 1.4208553 14.291564 0.2416698932647705 0.1462474763393402
Cyclist 0.0 0 0.4809679687023163 45.762779235839844 191.90283203125 104.6183853149414 252.87933349609375 1.1779406 1.7059007 0.6779651 -15.280814 2.042935 20.366314 -0.162724107503891 0.12381315976381302
Cyclist 0.0 0 2.836552143096924 767.6092529296875 149.36106872558594 865.9732055664062 290.23651123046875 1.0385035 1.7297808 0.70383763 2.6368136 1.3491113 9.039589 3.120373487472534 0.11827505379915237
Car 0.0 0 -1.0924807786941528 293.1144714355469 196.13600158691406 405.5719909667969 253.59352111816406 3.5409508 1.4096209 1.5636834 -7.213546 1.8994131 20.212961 -1.4352691173553467 0.1703716665506363
Car 0.0 0 2.045301675796509 49.68851089477539 182.86968994140625 153.36936950683594 225.3578643798828 3.8851473 1.45606 1.5571595 -18.739399 1.5531462 26.484419 1.4295177459716797 0.13316889107227325
Car 0.0 0 1.3423326015472412 1181.5516357421875 196.6139373779297 1224.0 370.0 3.732147 1.4709358 1.5719383 6.2246695 1.657437 6.108013 2.1371896266937256 0.1169377863407135
