Pedestrian 0.0 0 0.9872071743011475 842.813232421875 170.2582550048828 895.654541015625 253.89466857910156 0.98831385 1.8037261 0.676473 5.727612 1.7481034 16.118986 1.3286253213882446 0.5003440976142883
Pedestrian 0.0 0 -1.7604517936706543 815.9878540039062 173.32745361328125 838.9365234375 218.5717010498047 0.918337 1.7595271 0.7075808 8.558349 1.7789509 28.560474 -1.4693095684051514 0.3640161156654358
Pedestrian 0.0 0 -1.8982512950897217 954.2612915039062 167.487060546875 999.162109375 244.3141632080078 0.8285436 1.8012408 0.73454815 8.768625 1.6757689 17.375422 -1.4308851957321167 0.2552396059036255
Cyclist 0.0 0 1.3152046203613281 678.5352783203125 176.787841796875 693.9435424804688 206.25680541992188 1.9152642 1.8166152 0.500467 4.789935 2.0716403 45.72368 1.4195822477340698 0.2532757818698883
Cyclist 0.0 0 0.9786690473556519 842.5672607421875 169.8990936279297 896.9129028320312 254.75912475585938 1.0292983 1.8253024 0.6803505 5.7310867 1.7621015 16.100058 1.3206496238708496 0.15594656765460968
Cyclist 0.0 0 -1.7644150257110596 815.7920532226562 173.2650909423828 838.9398193359375 218.7202911376953 0.97443277 1.7646742 0.70035076 8.547063 1.7815884 28.537336 -1.4734128713607788 0.14839793741703033
Cyclist 0.0 0 -0.5661355257034302 949.7503051757812 167.2769775390625 1006.51806640625 244.82611083984375 0.99568635 1.8118228 0.6859789 8.738865 1.6818817 17.244562 -0.09709411859512329 0.10490864515304565
Car 0.0 0 2.0921566486358643 212.80072021484375 180.14434814453125 270.4174499511719 207.77145385742188 4.0785503 1.7499342 1.6662657 -24.905895 2.2651548 48.87569 1.6208773851394653 0.24639950692653656
Car 0.0 0 2.0645272731781006 257.2607727050781 177.91720581054688 304.7515869140625 201.81646728515625 3.908728 1.7125113 1.6073855 -24.838854 2.109749 54.551666 1.6372522115707397 0.1989910900592804
Car 0.0 0 1.3924480676651 1153.042236328125 185.4508514404297 1198.7557373046875 210.36367797851562 3.9285786 1.5417336 1.7662262 38.313236 2.434647 48.972733 2.056326389312744 0.14907433092594147
Car 0.0 0 1.1970146894454956 974.8685913085938 185.6257781982422 1036.7076416015625 215.56349182128906 3.715911 1.4729128 1.6901118 21.33445 2.2000754 39.108643 1.6964099407196045 0.12514327466487885
