Car 0.0 0 -1.3283522129058838 406.2591247558594 185.04940795898438 491.5166931152344 239.95713806152344 3.5952084 1.4408518 1.5720422 -4.509316 1.4376196 20.67867 -1.5430570840835571 0.9027444124221802
Car 0.0 0 -1.1838499307632446 147.3446807861328 193.23228454589844 407.6179504394531 334.0987243652344 4.307499 1.4446739 1.6201247 -4.1555963 1.5790677 9.780538 -1.5856225490570068 0.8446845412254333
Car 0.0 0 -1.3387809991836548 358.26007080078125 180.00294494628906 425.122314453125 222.55841064453125 4.2978115 1.6050872 1.6625311 -8.74368 1.4096067 29.303146 -1.628757357597351 0.7635082602500916
Car 0.0 0 -1.4527631998062134 464.9986572265625 180.9618682861328 513.454833984375 218.41195678710938 3.7921352 1.49454 1.6006762 -5.019314 1.3259121 30.61377 -1.615273356437683 0.7354944944381714
Car 0.0 0 2.272655963897705 0.0 192.20994567871094 168.72213745117188 319.4237060546875 3.9260266 1.4467174 1.5757958 -8.401894 1.5680164 10.367895 1.5916202068328857 0.599221408367157
Car 0.0 0 -1.1361701488494873 210.41331481933594 168.45265197753906 314.1766662597656 216.38279724121094 4.469548 1.6016884 1.6821747 -12.499618 1.0426465 26.261091 -1.5804134607315063 0.5676587224006653
Car 0.0 0 -2.3438010215759277 0.0 185.04579162597656 148.29440307617188 248.39968872070312 3.5734131 1.4822664 1.5618615 -13.663735 1.4794225 17.844786 -2.9972739219665527 0.552544116973877
Car 0.0 0 -1.551882266998291 578.4820556640625 178.71548461914062 608.7467651367188 206.9564208984375 3.2476258 1.4615122 1.5662465 -0.7638745 1.1262478 38.82254 -1.571555733680725 0.5511603951454163
Car 0.0 0 1.6261370182037354 503.9587097167969 180.6281280517578 535.414794921875 208.39697265625 3.4885046 1.475852 1.5485865 -4.8895955 1.2331648 39.99354 1.5044811964035034 0.5310587286949158
Car 0.0 0 3.8000454902648926 0.0 212.02182006835938 235.78414916992188 376.0 3.6688085 1.4154164 1.5378121 -5.4211917 1.675497 6.0397315 3.0685644149780273 0.42230936884880066
