Pedestrian 0.0 0 -2.715123414993286 854.9617919921875 167.6269989013672 887.2389526367188 220.27066040039062 0.894312 1.8263065 0.6324076 9.206779 1.6453302 25.56724 -2.369478702545166 0.5140864253044128
Pedestrian 0.0 0 -2.6944363117218018 1103.2686767578125 192.0830535888672 1162.1131591796875 277.8863830566406 0.7874527 1.7354149 0.70179427 11.052825 2.1582031 15.334588 -2.069901466369629 0.4649868905544281
Pedestrian 0.0 0 0.04635584354400635 717.46875 177.85841369628906 734.3864135742188 213.67955017089844 0.82975876 1.8159878 0.6685159 5.9273415 2.0765576 37.102978 0.2047710418701172 0.40660950541496277
Pedestrian 0.0 0 -3.4027490615844727 1171.0927734375 176.9974365234375 1229.7294921875 269.0526123046875 0.7813868 1.8345063 0.699269 12.122899 1.9231843 14.898376 -2.7197065353393555 0.25339117646217346
Cyclist 0.0 0 -2.276489734649658 853.27392578125 168.25216674804688 887.458984375 220.28504943847656 0.99375653 1.8048611 0.65125835 9.18807 1.6455954 25.60507 -1.9319632053375244 0.20800969004631042
Car 0.0 0 2.0752763748168945 126.1947250366211 189.24722290039062 244.1957244873047 242.93215942382812 3.9783194 1.533521 1.633356 -13.92007 2.1212692 23.842707 1.5468320846557617 0.9149398803710938
Car 0.0 0 2.2560439109802246 1.8223694562911987 183.8883819580078 110.21118927001953 228.0313262939453 3.3297355 1.5388827 1.5374365 -21.17727 1.9884789 27.68411 1.6030360460281372 0.5278921127319336
Car 0.0 0 1.79482102394104 102.5574951171875 186.45606994628906 181.01951599121094 233.63870239257812 3.8343945 1.5154495 1.5965126 -17.09177 2.0534608 26.443035 1.2210075855255127 0.5170106291770935
Car 0.0 0 1.8677845001220703 364.84710693359375 183.33041381835938 408.751953125 208.92572021484375 3.9731255 1.5121677 1.5959029 -14.276455 2.2128513 46.242 1.568334698677063 0.5079902410507202
Car 0.0 0 -1.4353103637695312 916.1786499023438 176.3091278076172 1003.7421875 239.2804412841797 4.035361 1.551998 1.6686465 9.804064 1.6591465 20.156893 -0.982611894607544 0.2651194930076599
