Pedestrian 0.0 0 2.4779586791992188 791.5211181640625 132.71412658691406 889.0968017578125 284.2893981933594 0.96338445 1.7928952 0.6454922 2.880411 1.2293462 8.826018 2.793415069580078 0.7169985771179199
Pedestrian 0.0 0 -1.0766644477844238 839.0321044921875 173.00051879882812 875.3444213867188 241.13722229003906 0.6615278 1.670655 0.62159246 6.307238 1.4883718 17.783678 -0.7358403205871582 0.20623506605625153
Pedestrian 0.0 0 -0.5197077989578247 54.06981658935547 191.3087158203125 99.92196655273438 251.75430297851562 0.852931 1.6831199 0.6438033 -15.254194 2.004369 20.387833 -1.1620564460754395 0.16202911734580994
Pedestrian 0.0 0 -3.253352403640747 755.4453735351562 170.17886352539062 790.9966430664062 256.7343444824219 0.63127047 1.7035065 0.60295665 3.3404677 1.5020055 14.247214 -3.023047924041748 0.1570548713207245
Pedestrian 0.0 0 1.9443269968032837 253.18771362304688 172.73074340820312 307.06329345703125 266.48052978515625 0.87824535 1.7590595 0.6786389 -6.331487 1.6149186 13.719943 1.5119669437408447 0.14340032637119293
Pedestrian 0.0 0 -1.9921271800994873 1116.041259765625 187.9458465576172 1224.0 370.0 0.6727937 1.6654457 0.6686087 4.318857 1.7274147 5.305982 -1.308931827545166 0.13932308554649353
Pedestrian 0.0 0 -0.863840639591217 983.7960815429688 192.95729064941406 1123.65380859375 370.0 0.6645244 1.6247078 0.5932343 3.2797537 1.7262074 5.275713 -0.30763936042785645 0.12909343838691711
Pedestrian 0.0 0 1.615289330482483 964.4707641601562 134.42086791992188 1009.7824096679688 251.34725952148438 1.6677191 1.7674586 0.58173245 6.2164507 1.0725871 11.547823 2.1091227531433105 0.12102661281824112
Pedestrian 0.0 0 -3.406834840774536 1136.527587890625 144.31072998046875 1204.9847412109375 257.6562194824219 0.7263339 1.7681913 0.622342 9.103004 1.2052953 11.45436 -2.7353219985961914 0.10508717596530914
Pedestrian 0.0 0 -2.4876527786254883 1139.7877197265625 159.0630340576172 1224.0 263.8124694824219 1.3218054 1.7039671 0.5260114 10.035244 1.3569031 12.1999445 -1.7993035316467285 0.10398934036493301
Cyclist 0.0 0 -2.103620767593384 0.0 181.25091552734375 63.62187957763672 263.9986877441406 1.8471273 1.589546 0.6318993 -11.882027 1.6068926 14.194665 -2.8005642890930176 0.25379088521003723
Cyclist 0.0 0 1.615289330482483 964.4707641601562 134.42086791992188 1009.7824096679688 251.34725952148438 1.6677191 1.7674586 0.58173245 6.2164507 1.0725871 11.547823 2.1091227531433105 0.24366600811481476
Cyclist 0.0 0 3.6510307788848877 40.45515060424805 192.19822692871094 103.75804901123047 253.63082885742188 1.3019516 1.7186431 0.65460706 -15.35371 2.063753 20.345903 3.004570484161377 0.19506269693374634
Cyclist 0.0 0 -2.4876527786254883 1139.7877197265625 159.0630340576172 1224.0 263.8124694824219 1.3218054 1.7039671 0.5260114 10.035244 1.3569031 12.1999445 -1.7993035316467285 0.11340036988258362
Car 0.0 0 1.3770043849945068 1186.432373046875 191.96499633789062 1224.0 370.0 3.7629004 1.4717827 1.5741924 5.9152007 1.599412 5.7664285 2.175137519836426 0.13082942366600037
Car 0.0 0 1.9483048915863037 69.51215362548828 189.58335876464844 161.09927368164062 232.0429229736328 3.802885 1.4327074 1.5529797 -18.422186 1.8039106 26.746485 1.3451554775238037 0.10802479088306427
