Pedestrian 0.0 0 -3.3621816635131836 903.3717651367188 131.48838806152344 1027.556640625 372.6263732910156 0.7608938 1.7622225 0.55580485 2.6859357 1.4602829 5.625936 -2.9167604446411133 0.33022499084472656
Pedestrian 0.0 0 -3.297107458114624 921.370849609375 201.26119995117188 961.2217407226562 279.48175048828125 0.75660765 1.774219 0.712173 7.805326 2.466642 17.130947 -2.86958384513855 0.3148637115955353
Pedestrian 0.0 0 -1.356495976448059 331.8127746582031 182.77227783203125 356.03399658203125 235.60556030273438 0.674795 1.7678086 0.64935124 -9.133868 2.1124258 24.662 -1.7111942768096924 0.23490923643112183
Pedestrian 0.0 0 -1.3647326231002808 0.0 181.98094177246094 63.646663665771484 305.86968994140625 1.1081178 1.7294186 0.6191108 -8.733464 1.8744121 10.797251 -2.0448527336120605 0.207116037607193
Pedestrian 0.0 0 1.9029321670532227 24.851594924926758 173.1063995361328 108.57364654541016 302.5577392578125 1.4761475 1.7342021 0.51722807 -7.87729 1.7384893 10.448285 1.2569197416305542 0.11621032655239105
Cyclist 0.0 0 -1.1100053787231445 11.175826072692871 173.53073120117188 75.49588775634766 250.68783569335938 1.645598 1.6659402 0.4720946 -12.929085 1.682525 16.444986 -1.7762762308120728 0.20913098752498627
Cyclist 0.0 0 -1.3087847232818604 0.0 177.7647247314453 70.6716079711914 304.1417236328125 1.4679952 1.7572569 0.56963456 -8.738431 1.8370199 10.877811 -1.9855505228042603 0.1843278408050537
Cyclist 0.0 0 -1.2495591640472412 160.93450927734375 182.1796875 193.62242126464844 240.10931396484375 1.5900092 1.6389494 0.35326514 -12.916528 1.9275911 21.487656 -1.790797233581543 0.1813639998435974
Cyclist 0.0 0 1.9029321670532227 24.851594924926758 173.1063995361328 108.57364654541016 302.5577392578125 1.4761475 1.7342021 0.51722807 -7.87729 1.7384893 10.448285 1.2569197416305542 0.1812012791633606
Car 0.0 0 2.044292449951172 0.0 195.5919647216797 364.2247009277344 375.0 3.8862505 1.467597 1.5962926 -3.7420025 1.7416196 6.7114296 1.5356659889221191 0.8921578526496887
Car 0.0 0 1.8453898429870605 302.4187316894531 172.24681091308594 472.729248046875 293.2295837402344 4.299363 1.7699243 1.7155981 -3.716641 1.761399 12.711075 1.5609256029129028 0.8138578534126282
Car 0.0 0 1.701167345046997 500.87103271484375 181.23904418945312 554.1500854492188 222.1633758544922 4.146849 1.5105338 1.6426672 -3.3469684 1.8788497 29.572594 1.5884689092636108 0.808008074760437
Car 0.0 0 1.2712050676345825 583.1966552734375 191.70462036132812 625.845947265625 216.79898071289062 3.9149616 1.4733723 1.7333506 -0.44016516 2.775256 47.686924 1.2619750499725342 0.16999909281730652
