Pedestrian 0.0 0 -2.4702706336975098 282.6810302734375 163.09280395507812 357.1910705566406 274.9414978027344 0.94608 1.7672001 0.63330984 -4.7165437 1.4938238 11.603307 -2.8563530445098877 0.6393839716911316
Pedestrian 0.0 0 -3.476562023162842 818.6790161132812 138.33299255371094 929.5499267578125 303.3466796875 1.0094526 1.7673802 0.60787654 2.9271147 1.3174398 7.8821487 -3.1209864616394043 0.5114021897315979
Pedestrian 0.0 0 3.28792142868042 121.40484619140625 118.89363098144531 202.85113525390625 257.8109436035156 0.87251204 1.8345623 0.6672374 -6.170018 1.0226526 9.813594 2.7266504764556885 0.3943503499031067
Pedestrian 0.0 0 -1.1150226593017578 115.79366302490234 152.08265686035156 137.52474975585938 192.03549194335938 0.660808 1.9412726 0.6616105 -23.504202 0.56193846 34.723053 -1.7100796699523926 0.30737656354904175
Pedestrian 0.0 0 1.369430661201477 281.28546142578125 172.81002807617188 321.5714416503906 261.4940185546875 0.7227375 1.7562649 0.6241403 -6.2607436 1.605605 14.472116 0.9611341953277588 0.24219365417957306
Pedestrian 0.0 0 0.06070661544799805 996.0665893554688 111.25293731689453 1063.78125 248.65512084960938 0.76939774 1.8074543 0.5622265 5.812437 0.8982186 9.74488 0.5985195636749268 0.23662959039211273
Pedestrian 0.0 0 -2.21335506439209 871.1233520507812 158.15325927734375 903.6085205078125 195.25021362304688 1.7556655 1.7319056 0.4902054 13.51208 0.69007903 33.91563 -1.8342264890670776 0.13701951503753662
Cyclist 0.0 0 -1.8984124660491943 974.0694580078125 136.67970275878906 1023.7965087890625 208.976806640625 1.9384373 1.8099098 0.5475012 10.348905 0.71449256 18.697891 -1.3929015398025513 0.47497814893722534
Cyclist 0.0 0 -2.21335506439209 871.1233520507812 158.15325927734375 903.6085205078125 195.25021362304688 1.7556655 1.7319056 0.4902054 13.51208 0.69007903 33.91563 -1.8342264890670776 0.3934243321418762
Cyclist 0.0 0 -3.468729257583618 815.4866333007812 138.43084716796875 928.55810546875 303.7072448730469 1.0448446 1.7797282 0.6042681 2.9191177 1.3284085 7.924183 -3.115774154663086 0.13189198076725006
Cyclist 0.0 0 0.5932043790817261 280.73663330078125 162.34596252441406 361.44024658203125 274.53955078125 1.0357455 1.7733694 0.6640084 -4.694091 1.4880764 11.603007 0.20877480506896973 0.10106205940246582
Car 0.0 0 -0.7974233627319336 0.0 209.61239624023438 292.1154479980469 370.0 3.9805286 1.4226725 1.5953739 -3.2203586 1.6441295 3.3371375 -1.5650149583816528 0.6869723796844482
Car 0.0 0 2.095452308654785 443.8045654296875 172.52870178222656 498.2521057128906 198.26051330566406 3.8290064 1.5180061 1.6125787 -8.240707 1.0491229 43.77985 1.9093985557556152 0.5452829003334045
Car 0.0 0 -2.6394314765930176 729.020263671875 169.5299530029297 821.4143676757812 203.73550415039062 3.951042 1.5258563 1.6344006 7.9942284 1.0379645 33.467873 -2.4049620628356934 0.532147228717804
Car 0.0 0 0.036253511905670166 45.2415771484375 178.7769775390625 119.0538558959961 202.3968505859375 3.8860471 1.5092522 1.6153177 -34.62003 1.4004935 46.936573 -0.5992588996887207 0.2317030280828476
