Pedestrian 0.0 0 -1.9387459754943848 1059.343505859375 184.80657958984375 1106.380859375 262.3625793457031 0.7779938 1.6552075 0.6320963 10.409791 1.9277201 15.980118 -1.3613721132278442 0.25386592745780945
Pedestrian 0.0 0 -1.342538833618164 1091.8775634765625 111.855224609375 1168.6265869140625 263.5126953125 0.6951305 1.8241215 0.65130395 6.544321 1.0907918 9.149924 -0.7216628789901733 0.2383386790752411
Pedestrian 0.0 0 -1.522215723991394 761.9976196289062 151.80831909179688 774.2520141601562 186.547119140625 0.51945513 2.002484 0.671747 9.156228 0.7896845 41.92786 -1.3072106838226318 0.12565307319164276
Pedestrian 0.0 0 2.2810516357421875 1027.39892578125 116.48343658447266 1119.889404296875 253.77630615234375 0.935169 1.8443815 0.6386676 6.447402 1.0874616 10.1313925 2.8477914333343506 0.12004353851079941
Pedestrian 0.0 0 -1.1458669900894165 314.6216125488281 174.2327117919922 333.810302734375 208.61253356933594 0.7355911 1.8385388 0.7263249 -15.478821 1.9141552 38.998444 -1.5237056016921997 0.11528384685516357
Cyclist 0.0 0 -3.4702646732330322 888.4658813476562 177.38018798828125 931.6956787109375 228.47560119628906 1.2203542 1.70982 0.628404 10.1587715 1.8664511 24.557018 -3.0780203342437744 0.14117179811000824
Car 0.0 0 -2.9587936401367188 859.5572509765625 178.92713928222656 957.4198608398438 215.3528289794922 3.7171948 1.4757427 1.5955378 12.955202 1.7551113 31.467543 -2.568241596221924 0.8290548920631409
Car 0.0 0 2.0102906227111816 218.08847045898438 187.8564910888672 283.9718017578125 217.5483856201172 4.455113 1.546906 1.7069868 -20.878952 2.469395 42.101826 1.5499157905578613 0.7192918062210083
Car 0.0 0 1.1146577596664429 25.98233413696289 204.97474670410156 99.30474090576172 237.23765563964844 3.7944086 1.5042998 1.5910218 -29.108389 3.279804 38.3112 0.4649217128753662 0.15830503404140472
Car 0.0 0 1.7349951267242432 118.4561996459961 191.3898468017578 160.44793701171875 217.58058166503906 4.171916 1.5754426 1.7231133 -31.823338 2.8887546 48.849785 1.1575990915298462 0.13899563252925873
Car 0.0 0 1.3850619792938232 203.3074951171875 192.27346801757812 238.85882568359375 213.24783325195312 3.9836488 1.4840057 1.7655398 -30.799814 3.0764077 57.04685 0.8900032043457031 0.12204854190349579
