Pedestrian 0.0 0 -0.5603286623954773 989.145751953125 187.79385375976562 1048.6849365234375 278.6522216796875 0.7031264 1.654667 0.71959615 7.664748 1.94525 13.637658 -0.04829771816730499 0.44076070189476013
Pedestrian 0.0 0 -1.9975768327713013 951.4369506835938 186.98419189453125 979.5158081054688 233.4816131591797 0.8311984 1.7449309 0.68538237 13.62603 2.2972918 27.758923 -1.5412596464157104 0.343969464302063
Pedestrian 0.0 0 -0.7052028775215149 1013.7130126953125 196.38128662109375 1083.2071533203125 301.51434326171875 0.70089483 1.6747078 0.7099578 7.2759843 2.0823374 12.080338 -0.16309410333633423 0.32817694544792175
Pedestrian 0.0 0 -2.9384381771087646 717.5958251953125 186.8355255126953 755.1472778320312 244.9517822265625 1.0350126 1.7537744 0.70840913 3.9057267 2.2010076 22.53988 -2.7668612003326416 0.2099549025297165
Pedestrian 0.0 0 -0.49347561597824097 938.495361328125 186.2281951904297 970.696044921875 240.85586547851562 0.7459354 1.8359841 0.7209319 11.798508 2.3033037 24.811306 -0.04959535226225853 0.18657025694847107
Pedestrian 0.0 0 2.1406102180480957 1159.5679931640625 135.96051025390625 1242.0 334.1857604980469 0.7264406 1.7992731 0.6237695 5.8261137 1.4647522 6.9527764 2.8380699157714844 0.17460523545742035
Pedestrian 0.0 0 1.6425153017044067 874.0986938476562 128.0800018310547 900.4729614257812 198.8980255126953 1.626254 1.8448137 0.5585938 7.5153117 0.67880636 19.648272 2.007838249206543 0.1269645392894745
Cyclist 0.0 0 -2.8534083366394043 390.2955627441406 192.4816131591797 460.59881591796875 253.84539794921875 1.9524301 1.8083686 0.6829256 -5.6283054 2.4141984 21.878471 -3.1052017211914062 0.4281785190105438
Cyclist 0.0 0 -1.3679862022399902 0.0 58.72321319580078 103.06135559082031 375.0 1.7250091 1.6839882 0.46035692 -3.7134423 1.0939645 4.601729 -2.0469608306884766 0.23588228225708008
Cyclist 0.0 0 -2.870088577270508 711.0621948242188 186.9910125732422 756.3932495117188 245.42494201660156 1.2523127 1.7555497 0.71079266 3.822473 2.2092476 22.54719 -2.702153205871582 0.2273946851491928
Cyclist 0.0 0 1.6425153017044067 874.0986938476562 128.0800018310547 900.4729614257812 198.8980255126953 1.626254 1.8448137 0.5585938 7.5153117 0.67880636 19.648272 2.007838249206543 0.20371945202350616
Cyclist 0.0 0 -0.5272229313850403 949.169921875 187.25657653808594 982.1024169921875 233.97792053222656 0.9155882 1.7567953 0.6829729 13.619699 2.3181925 27.731115 -0.07069312781095505 0.10127805173397064
Car 0.0 0 1.7131260633468628 496.3761291503906 189.5186004638672 552.7926025390625 235.70846557617188 3.8879125 1.5766761 1.6382973 -3.2835484 2.2693455 28.008398 1.5964243412017822 0.8298168182373047
Car 0.0 0 1.6714298725128174 651.973388671875 192.7801971435547 683.9542236328125 218.71612548828125 3.723355 1.4999853 1.7021751 3.7625701 2.8465743 46.760525 1.7517215013504028 0.32903042435646057
Car 0.0 0 1.1776669025421143 963.694580078125 188.97532653808594 1016.1322021484375 213.78857421875 3.8175776 1.4737948 1.7093405 24.856909 2.577486 47.401066 1.660640001296997 0.18921896815299988
