Pedestrian 0.0 0 0.7177724838256836 284.88909912109375 170.10069274902344 363.5863952636719 306.95147705078125 0.82984287 1.8329934 0.6044668 -4.040401 1.796473 10.0839405 0.3366827964782715 0.2234647572040558
Pedestrian 0.0 0 -0.43826788663864136 713.9554443359375 166.58444213867188 741.2991943359375 220.96763610839844 0.7294851 1.8133258 0.596485 3.9367502 1.6046348 24.442884 -0.27858006954193115 0.2033134549856186
Pedestrian 0.0 0 -0.7811896800994873 701.5330810546875 172.7423095703125 726.517578125 220.00888061523438 0.6848094 1.7794429 0.6542249 3.9395616 1.7755966 27.627789 -0.6395503282546997 0.16569988429546356
Pedestrian 0.0 0 -1.6054646968841553 708.7466430664062 161.41551208496094 726.0283813476562 212.31918334960938 0.8048529 1.7925652 0.58266324 3.7967286 1.3901184 25.838371 -1.4595673084259033 0.1644677221775055
Pedestrian 0.0 0 0.45784229040145874 323.2975158691406 167.0025634765625 395.1314392089844 282.2601318359375 0.94044864 1.811347 0.5783817 -4.101857 1.7197455 11.680136 0.12011456489562988 0.15205197036266327
Cyclist 0.0 0 -1.6940984725952148 669.6321411132812 165.73001098632812 681.6124267578125 198.6409912109375 1.722576 1.8252807 0.46503255 3.6765254 1.430534 40.88317 -1.6044120788574219 0.1704304814338684
Car 0.0 0 1.4866104125976562 654.2946166992188 189.23182678222656 700.3715209960938 229.87490844726562 3.7442415 1.5298622 1.619235 2.7496605 2.2662265 30.54597 1.5763856172561646 0.7398855090141296
Car 0.0 0 1.228403091430664 941.9212646484375 110.06298828125 1242.0 375.0 3.3901057 1.4493184 1.5007938 2.8151662 1.2721158 3.8754787 1.8566315174102783 0.2314910590648651
Car 0.0 0 2.756495475769043 551.2422485351562 194.16488647460938 602.71826171875 215.98486328125 3.6023521 1.5386543 1.592653 -2.5530078 3.2141502 55.237274 2.7103095054626465 0.13556218147277832
Car 0.0 0 1.6438820362091064 542.5069580078125 187.11912536621094 574.2892456054688 214.42098999023438 4.159898 1.5679324 1.7097695 -3.254085 2.5128465 45.69177 1.5727838277816772 0.1308419108390808
