Pedestrian 0.0 0 1.6777135133743286 418.7432556152344 166.6323699951172 462.41558837890625 267.6567687988281 0.9163384 1.7774512 0.68830645 -2.9665244 1.517141 13.130681 1.4555206298828125 0.7458987236022949
Pedestrian 0.0 0 1.6363201141357422 712.7109375 160.754638671875 754.291259765625 259.8663330078125 0.9144021 1.7978475 0.71651256 2.4634569 1.4228028 13.558208 1.8160542249679565 0.6872819066047668
Pedestrian 0.0 0 -2.8529915809631348 662.215087890625 162.26820373535156 711.4542846679688 261.6258544921875 0.775841 1.79623 0.59948224 1.5587742 1.4498181 13.411926 -2.737287759780884 0.5122923254966736
Pedestrian 0.0 0 1.35745370388031 522.3856811523438 172.36685180664062 541.769287109375 217.36709594726562 0.755644 1.7851264 0.63072586 -2.8165638 1.4238268 28.949278 1.2604658603668213 0.48672184348106384
Pedestrian 0.0 0 1.297837495803833 461.2903137207031 178.4661865234375 476.1614990234375 209.68258666992188 0.75012225 1.8384905 0.6941859 -7.9057055 1.6605847 42.79328 1.1151554584503174 0.4067389965057373
Pedestrian 0.0 0 1.2859411239624023 208.17405700683594 152.5164794921875 248.04901123046875 231.532470703125 0.78462166 1.8462415 0.6567137 -9.02422 1.1702341 17.291956 0.8049478530883789 0.37710481882095337
Pedestrian 0.0 0 -2.9689712524414062 742.8258056640625 162.23068237304688 765.94873046875 209.8250732421875 0.7695843 1.787362 0.6132012 5.8174915 1.0647529 27.401665 -2.759773015975952 0.35713136196136475
Pedestrian 0.0 0 0.3338010013103485 387.4287109375 159.0743408203125 424.2845458984375 229.02487182617188 0.7633578 1.796711 0.64279443 -5.142581 1.2218741 18.794266 0.06671357154846191 0.330415815114975
Pedestrian 0.0 0 -1.9092289209365845 726.3053588867188 162.6285400390625 751.7281494140625 214.71336364746094 0.775952 1.8136001 0.66296405 4.8449636 1.1575583 25.443132 -1.7210584878921509 0.327313095331192
Pedestrian 0.0 0 1.665194034576416 315.5880432128906 186.0749969482422 356.9724426269531 289.5172119140625 0.6966347 1.707922 0.6049724 -4.5744 1.7902472 12.3089695 1.3093799352645874 0.3134661316871643
Pedestrian 0.0 0 2.6261332035064697 770.5244140625 151.58140563964844 802.9533081054688 211.8094024658203 0.8024335 1.857157 0.58079493 5.782354 0.9357173 22.532673 2.877333402633667 0.30545154213905334
Pedestrian 0.0 0 -2.1313397884368896 751.6279296875 163.77413940429688 779.1240234375 215.04623413085938 0.80724424 1.7980537 0.6232065 5.8319783 1.1774899 25.672554 -1.9079630374908447 0.2967107594013214
Pedestrian 0.0 0 1.6857795715332031 614.8505249023438 171.60910034179688 635.2823486328125 218.39352416992188 1.7148598 1.808844 0.62503874 0.9364633 1.427446 28.664713 1.7184375524520874 0.23167607188224792
Pedestrian 0.0 0 1.3650877475738525 565.9254760742188 167.5849609375 588.0808715820312 212.40599060058594 1.76841 1.7984177 0.56381017 -1.0404646 1.2410848 29.746084 1.330123782157898 0.20462293922901154
Pedestrian 0.0 0 -1.2070295810699463 781.4362182617188 148.42007446289062 817.3012084960938 204.72068786621094 1.7521281 1.8407294 0.5901446 6.7031584 0.76028323 24.3642 -0.9385488033294678 0.15726521611213684
Cyclist 0.0 0 1.7367295026779175 571.9288330078125 167.58090209960938 601.57373046875 229.471435546875 1.8143506 1.7981663 0.6120024 -0.45627055 1.3948965 21.80975 1.715812087059021 0.8357385396957397
Cyclist 0.0 0 1.6832926273345947 614.6577758789062 172.18797302246094 634.9287109375 218.32518005371094 1.7486619 1.7807167 0.61799234 0.92462295 1.422327 28.632069 1.7155746221542358 0.6628971695899963
Cyclist 0.0 0 1.3650877475738525 565.9254760742188 167.5849609375 588.0808715820312 212.40599060058594 1.76841 1.7984177 0.56381017 -1.0404646 1.2410848 29.746084 1.330123782157898 0.6628457307815552
Cyclist 0.0 0 -1.9682517051696777 1019.7783203125 98.12728118896484 1238.0 374.0 1.6426373 1.6235034 0.39418998 2.0839126 1.3945072 2.8275816 -1.3331260681152344 0.37394851446151733
Cyclist 0.0 0 -1.2070295810699463 781.4362182617188 148.42007446289062 817.3012084960938 204.72068786621094 1.7521281 1.8407294 0.5901446 6.7031584 0.76028323 24.3642 -0.9385488033294678 0.2964656352996826
Cyclist 0.0 0 -1.7231537103652954 447.3727722167969 184.19497680664062 486.193359375 260.7460021972656 1.9818361 1.7322401 0.6204785 -3.312032 1.8024591 17.362629 -1.911645531654358 0.26094821095466614
Car 0.0 0 -0.7495964169502258 880.1370849609375 152.86215209960938 1238.0 374.0 3.5680072 1.5038397 1.5691838 4.248796 1.3166623 5.7021694 -0.10922632366418839 0.29199638962745667
Car 0.0 0 -0.7963563799858093 242.4157257080078 179.96865844726562 289.9931945800781 199.18797302246094 3.3068612 1.4685448 1.5288588 -26.395208 1.3520912 56.698753 -1.2320531606674194 0.2557462155818939
