Pedestrian 0.0 0 -3.524320125579834 1009.8182373046875 185.24365234375 1043.89111328125 235.84201049804688 0.83273995 1.7382809 0.7097034 14.619128 2.1817787 25.395115 -3.0019848346710205 0.4787988066673279
Pedestrian 0.0 0 -1.676215648651123 1205.2264404296875 149.00747680664062 1242.0 241.4849853515625 1.7146537 1.6992319 0.5000934 12.009054 1.2614208 14.103969 -0.9708709716796875 0.1331615000963211
Cyclist 0.0 0 -1.676215648651123 1205.2264404296875 149.00747680664062 1242.0 241.4849853515625 1.7146537 1.6992319 0.5000934 12.009054 1.2614208 14.103969 -0.9708709716796875 0.2824849784374237
Cyclist 0.0 0 -3.4891910552978516 1008.2426147460938 184.82286071777344 1041.9920654296875 235.5809326171875 0.82879966 1.7427965 0.73366696 14.56506 2.1718478 25.408205 -2.9686787128448486 0.11282702535390854
Car 0.0 0 -1.8837264776229858 728.9559326171875 189.43557739257812 926.8594360351562 310.77362060546875 4.1773777 1.4060155 1.5989709 3.0078928 1.7094916 11.062992 -1.6182559728622437 0.9030921459197998
Car 0.0 0 -1.7013252973556519 654.5673217773438 174.3903045654297 706.1250610351562 215.13180541992188 4.015062 1.5936227 1.6381887 2.8532722 1.6630728 30.41056 -1.6077741384506226 0.8348091244697571
Car 0.0 0 3.7456839084625244 0.0 177.3371124267578 173.26890563964844 375.0 3.76328 1.4972091 1.5901481 -6.3685923 1.5447448 6.4844112 2.969296455383301 0.6980076432228088
Car 0.0 0 -2.507192850112915 0.0 146.67984008789062 264.97052001953125 291.17071533203125 3.6636136 1.6571827 1.6340536 -6.6280713 1.357346 9.098489 -3.1367785930633545 0.6876923441886902
Car 0.0 0 1.6271874904632568 463.04254150390625 178.48492431640625 507.56884765625 219.1879119873047 3.715332 1.4726399 1.5307814 -4.920652 1.7110656 28.57012 1.4566301107406616 0.517047107219696
Car 0.0 0 -2.7468101978302 367.0753173828125 173.72357177734375 487.38201904296875 216.77352905273438 3.7958941 1.4516625 1.5787623 -6.4443097 1.4839449 25.42868 -2.995011568069458 0.4794851541519165
Car 0.0 0 -0.882835328578949 1106.48828125 186.5113525390625 1234.98046875 233.32174682617188 3.6229746 1.4985158 1.5664052 19.308754 1.9931037 24.942019 -0.22405926883220673 0.3894110918045044
Car 0.0 0 3.2932119369506836 439.52484130859375 173.3938446044922 518.8706665039062 207.876220703125 3.5701835 1.6247575 1.6347246 -6.316048 1.6518685 34.888245 3.1141152381896973 0.2871479392051697
Car 0.0 0 1.7899925708770752 492.329833984375 165.07269287109375 536.352783203125 194.99917602539062 3.8862011 1.5961508 1.6438366 -5.34648 1.1814871 40.48876 1.6587036848068237 0.2808604836463928
