Pedestrian 0.0 0 -1.0598715543746948 606.205810546875 173.01385498046875 634.5148315429688 221.40817260742188 0.85438806 1.7372975 0.7114146 0.67609 1.4337066 26.333744 -1.034203290939331 0.49128299951553345
Pedestrian 0.0 0 -1.6593222618103027 441.8142395019531 165.76707458496094 497.50885009765625 274.2937927246094 1.0477244 1.7224945 0.8213424 -2.2618864 1.4740832 12.014119 -1.8454129695892334 0.4574822187423706
Pedestrian 0.0 0 -1.8619887828826904 699.3595581054688 156.69476318359375 728.9901123046875 215.06381225585938 0.99193716 1.8082973 0.66973686 3.5412447 1.0409323 22.78877 -1.7078274488449097 0.31395286321640015
Pedestrian 0.0 0 -1.601340413093567 726.3173828125 185.75830078125 767.2646484375 282.77301025390625 0.8479108 1.6854 0.6958998 2.575436 1.7665215 12.993747 -1.4056706428527832 0.2920074164867401
Pedestrian 0.0 0 -1.5533785820007324 685.5731811523438 168.69081115722656 707.274169921875 230.42727661132812 1.205198 1.7650244 0.6160954 2.7798984 1.399955 21.175764 -1.4228476285934448 0.23698261380195618
Pedestrian 0.0 0 -3.3568673133850098 779.3782348632812 145.76283264160156 835.6455688476562 210.28311157226562 1.44159 1.8003147 0.58377814 5.8033466 0.804287 20.377258 -3.0794174671173096 0.1662081778049469
Pedestrian 0.0 0 -1.5169932842254639 751.938720703125 152.37416076660156 772.9033203125 208.03854370117188 1.7137352 1.806153 0.60127217 5.4129825 0.8621948 24.211578 -1.297040343284607 0.11779052764177322
Cyclist 0.0 0 0.2439986765384674 465.3764343261719 167.90599060058594 540.3407592773438 232.59909057617188 1.8766513 1.703159 0.7654537 -2.6780288 1.3464413 19.389328 0.10674834251403809 0.5346089005470276
Cyclist 0.0 0 -1.5106587409973145 684.3927001953125 166.98414611816406 708.2158203125 229.36680603027344 1.7496595 1.765086 0.59780717 2.7896674 1.3555114 21.237944 -1.3800534009933472 0.4062364101409912
Cyclist 0.0 0 -3.2802035808563232 774.8572998046875 144.78721618652344 834.7796020507812 209.70089721679688 1.5721345 1.8093909 0.57636714 5.733551 0.7872156 20.411642 -3.006364107131958 0.2917335033416748
Cyclist 0.0 0 -1.5169932842254639 751.938720703125 152.37416076660156 772.9033203125 208.03854370117188 1.7137352 1.806153 0.60127217 5.4129825 0.8621948 24.211578 -1.297040343284607 0.22532087564468384
Cyclist 0.0 0 -1.4429796934127808 457.0816345214844 182.2549591064453 516.3799438476562 281.8418273925781 1.7147212 1.6211872 0.81652075 -2.013778 1.6365801 12.573824 -1.6017874479293823 0.21246179938316345
Cyclist 0.0 0 -1.8684496879577637 698.9817504882812 156.78343200683594 728.8562622070312 214.8109588623047 0.9998729 1.7935715 0.66827327 3.525802 1.0307202 22.743063 -1.7146464586257935 0.18439222872257233
Cyclist 0.0 0 -1.5681052207946777 726.2340087890625 185.47007751464844 765.5189208984375 283.2798156738281 1.0850556 1.6756929 0.6657427 2.5606768 1.7518386 12.949754 -1.3728842735290527 0.11411308497190475
Car 0.0 0 2.69154691696167 593.459228515625 166.21961975097656 689.8136596679688 199.5617218017578 4.6494703 1.635617 1.7488722 2.0669916 0.8869195 36.935863 2.747450351715088 0.1988731324672699
Car 0.0 0 -1.8857319355010986 852.09619140625 209.05276489257812 1161.7430419921875 374.0 3.2266128 1.4603966 1.5079486 3.42925 1.7887027 6.8131275 -1.419424057006836 0.17500491440296173
Car 0.0 0 2.9504053592681885 498.7936706542969 175.78160095214844 593.573974609375 207.4045867919922 4.4267216 1.4995826 1.6695712 -2.7496195 1.2293234 35.453514 2.873004674911499 0.1649707704782486
