Car 0.0 0 -1.855454444885254 753.4113159179688 202.2176971435547 923.916748046875 317.7978515625 3.945872 1.4649467 1.6140966 3.5558553 2.0389204 12.118859 -1.57004976272583 0.9019262790679932
Car 0.0 0 1.7890745401382446 383.5914306640625 195.11068725585938 515.9837036132812 294.4519958496094 3.827035 1.4707192 1.5934217 -2.866018 1.9455836 13.460033 1.5792796611785889 0.8634490370750427
Car 0.0 0 1.0089575052261353 868.3660278320312 221.8755340576172 1242.0 375.0 4.217239 1.4518745 1.661553 3.8295286 2.0265548 6.3276715 1.553194284439087 0.8380596041679382
Car 0.0 0 1.666656494140625 515.6944580078125 187.33175659179688 565.0018920898438 229.611328125 3.9605196 1.550636 1.6547064 -2.850677 2.1886792 29.797338 1.5712779760360718 0.8182132840156555
Car 0.0 0 1.852247953414917 207.13726806640625 164.535400390625 480.469970703125 356.8807067871094 4.1541543 1.6080855 1.6759541 -2.6582193 1.5388966 8.134274 1.5363956689834595 0.8046292662620544
Car 0.0 0 -1.6845945119857788 700.8178100585938 195.40579223632812 762.5722045898438 247.86985778808594 3.5494092 1.5092727 1.625007 3.9465592 2.320344 24.123873 -1.5224354267120361 0.7831257581710815
Car 0.0 0 -1.7989232540130615 725.5733032226562 199.40830993652344 821.7337646484375 273.4166564941406 3.239258 1.4905857 1.5339067 3.7746148 2.188787 17.3292 -1.5844550132751465 0.6689878106117249
Car 0.0 0 1.4867888689041138 666.5698852539062 186.76492309570312 708.0250244140625 223.10862731933594 3.9640343 1.5533592 1.6233996 3.5853653 2.2548003 34.36354 1.5907490253448486 0.5950020551681519
Car 0.0 0 1.5091215372085571 643.2890014648438 189.1664276123047 664.22314453125 206.97328186035156 3.7949965 1.5374361 1.7244586 4.0580177 3.1107266 67.67284 1.5690150260925293 0.4174044132232666
Car 0.0 0 -1.590226173400879 683.5457153320312 191.72042846679688 727.7360229492188 236.05323791503906 3.6366043 1.5420336 1.6274306 3.7046525 2.3399897 28.60478 -1.4614313840866089 0.41739189624786377
