Pedestrian 0.0 0 0.12442529946565628 682.3212280273438 178.46449279785156 698.2318725585938 215.9488525390625 0.69254 1.8101515 0.722616 3.903808 2.0891647 35.40199 0.2342524528503418 0.27212464809417725
Cyclist 0.0 0 -0.6590223908424377 1116.8929443359375 116.83714294433594 1242.0 262.6131896972656 1.7742001 1.8028558 0.5924243 7.5420375 1.1104364 9.239519 0.025567054748535156 0.3205581605434418
Car 0.0 0 -1.1746034622192383 128.74911499023438 196.74978637695312 443.49334716796875 375.0 3.7588034 1.4166937 1.579058 -3.0485287 1.7305558 7.573676 -1.5572772026062012 0.898751437664032
Car 0.0 0 1.468092679977417 631.70263671875 184.148681640625 691.9102172851562 233.56784057617188 3.963194 1.4840033 1.627698 1.6397222 1.9008262 24.59257 1.5346696376800537 0.8770908117294312
Car 0.0 0 1.7270209789276123 524.2161865234375 175.8773193359375 561.4649658203125 203.8315887451172 3.9033656 1.5727663 1.6252072 -3.989531 1.7617916 43.024517 1.6345584392547607 0.6757361888885498
Car 0.0 0 3.297107458114624 433.6077575683594 183.04124450683594 516.0955810546875 212.59678649902344 4.162612 1.5314927 1.6852846 -7.2732964 2.0940235 38.91135 3.1123201847076416 0.456710547208786
Car 0.0 0 1.7804505825042725 551.6346435546875 177.9684600830078 585.0989379882812 200.6576690673828 3.993093 1.5348253 1.6060812 -2.9769518 1.9175535 51.846012 1.7230944633483887 0.3427819609642029
Car 0.0 0 -0.7514559030532837 823.3845825195312 171.60765075683594 980.4559326171875 230.79840087890625 3.8832605 1.4782573 1.6033381 7.82353 1.4474884 19.465748 -0.3693017363548279 0.2775386869907379
Car 0.0 0 -0.7918316125869751 0.0 188.35096740722656 156.67723083496094 375.0 3.9195685 1.4701226 1.6044172 -6.176671 1.6518039 6.4669023 -1.5542789697647095 0.24026410281658173
Car 0.0 0 0.6606616377830505 0.0 174.4757080078125 247.6927947998047 287.4839172363281 3.7923558 1.5172335 1.6075255 -7.6588197 1.5433203 10.577084 0.03394651412963867 0.24024346470832825
