Car 0.0 0 -1.8795831203460693 709.7819213867188 188.63145446777344 860.8304443359375 289.74688720703125 3.506553 1.4600466 1.562137 2.882079 1.779966 12.796813 -1.6580607891082764 0.9068808555603027
Car 0.0 0 -1.7205865383148193 653.2863159179688 181.41893005371094 727.05859375 235.61358642578125 4.2551427 1.4748334 1.6388763 2.3452208 1.7677377 22.479445 -1.6166352033615112 0.8377578258514404
Car 0.0 0 -2.441432476043701 0.0 195.36996459960938 286.2593994140625 332.76171875 3.8890324 1.4229461 1.5942051 -6.259921 1.7252109 8.726103 -3.0637271404266357 0.8009830117225647
Car 0.0 0 0.5666446685791016 24.227497100830078 189.99874877929688 340.38494873046875 293.610595703125 3.9862657 1.4382466 1.596018 -6.5214834 1.725001 11.17625 0.0384364128112793 0.7781785726547241
Car 0.0 0 -2.6449570655822754 208.50148010253906 186.37823486328125 407.8984069824219 258.7361755371094 3.7248375 1.4503939 1.5890945 -6.5800776 1.7654619 15.807125 -3.039412498474121 0.7502108812332153
Car 0.0 0 -2.6480956077575684 261.06866455078125 183.58206176757812 429.1996765136719 246.72604370117188 3.7133505 1.4874347 1.5993289 -6.74507 1.7772014 18.40721 -2.9993374347686768 0.6735437512397766
Car 0.0 0 0.23871898651123047 372.7339782714844 187.6268768310547 499.9798583984375 230.37664794921875 4.2197275 1.4677181 1.6388353 -6.2704363 2.0208292 26.167978 0.0035309791564941406 0.6727076172828674
Car 0.0 0 0.41922029852867126 126.27943420410156 189.00193786621094 365.5749816894531 273.12200927734375 3.6473746 1.421617 1.5434384 -6.6565943 1.7401747 13.366244 -0.042838312685489655 0.647861123085022
Car 0.0 0 1.4403393268585205 644.4764404296875 179.9007110595703 689.589111328125 213.7506561279297 3.8067703 1.4283131 1.574695 2.5264494 1.7718728 33.195442 1.516301155090332 0.543582558631897
Car 0.0 0 0.4346410632133484 291.51287841796875 182.85574340820312 448.39593505859375 239.51089477539062 3.9376812 1.510024 1.6267462 -6.8463864 1.8106291 20.625128 0.11414146423339844 0.500940203666687
Car 0.0 0 1.532025933265686 631.4437866210938 176.3732147216797 655.6846313476562 198.83152770996094 3.9077573 1.5588878 1.610101 2.3888738 1.8256277 52.65409 1.5773640871047974 0.45919811725616455
