Pedestrian 0.0 0 -1.5781021118164062 307.49285888671875 143.94583129882812 376.1986389160156 308.2083435058594 0.8475346 1.7331731 0.6908515 -3.077797 1.428514 8.130236 -1.93999183177948 0.38160592317581177
Pedestrian 0.0 0 1.784765601158142 522.1863403320312 157.82615661621094 549.1175537109375 217.79147338867188 0.7789479 1.8327273 0.6862899 -2.3556623 1.3737876 22.474356 1.6803313493728638 0.35270893573760986
Pedestrian 0.0 0 -1.1830435991287231 450.08355712890625 160.98023986816406 466.18316650390625 196.18646240234375 0.67943907 1.9130124 0.657153 -8.367317 1.2681819 39.596603 -1.391294002532959 0.3178699314594269
Pedestrian 0.0 0 -1.4073432683944702 395.9647216796875 159.865966796875 409.86358642578125 194.37350463867188 0.69398713 1.9265949 0.6495583 -11.702938 1.2018161 40.663994 -1.6875665187835693 0.2485838085412979
Pedestrian 0.0 0 -1.5287340879440308 498.2250671386719 154.18490600585938 511.9931335449219 190.54652404785156 0.7610832 1.9038479 0.6909256 -5.5847235 0.9267161 38.190144 -1.67393958568573 0.24303987622261047
Pedestrian 0.0 0 1.834435224533081 407.067626953125 151.66909790039062 441.77069091796875 224.76072692871094 0.8440424 1.8673908 0.6838907 -4.889014 1.3265035 18.856953 1.5807524919509888 0.2404109090566635
Car 0.0 0 3.065434694290161 482.3358459472656 168.39309692382812 563.3141479492188 199.6591033935547 3.9009151 1.5107106 1.6259457 -4.4158196 1.2955264 36.041386 2.943521499633789 0.7476494312286377
Car 0.0 0 1.0913535356521606 713.2575073242188 165.02032470703125 760.06884765625 188.67922973632812 3.8786962 1.5996251 1.6411389 8.851332 1.070333 50.87855 1.2635993957519531 0.491278737783432
Car 0.0 0 1.9577724933624268 0.0 175.5065460205078 47.970970153808594 202.65402221679688 3.9174535 1.5504651 1.6034964 -35.921787 1.7193336 43.726562 1.2700529098510742 0.42276984453201294
Car 0.0 0 1.0017139911651611 744.8929443359375 160.30799865722656 791.7291870117188 184.7036590576172 3.5744033 1.6981268 1.6359348 11.376564 0.82518536 52.18191 1.2163724899291992 0.2806749641895294
Car 0.0 0 -1.9591270685195923 932.7396240234375 161.91433715820312 979.9384765625 185.51023864746094 3.9559407 1.632685 1.6844634 24.841341 0.8760882 51.946354 -1.513061761856079 0.2731897234916687
Car 0.0 0 0.6647102236747742 995.2644653320312 157.34645080566406 1056.40771484375 181.3714141845703 3.7325957 1.7263501 1.6466397 30.96841 0.61238897 53.883293 1.186342477798462 0.2056116908788681
