Pedestrian 0.0 0 1.2188700437545776 711.6972045898438 131.347900390625 790.3995971679688 276.55072021484375 0.9494998 1.7783326 0.71161926 1.8253945 1.1780348 9.178575 1.4151842594146729 0.643731415271759
Pedestrian 0.0 0 0.16425101459026337 706.690185546875 136.0828399658203 757.8290405273438 235.73789978027344 0.86625063 1.8170867 0.5762506 2.356721 1.0088345 13.303132 0.3395872116088867 0.612835168838501
Pedestrian 0.0 0 1.4434891939163208 609.7936401367188 126.53132629394531 655.0479125976562 236.32566833496094 0.8313981 1.8447562 0.6839073 0.42133015 0.939628 12.320502 1.4776734113693237 0.5886923670768738
Pedestrian 0.0 0 1.3024760484695435 642.6207275390625 131.96347045898438 717.3278198242188 281.2767028808594 0.87812614 1.7776786 0.7235988 0.8764991 1.2014986 8.906946 1.4005664587020874 0.570685863494873
Pedestrian 0.0 0 1.4387402534484863 445.242431640625 142.6068878173828 478.66900634765625 218.6136016845703 0.9371981 1.8737059 0.7135379 -3.6843255 0.9411677 17.984776 1.236677885055542 0.5565193891525269
Pedestrian 0.0 0 -3.7941603660583496 1187.2459716796875 188.22604370117188 1224.0 261.8584289550781 0.8254801 1.7595145 0.7351806 14.978342 1.9551791 17.364052 -3.082392930984497 0.482086718082428
Pedestrian 0.0 0 1.6831881999969482 601.36767578125 134.0958709716797 628.0192260742188 206.51565551757812 0.8294396 1.8651227 0.616291 0.22662742 0.67160547 18.65438 1.6953363418579102 0.45347023010253906
Pedestrian 0.0 0 0.9034308791160583 456.8162841796875 134.84576416015625 513.7374267578125 245.41439819335938 0.7568429 1.7913803 0.6085521 -2.066871 1.0533655 11.929539 0.731877326965332 0.43311625719070435
Pedestrian 0.0 0 0.22801190614700317 502.6893005371094 153.314453125 539.8475341796875 225.0775909423828 0.8602953 1.8339926 0.5425898 -2.2080264 1.1408248 18.38077 0.10845780372619629 0.4206790626049042
Pedestrian 0.0 0 0.16496174037456512 536.9893798828125 138.47364807128906 591.7865600585938 237.53134155273438 0.9507596 1.8207754 0.5826658 -0.79983324 1.0499296 13.330832 0.10503482818603516 0.41889065504074097
Pedestrian 0.0 0 1.2942392826080322 567.5470581054688 131.4084014892578 618.2484741210938 243.5206298828125 0.7903142 1.8377804 0.6715332 -0.26132786 1.0347067 12.061573 1.2725765705108643 0.41386720538139343
Pedestrian 0.0 0 0.16971872746944427 588.3582153320312 147.9268035888672 631.8416748046875 241.8428192138672 0.78127176 1.814562 0.54697216 0.06489016 1.1868441 13.993103 0.17435598373413086 0.3813534080982208
Pedestrian 0.0 0 -1.9913790225982666 69.08602142333984 154.66554260253906 105.2347640991211 216.69529724121094 0.67999685 1.7738308 0.62920904 -15.162679 1.0366281 20.655657 -2.624606132507324 0.33221960067749023
Pedestrian 0.0 0 0.5251367688179016 488.1799011230469 132.48988342285156 540.2854614257812 237.1665802001953 0.70189875 1.8590658 0.6877141 -1.706941 1.0080456 13.004622 0.3946263790130615 0.322385311126709
Pedestrian 0.0 0 0.4440245032310486 529.6039428710938 136.50352478027344 578.3065185546875 230.62884521484375 0.8159308 1.8466445 0.5711931 -1.0691085 0.98510826 14.280219 0.36929750442504883 0.3039579689502716
Pedestrian 0.0 0 3.452970504760742 345.90087890625 145.4297637939453 380.5893859863281 205.79678344726562 0.869713 1.8358693 0.6067169 -7.4832325 0.77087945 21.809298 3.122436761856079 0.2914487421512604
Pedestrian 0.0 0 1.8929264545440674 389.7940979003906 143.845458984375 416.81597900390625 198.29159545898438 0.91509575 1.8567785 0.64880234 -7.0328865 0.60828185 24.578753 1.6142361164093018 0.2646912634372711
Pedestrian 0.0 0 -1.5524554252624512 688.691162109375 145.5713653564453 708.1436157226562 203.06504821777344 0.8069512 1.7956606 0.6015164 2.9499245 0.7063122 22.521366 -1.4222135543823242 0.2594850957393646
Pedestrian 0.0 0 1.8954973220825195 106.43936157226562 147.05548095703125 168.64988708496094 256.7911376953125 0.879667 1.7483668 0.6175628 -7.8043413 1.2171658 11.764726 1.3097820281982422 0.25823596119880676
Pedestrian 0.0 0 0.7939232587814331 239.96592712402344 137.19613647460938 346.05548095703125 247.95680236816406 1.5789355 1.7448101 0.7083691 -5.2300043 1.0643016 11.752009 0.3752095699310303 0.12873148918151855
Cyclist 0.0 0 0.7939232587814331 239.96592712402344 137.19613647460938 346.05548095703125 247.95680236816406 1.5789355 1.7448101 0.7083691 -5.2300043 1.0643016 11.752009 0.3752095699310303 0.2977173924446106
Cyclist 0.0 0 0.11547219753265381 695.7445068359375 137.30859375 748.7029418945312 237.28016662597656 0.92340785 1.8213823 0.57181484 2.164595 1.0361178 13.2780485 0.2770712375640869 0.16037951409816742
Cyclist 0.0 0 1.2008200883865356 709.8388061523438 131.32879638671875 791.185546875 278.41644287109375 0.9900061 1.7963974 0.71975803 1.8173662 1.1975436 9.180266 1.3962576389312744 0.12111789733171463
Cyclist 0.0 0 0.16496174037456512 536.9893798828125 138.47364807128906 591.7865600585938 237.53134155273438 0.9507596 1.8207754 0.5826658 -0.79983324 1.0499296 13.330832 0.10503482818603516 0.11031324416399002
Cyclist 0.0 0 1.4352695941925049 444.5072937011719 142.08135986328125 478.7394104003906 219.39051818847656 0.9873286 1.9001093 0.72251797 -3.6881554 0.9574512 17.958464 1.2327145338058472 0.10532233119010925
Car 0.0 0 1.9108576774597168 0.0 32.38194274902344 288.0068664550781 370.0 4.0984163 1.616746 1.6166865 -3.1349583 1.1826743 4.270765 1.2776424884796143 0.27142441272735596
