Pedestrian 0.0 0 -2.8943490982055664 453.29925537109375 176.23800659179688 465.33551025390625 204.13348388671875 0.6382422 1.79741 0.5994304 -9.449899 1.524128 45.86631 -3.0975372791290283 0.3731866478919983
Pedestrian 0.0 0 -0.8000329732894897 978.7034912109375 125.12067413330078 1023.3092041015625 194.6260986328125 0.93987113 1.895486 0.59907174 10.996055 0.38681337 19.698734 -0.29090744256973267 0.34390825033187866
Pedestrian 0.0 0 -0.3142179846763611 1061.9361572265625 139.3759307861328 1114.7801513671875 221.3461456298828 0.8481657 1.8290437 0.6172608 11.014098 0.913034 16.186632 0.2832622528076172 0.2921612560749054
Pedestrian 0.0 0 1.9160711765289307 513.3048095703125 170.8936309814453 526.4520263671875 197.70315551757812 0.940057 1.7757078 0.5919565 -5.6963778 1.14076 47.350197 1.796343445777893 0.25536131858825684
Pedestrian 0.0 0 2.9582858085632324 574.0836791992188 171.84007263183594 589.1077880859375 199.721923828125 0.9221305 1.8492194 0.52879286 -1.5648391 1.2761856 47.246185 2.9251768589019775 0.221821129322052
Pedestrian 0.0 0 1.236462116241455 892.8202514648438 136.56373596191406 920.8631591796875 191.6080780029297 0.9982916 1.9059457 0.61636484 10.63472 0.38615513 24.995975 1.6387200355529785 0.210410937666893
Pedestrian 0.0 0 0.9834994077682495 813.810546875 151.02781677246094 843.6630859375 190.0395050048828 1.6737062 1.8100009 0.5112414 10.625267 0.44405186 33.674484 1.2891411781311035 0.12449222803115845
Cyclist 0.0 0 -1.2226755619049072 394.2552490234375 180.84959411621094 413.4895935058594 214.546630859375 1.7470791 1.7175531 0.39664814 -10.509359 1.7376633 36.93707 -1.4998713731765747 0.537918746471405
Cyclist 0.0 0 3.014127731323242 577.5050659179688 169.6126251220703 604.1338500976562 195.72560119628906 1.7859256 1.7918383 0.5530325 -0.9807478 1.0460685 48.916553 2.9940810203552246 0.4104744493961334
Cyclist 0.0 0 0.9834994077682495 813.810546875 151.02781677246094 843.6630859375 190.0395050048828 1.6737062 1.8100009 0.5112414 10.625267 0.44405186 33.674484 1.2891411781311035 0.29334256052970886
Cyclist 0.0 0 -0.10511372983455658 630.2688598632812 169.25653076171875 660.4182739257812 197.24063110351562 1.916341 1.8252493 0.7009263 2.6474905 1.093229 46.508236 -0.048249904066324234 0.2041129767894745
Cyclist 0.0 0 -0.8081251382827759 981.9824829101562 127.29830932617188 1026.5220947265625 196.32373046875 0.95077485 1.8849814 0.5883543 11.100739 0.43370184 19.72335 -0.29549098014831543 0.11176122725009918
Cyclist 0.0 0 1.236462116241455 892.8202514648438 136.56373596191406 920.8631591796875 191.6080780029297 0.9982916 1.9059457 0.61636484 10.63472 0.38615513 24.995975 1.6387200355529785 0.10292065143585205
Car 0.0 0 1.7086814641952515 522.917236328125 175.52679443359375 558.0057373046875 201.95965576171875 3.5574892 1.4669396 1.5563368 -3.7112079 1.1923357 41.047855 1.618514895439148 0.6567792296409607
Car 0.0 0 2.6049270629882812 892.66796875 146.28167724609375 1022.467529296875 188.93531799316406 4.226593 1.5903119 1.6891224 13.558419 0.31601858 27.360655 3.0650038719177246 0.4899979531764984
Car 0.0 0 -1.6435527801513672 629.689697265625 171.30601501464844 657.771728515625 195.97071838378906 3.8263905 1.6100253 1.6253275 2.5981445 1.0112032 48.076805 -1.5895637273788452 0.25210821628570557
Car 0.0 0 1.4459325075149536 340.80377197265625 183.32057189941406 375.28424072265625 208.51475524902344 3.542991 1.4718497 1.5763947 -15.288784 1.6551436 43.670826 1.1091761589050293 0.21419285237789154
Car 0.0 0 1.7682279348373413 653.8739013671875 177.10617065429688 683.2060546875 196.38088989257812 4.003406 1.5027863 1.6138827 5.1960855 1.2394259 57.269787 1.8587101697921753 0.18079428374767303
