Pedestrian 0.0 0 2.781987428665161 750.5228881835938 144.59100341796875 848.8057861328125 296.5216369628906 0.97907907 1.7542952 0.6368308 2.2801213 1.3413492 8.523986 3.043362855911255 0.7206959128379822
Pedestrian 0.0 0 -1.593129277229309 840.1026000976562 172.5508575439453 867.6726684570312 242.3123779296875 0.77476066 1.7144486 0.6363053 6.2345243 1.5206892 17.838049 -1.2568936347961426 0.30856847763061523
Pedestrian 0.0 0 -2.0028460025787354 1114.8966064453125 189.421630859375 1224.0 370.0 0.66826636 1.6600052 0.67242324 4.3131857 1.733858 5.3056083 -1.3202593326568604 0.1343698352575302
Pedestrian 0.0 0 -3.4660654067993164 1134.9962158203125 140.4201202392578 1204.25634765625 253.43521118164062 0.7127771 1.7657954 0.62666345 9.087951 1.1412275 11.4579 -2.795508861541748 0.12747500836849213
Pedestrian 0.0 0 -0.72012859582901 986.4841918945312 192.83929443359375 1126.8798828125 370.0 0.6553546 1.6232221 0.59362084 3.3002162 1.7232354 5.282297 -0.16169531643390656 0.11928389221429825
Pedestrian 0.0 0 0.5306330919265747 249.78221130371094 170.40420532226562 305.5237121582031 263.3642578125 0.74873394 1.7417047 0.6494546 -6.3307385 1.5541857 13.601109 0.09499931335449219 0.10887729376554489
Pedestrian 0.0 0 -0.7810924053192139 51.917396545410156 191.18170166015625 105.42079162597656 251.89320373535156 1.1377169 1.6851729 0.61717504 -15.235932 2.0048444 20.443012 -1.4215710163116455 0.1084354817867279
Pedestrian 0.0 0 1.6714551448822021 961.537841796875 135.5699005126953 1011.7955932617188 252.80503845214844 1.5715413 1.7864949 0.5733536 6.226205 1.1034844 11.581067 2.164743423461914 0.1036922037601471
Cyclist 0.0 0 1.1248739957809448 0.0 178.2379913330078 59.773189544677734 261.810302734375 1.7228991 1.6043928 0.63484687 -11.869717 1.5626009 14.21581 0.42917299270629883 0.18423689901828766
Cyclist 0.0 0 2.1498963832855225 939.0225219726562 135.4856414794922 1034.5926513671875 249.5347442626953 1.6064944 1.7670329 0.60153115 6.2284594 1.0712557 11.598182 2.6427197456359863 0.17342530190944672
Cyclist 0.0 0 3.6784322261810303 38.24394226074219 192.97378540039062 104.76058197021484 255.1663055419922 1.3808434 1.7400837 0.67031866 -15.373865 2.1079783 20.350555 3.0314509868621826 0.11124320328235626
Car 0.0 0 1.9180502891540527 72.66249084472656 189.88058471679688 160.2877197265625 232.3920135498047 3.7587922 1.438691 1.5456942 -18.438486 1.8228523 26.824837 1.3158538341522217 0.1553860604763031
Car 0.0 0 -1.4069068431854248 773.5997924804688 190.72491455078125 878.1505737304688 271.6217346191406 3.7592523 1.4896171 1.5973686 4.921359 1.7458663 15.56672 -1.1007037162780762 0.13875868916511536
Car 0.0 0 1.330737829208374 1178.8748779296875 194.51693725585938 1224.0 370.0 3.8003511 1.4742587 1.5821728 5.920882 1.6301118 5.741612 2.1315062046051025 0.10591033101081848
