Pedestrian 0.0 0 0.0781291127204895 720.476318359375 163.5279083251953 755.974853515625 235.4342498779297 0.83853006 1.7797632 0.6194987 3.4349368 1.3361214 18.185673 0.26481127738952637 0.6673382520675659
Pedestrian 0.0 0 1.6352177858352661 233.7281036376953 162.81887817382812 299.21063232421875 314.8761901855469 0.86166346 1.7013122 0.65626633 -4.0143 1.493649 8.555538 1.1965084075927734 0.5712140202522278
Pedestrian 0.0 0 -0.8723850250244141 741.2855224609375 143.45523071289062 790.19091796875 227.18603515625 0.9216262 1.795266 0.6069909 3.6065218 0.9807788 15.919566 -0.6495990753173828 0.46863678097724915
Pedestrian 0.0 0 -1.0523653030395508 645.189453125 161.05284118652344 683.64404296875 223.6104278564453 1.0337889 1.7499201 0.6834526 1.792675 1.1791015 20.710846 -0.9660232067108154 0.4641207754611969
Pedestrian 0.0 0 -1.3021992444992065 658.1765747070312 153.04685974121094 728.5703125 294.1373291015625 0.93406165 1.6895891 0.67000985 1.1410486 1.3501999 9.159263 -1.1782591342926025 0.4632304012775421
Pedestrian 0.0 0 -2.429429054260254 446.63641357421875 162.07757568359375 487.32330322265625 239.053466796875 0.70182097 1.72858 0.5987636 -3.1340492 1.2936432 16.563366 -2.61643385887146 0.403192937374115
Pedestrian 0.0 0 -0.634634256362915 696.7536010742188 157.8572998046875 737.0712890625 221.5889434814453 0.94029516 1.767764 0.63135135 3.2509904 1.113123 20.418514 -0.476741760969162 0.37875375151634216
Pedestrian 0.0 0 -2.7314491271972656 426.7477722167969 170.22439575195312 456.9297180175781 224.52554321289062 0.74947155 1.73448 0.68077517 -5.2080746 1.3754159 23.34758 -2.950922966003418 0.37818849086761475
Pedestrian 0.0 0 2.8293633460998535 772.1416625976562 135.22427368164062 816.6443481445312 214.18084716796875 0.8708567 1.8377808 0.61816746 4.536473 0.76188016 17.048603 3.0894277095794678 0.36846423149108887
Pedestrian 0.0 0 1.6647355556488037 764.351806640625 141.70179748535156 797.3195190429688 229.9467010498047 0.7969236 1.7925966 0.6010147 3.7315686 0.9853822 15.064935 1.9075473546981812 0.3620569705963135
Pedestrian 0.0 0 -1.96208918094635 591.7959594726562 160.28285217285156 663.5968627929688 300.561279296875 0.7272602 1.6582942 0.663348 0.26928875 1.408822 8.946524 -1.9319984912872314 0.34370186924934387
Pedestrian 0.0 0 -0.20261864364147186 593.7115478515625 168.93003845214844 609.8656616210938 203.80087280273438 0.7792262 1.8907723 0.5977598 0.014427711 1.21003 39.318115 -0.20225170254707336 0.30183497071266174
Pedestrian 0.0 0 1.4954179525375366 654.3679809570312 161.3690643310547 689.1746826171875 249.68307495117188 1.7967231 1.7691997 0.5946182 1.438143 1.3671606 15.291509 1.5891906023025513 0.12263879179954529
Pedestrian 0.0 0 1.8789842128753662 251.93978881835938 153.85948181152344 370.0733337402344 355.48577880859375 1.714819 1.6610311 0.53934014 -2.7242534 1.434713 6.790017 1.4974312782287598 0.1134711503982544
Cyclist 0.0 0 1.891134262084961 252.4495086669922 156.370849609375 372.1685485839844 354.1394958496094 1.6992153 1.6337008 0.54204905 -2.7140799 1.4275061 6.7955613 1.5111536979675293 0.8646001219749451
Cyclist 0.0 0 1.8322761058807373 424.8402404785156 166.5106964111328 489.6226806640625 277.4823303222656 1.7729363 1.7511148 0.6489231 -2.460192 1.5158828 12.237758 1.633887529373169 0.7726068496704102
Cyclist 0.0 0 -2.179255962371826 16.898391723632812 168.67626953125 130.31005859375 255.6791534423828 1.948976 1.6102487 0.80961686 -10.314604 1.3741708 13.988672 -2.8146142959594727 0.5123724937438965
Cyclist 0.0 0 1.4954179525375366 654.3679809570312 161.3690643310547 689.1746826171875 249.68307495117188 1.7967231 1.7691997 0.5946182 1.438143 1.3671606 15.291509 1.5891906023025513 0.4327913522720337
Cyclist 0.0 0 -0.5952057838439941 696.0520629882812 157.90306091308594 740.3966064453125 221.7804412841797 1.084626 1.772939 0.62033254 3.2928338 1.1191486 20.44503 -0.43551915884017944 0.16557295620441437
Cyclist 0.0 0 -1.0523653030395508 645.189453125 161.05284118652344 683.64404296875 223.6104278564453 1.0337889 1.7499201 0.6834526 1.792675 1.1791015 20.710846 -0.9660232067108154 0.13142943382263184
Cyclist 0.0 0 -1.3117913007736206 657.3714599609375 152.39601135253906 728.040771484375 295.1736145019531 0.9941966 1.7045025 0.66508925 1.1341296 1.3583981 9.158247 -1.1885815858840942 0.12973353266716003
Cyclist 0.0 0 -1.450385570526123 747.0690307617188 143.70140075683594 781.4583129882812 228.9838409423828 1.0140682 1.8221831 0.62913406 3.5835924 1.0157899 15.928784 -1.2290940284729004 0.12441549450159073
Car 0.0 0 1.6479593515396118 485.0485534667969 169.3162384033203 519.855224609375 198.70335388183594 4.3830514 1.6496567 1.7112097 -5.808391 0.96652126 42.55919 1.5123194456100464 0.5659096837043762
