Pedestrian 0.0 0 -0.07267805933952332 446.5946960449219 146.75048828125 542.0433349609375 305.1508483886719 1.0480945 1.744885 0.6459617 -1.35025 1.3747993 8.219972 -0.2354886382818222 0.7247191071510315
Pedestrian 0.0 0 -1.6110342741012573 839.1497192382812 172.34671020507812 868.2103881835938 243.32412719726562 0.7869282 1.7447908 0.65823215 6.232276 1.5459613 17.848242 -1.2750887870788574 0.19723151624202728
Pedestrian 0.0 0 0.5508301258087158 1127.9256591796875 141.93206787109375 1205.059326171875 255.19200134277344 0.77512354 1.7673154 0.61528707 9.075095 1.167156 11.497696 1.219010591506958 0.18250873684883118
Pedestrian 0.0 0 2.875791311264038 629.917236328125 171.97315979003906 687.3095703125 271.526611328125 0.92601645 1.7733604 0.5891012 0.9319951 1.6231133 12.968102 2.9475362300872803 0.1747899204492569
Pedestrian 0.0 0 0.546809732913971 451.9645080566406 142.9379425048828 493.8238830566406 230.2814178466797 0.63497335 1.7946558 0.6302421 -2.826019 1.0244886 14.92955 0.35973286628723145 0.15371829271316528
Pedestrian 0.0 0 -0.5211227536201477 820.2324829101562 187.035400390625 868.392822265625 277.7713928222656 0.64877105 1.7359177 0.6786051 4.6804633 1.8704325 13.975479 -0.19795803725719452 0.13455821573734283
Pedestrian 0.0 0 -1.6090457439422607 850.0155029296875 147.60328674316406 888.259765625 252.55906677246094 1.0701172 1.7789795 0.59144086 4.6410165 1.2230351 12.579737 -1.2556090354919434 0.13373544812202454
Pedestrian 0.0 0 -2.2060744762420654 1110.8226318359375 186.03778076171875 1224.0 370.0 0.6672477 1.6677325 0.66229945 4.3081117 1.7137372 5.3019614 -1.523727536201477 0.1309008002281189
Pedestrian 0.0 0 -1.527499794960022 759.4728393554688 132.5425262451172 799.6659545898438 241.9877471923828 0.90818626 1.8515817 0.6536375 3.0490901 1.0418911 12.484061 -1.287950873374939 0.12852194905281067
Pedestrian 0.0 0 -0.6397403478622437 48.96085739135742 191.2164306640625 111.17694854736328 251.64743041992188 1.3586956 1.6660792 0.6014575 -15.222624 1.9893984 20.486784 -1.2787760496139526 0.11797051876783371
Pedestrian 0.0 0 3.137887477874756 495.7177429199219 166.17820739746094 549.1189575195312 268.2545471191406 0.92286646 1.767512 0.6447468 -1.5186415 1.5211676 12.61476 3.018078088760376 0.11392885446548462
Pedestrian 0.0 0 -3.218493700027466 758.7449340820312 175.86061096191406 792.256591796875 262.60943603515625 0.6076289 1.7058048 0.6314381 3.388854 1.6162075 14.257445 -2.9851338863372803 0.1109958216547966
Cyclist 0.0 0 0.3747180104255676 41.4007568359375 190.89239501953125 110.02079772949219 251.60775756835938 1.4374449 1.6910714 0.67556906 -15.269571 1.9998609 20.380901 -0.26827722787857056 0.13917221128940582
Cyclist 0.0 0 -2.1815366744995117 0.0 166.21359252929688 83.56712341308594 252.77647399902344 1.7994645 1.6738374 0.71925396 -11.598561 1.3992186 14.2591095 -2.864403486251831 0.1323598027229309
Cyclist 0.0 0 -1.4959619045257568 80.00609588623047 151.7428436279297 119.72525024414062 247.92910766601562 1.653147 1.6757172 0.48247632 -9.414313 1.176367 13.144445 -2.1174910068511963 0.12423091381788254
Cyclist 0.0 0 -1.60373854637146 855.0493774414062 143.51083374023438 892.2318115234375 251.25843811035156 1.5242838 1.7572396 0.54798496 4.6231575 1.1556412 12.335925 -1.2451679706573486 0.10950645804405212
Cyclist 0.0 0 -0.058501631021499634 446.0418701171875 146.8839874267578 547.7626953125 306.1760559082031 1.1262151 1.7522991 0.6610889 -1.3206253 1.3841922 8.217382 -0.21785025298595428 0.1010502427816391
Car 0.0 0 -1.2761545181274414 486.8525390625 143.51051330566406 580.7554321289062 204.96209716796875 4.1134143 1.6452367 1.6565924 -2.0355933 0.6565042 21.104425 -1.3723104000091553 0.15001584589481354
Car 0.0 0 2.029327630996704 49.44923782348633 184.2045135498047 151.28700256347656 226.68455505371094 3.8584867 1.446433 1.5498841 -18.761507 1.5971572 26.45013 1.4123765230178833 0.1447029411792755
Car 0.0 0 1.943199634552002 790.0305786132812 188.36236572265625 931.6148071289062 268.54559326171875 3.8668654 1.4774734 1.5936774 5.6213655 1.6722251 15.387869 2.2934494018554688 0.12246797978878021
