Pedestrian 0.0 0 2.9129910469055176 167.36656188964844 177.87591552734375 205.29112243652344 252.83985900878906 0.6651749 1.7716278 0.65266544 -10.372012 1.8975857 17.577484 2.3799023628234863 0.15381047129631042
Pedestrian 0.0 0 0.34321171045303345 302.88623046875 174.6624755859375 327.046630859375 221.61988830566406 0.6892616 1.7616177 0.5977461 -11.244577 1.8314584 27.404575 -0.04615730792284012 0.1423245370388031
Pedestrian 0.0 0 1.8127988576889038 478.0016174316406 167.29879760742188 491.0408020019531 196.4025421142578 1.1116161 1.8455527 0.57643473 -8.083593 1.4936389 46.32648 1.640046238899231 0.11958278715610504
Pedestrian 0.0 0 -1.399169683456421 673.9116821289062 180.26148986816406 704.3140258789062 247.05694580078125 1.6917357 1.7223148 0.54725975 2.126665 1.9339411 19.68763 -1.2915664911270142 0.10477066040039062
Cyclist 0.0 0 -1.399169683456421 673.9116821289062 180.26148986816406 704.3140258789062 247.05694580078125 1.6917357 1.7223148 0.54725975 2.126665 1.9339411 19.68763 -1.2915664911270142 0.2833344340324402
Cyclist 0.0 0 1.7740669250488281 478.398681640625 166.59751892089844 491.2824401855469 195.8477783203125 1.3238405 1.8531839 0.561798 -8.0715885 1.4571548 46.38144 1.6017662286758423 0.20103684067726135
Cyclist 0.0 0 -1.6502025127410889 338.8418884277344 175.30099487304688 353.1709289550781 213.8029327392578 1.6503372 1.6875149 0.47542062 -11.967171 1.8012475 32.578655 -2.0022332668304443 0.15675747394561768
Cyclist 0.0 0 -1.6035836935043335 426.1556396484375 174.51693725585938 440.7814025878906 220.1602020263672 1.7656121 1.7139759 0.49128515 -6.9201975 1.7811571 28.075226 -1.8452539443969727 0.15557828545570374
Cyclist 0.0 0 1.760924220085144 630.709716796875 177.4736785888672 645.5106811523438 209.73109436035156 1.5950911 1.7337021 0.52689844 1.5245779 1.9945939 39.85298 1.7991605997085571 0.14608724415302277
Cyclist 0.0 0 0.7832813262939453 1207.7530517578125 188.155517578125 1242.0 222.31605529785156 1.6220855 1.7459986 0.52211833 32.797287 2.5793853 38.44889 1.4895201921463013 0.1331029236316681
Car 0.0 0 1.8253650665283203 542.8148803710938 175.2310791015625 576.9017333984375 196.57664489746094 3.8502605 1.4982306 1.5870608 -3.678777 1.6803608 53.13395 1.756239414215088 0.43847209215164185
Car 0.0 0 -1.5860604047775269 575.9329833984375 176.98263549804688 602.941162109375 202.60205078125 3.5955174 1.4687289 1.5713938 -1.3114663 1.7301126 43.783836 -1.6160047054290771 0.39197829365730286
Car 0.0 0 1.6847699880599976 781.552001953125 186.0802001953125 809.21484375 205.40548706054688 4.0075583 1.45155 1.7618239 15.261247 2.5803514 59.37178 1.9363685846328735 0.14316974580287933
Car 0.0 0 1.1148194074630737 1191.6539306640625 188.21112060546875 1242.0 219.7456817626953 3.371468 1.561326 1.6737165 33.569622 2.4385371 39.35479 1.8210523128509521 0.1192564070224762
