Pedestrian 0.0 0 -0.941065788269043 261.76873779296875 143.75711059570312 299.9548034667969 208.7101287841797 0.8560983 1.8662256 0.6411505 -9.714702 1.0305738 21.211687 -1.3705427646636963 0.24528081715106964
Pedestrian 0.0 0 -1.3848187923431396 266.1441955566406 164.15927124023438 307.5562438964844 245.91510009765625 0.74844193 1.7598037 0.7125785 -7.193478 1.5730066 15.975878 -1.8078981637954712 0.20275884866714478
Pedestrian 0.0 0 -0.7946317195892334 913.9788818359375 132.1085205078125 1055.923095703125 332.5352783203125 1.0522814 1.7819365 0.65622675 3.5122972 1.4200382 6.890477 -0.3232288360595703 0.19940374791622162
Cyclist 0.0 0 -0.8645810484886169 143.0309600830078 149.8400115966797 265.15496826171875 267.9471435546875 1.9156325 1.7288888 0.60686386 -6.4817386 1.3923607 11.557817 -1.375685691833496 0.37588292360305786
Cyclist 0.0 0 -0.9531343579292297 259.9168395996094 143.48049926757812 300.3055419921875 208.99636840820312 0.9723356 1.8748622 0.63347185 -9.72096 1.0346415 21.182106 -1.3833839893341064 0.12867611646652222
Cyclist 0.0 0 -0.8388389945030212 916.4577026367188 140.08831787109375 1058.7945556640625 337.67041015625 1.07297 1.7520887 0.66019833 3.5428853 1.461892 6.8951383 -0.3641936779022217 0.11727108806371689
Car 0.0 0 1.8940714597702026 136.80015563964844 195.48617553710938 373.4022216796875 338.1405334472656 4.287215 1.4515668 1.6620585 -4.739957 1.8436854 10.265534 1.4615015983581543 0.8854246735572815
Car 0.0 0 -1.6724932193756104 396.12451171875 179.3641357421875 434.38824462890625 208.01193237304688 3.958945 1.4438721 1.6188042 -10.7316065 1.8196957 39.47317 -1.9379479885101318 0.5956788063049316
Car 0.0 0 -2.017489194869995 525.0205078125 151.01278686523438 597.3369140625 194.02967834472656 4.7348146 2.1049628 1.9136355 -2.6763744 1.0365556 37.835373 -2.088109016418457 0.2682439088821411
Car 0.0 0 -0.721519410610199 693.7453002929688 172.54290771484375 845.933837890625 236.80865478515625 3.8820975 1.5839149 1.6524719 4.282344 1.5766058 19.442348 -0.5047224760055542 0.12693022191524506
