Pedestrian 0.0 0 1.0087387561798096 745.158447265625 161.5951690673828 821.6161499023438 289.8769836425781 0.8460744 1.7274941 0.7060012 2.5196471 1.4607726 10.183273 1.251297116279602 0.740329384803772
Pedestrian 0.0 0 -1.769087553024292 646.8013916015625 156.239501953125 677.8424682617188 224.89376831054688 0.7583667 1.8095372 0.6952318 1.6012746 1.1449081 19.3475 -1.6865118741989136 0.49316439032554626
Pedestrian 0.0 0 3.394001007080078 303.0950622558594 143.1266632080078 338.0220947265625 202.99977111816406 0.92022896 1.879566 0.58871883 -8.971362 0.6760379 22.895473 3.0205488204956055 0.27433153986930847
Pedestrian 0.0 0 -2.7262027263641357 1132.4072265625 174.87197875976562 1238.0 374.0 0.631396 1.6583071 0.67711174 4.7101817 1.6110221 5.707845 -2.0362765789031982 0.25860777497291565
Pedestrian 0.0 0 -1.6321208477020264 586.68212890625 169.22845458984375 619.7725219726562 255.02748107910156 0.8163789 1.7772868 0.65286744 -0.008204682 1.5243242 15.304949 -1.6326569318771362 0.2522672712802887
Cyclist 0.0 0 1.7965898513793945 382.0189514160156 161.38047790527344 433.4985046386719 250.70751953125 1.857591 1.7990878 0.67039263 -4.158009 1.3951149 15.405788 1.532971978187561 0.8116583824157715
Cyclist 0.0 0 1.7045143842697144 447.1064453125 162.1212615966797 481.0744323730469 237.3740997314453 1.8172694 1.7936207 0.6050112 -3.4618833 1.3329352 18.042711 1.514946699142456 0.7357931137084961
Car 0.0 0 1.7935703992843628 510.1879577636719 162.79200744628906 542.7769775390625 184.6970672607422 3.8199081 1.5898694 1.640667 -5.5883145 0.2326462 54.128506 1.6906932592391968 0.3743042051792145
Car 0.0 0 0.9775695204734802 1117.6783447265625 158.672607421875 1238.0 281.8923645019531 3.643499 1.4327412 1.5170454 9.204747 1.1686625 10.258657 1.7088721990585327 0.3041146695613861
Car 0.0 0 2.352691888809204 988.7027587890625 182.094482421875 1218.37646484375 263.67303466796875 3.5934372 1.4411952 1.5332193 9.530158 1.4547389 13.785647 2.95756196975708 0.26736587285995483
Car 0.0 0 1.9453346729278564 755.1544189453125 154.11904907226562 858.3096313476562 209.4658660888672 3.9150424 1.4784274 1.6070254 6.114927 0.74818957 21.227459 2.2258079051971436 0.2540259063243866
Car 0.0 0 2.249992847442627 0.0 170.69131469726562 102.31008911132812 374.0 3.8636622 1.4570864 1.584568 -6.1672955 1.3985797 5.9932547 1.4502836465835571 0.2478174865245819
Car 0.0 0 1.5613707304000854 970.86474609375 165.54220581054688 1035.3463134765625 217.99432373046875 3.898845 1.4417781 1.5756422 12.134947 1.0042924 21.831621 2.0686886310577393 0.2191372513771057
