Pedestrian 0.0 0 1.5730057954788208 279.2661437988281 177.444580078125 317.9147033691406 265.727294921875 0.70851976 1.7516849 0.71105534 -6.320086 1.692689 14.49057 1.1617276668548584 0.455390602350235
Pedestrian 0.0 0 3.529716968536377 111.96968078613281 111.96866607666016 217.81771850585938 252.00914001464844 1.1054186 1.8674341 0.5954971 -6.1284785 0.9552437 9.810579 2.9713473320007324 0.3204788565635681
Pedestrian 0.0 0 -0.027109920978546143 991.0154418945312 122.42131042480469 1056.7320556640625 258.05999755859375 0.7624183 1.7938497 0.5476789 5.723895 1.0274198 9.769554 0.5028707981109619 0.3078203797340393
Pedestrian 0.0 0 0.9780471324920654 877.1046142578125 156.39801025390625 902.2562866210938 194.7249298095703 1.0911603 1.7894235 0.60036266 13.506189 0.66559094 33.602314 1.3602267503738403 0.28701382875442505
Pedestrian 0.0 0 -1.6703346967697144 885.4440307617188 160.62890625 933.0953979492188 271.96856689453125 0.8406473 1.7640345 0.6393249 4.972421 1.450858 11.693782 -1.2682783603668213 0.2685343623161316
Pedestrian 0.0 0 0.6393018364906311 0.0 179.37542724609375 35.000282287597656 234.23516845703125 0.795186 1.7646332 0.69176453 -19.335375 1.7300072 23.106314 -0.057479143142700195 0.23230721056461334
Pedestrian 0.0 0 -1.5464224815368652 791.0510864257812 163.04611206054688 804.8161010742188 197.25595092773438 0.70205283 1.8041394 0.6923282 10.284513 0.88507766 37.718483 -1.2802283763885498 0.1846257597208023
Pedestrian 0.0 0 -1.6625218391418457 541.3917846679688 168.54563903808594 553.774169921875 198.55577087402344 0.72386134 1.7933861 0.68044436 -3.472546 1.080367 42.662884 -1.743737816810608 0.18317143619060516
Pedestrian 0.0 0 -1.9923865795135498 969.4483642578125 138.7796630859375 1024.4921875 210.7369842529297 1.8421618 1.81733 0.56971097 10.348606 0.76524824 18.793287 -1.4890410900115967 0.10183214396238327
Cyclist 0.0 0 -1.9929933547973633 971.3697509765625 136.5225067138672 1025.880859375 208.6800994873047 1.828986 1.8137826 0.5530218 10.342271 0.70994025 18.70196 -1.4878461360931396 0.4055376946926117
Cyclist 0.0 0 3.487175941467285 110.27705383300781 112.08137512207031 217.4669189453125 251.52090454101562 1.1329623 1.8559847 0.5838243 -6.1414676 0.9469831 9.8114805 2.9278957843780518 0.17815658450126648
Cyclist 0.0 0 0.9780471324920654 877.1046142578125 156.39801025390625 902.2562866210938 194.7249298095703 1.0911603 1.7894235 0.60036266 13.506189 0.66559094 33.602314 1.3602267503738403 0.15812522172927856
Cyclist 0.0 0 0.6355016827583313 0.0 179.65077209472656 37.225101470947266 234.4451904296875 0.93833786 1.7626855 0.6854387 -19.337555 1.736914 23.110926 -0.061236582696437836 0.15706372261047363
Car 0.0 0 -0.7836172580718994 0.0 208.00460815429688 293.2315673828125 370.0 3.9975395 1.4294941 1.6001927 -3.2322752 1.6391692 3.329331 -1.5542250871658325 0.7212439179420471
Car 0.0 0 1.3835222721099854 432.9248962402344 174.89950561523438 479.93023681640625 206.9829559326172 3.9341826 1.5262772 1.612352 -7.5785875 1.2612954 35.756668 1.1746641397476196 0.5538783073425293
