Pedestrian 0.0 0 1.0461047887802124 756.218017578125 154.69091796875 830.33203125 275.1368408203125 0.94553626 1.7495084 0.7139151 2.8711853 1.3614116 10.982015 1.3018252849578857 0.6684575080871582
Pedestrian 0.0 0 1.5126856565475464 673.1784057617188 150.42123413085938 699.441162109375 217.38275146484375 0.7649495 1.8065375 0.6723833 2.2989182 0.9692321 19.778355 1.628400444984436 0.4109222888946533
Pedestrian 0.0 0 3.294821262359619 337.5230407714844 142.4822235107422 368.0243225097656 201.5983428955078 0.8311373 1.8306749 0.5681506 -7.8423533 0.62350583 22.596565 2.960768461227417 0.3612913191318512
Pedestrian 0.0 0 -0.4732050597667694 893.611083984375 150.70993041992188 959.96044921875 267.6259460449219 0.71629184 1.754024 0.6498336 4.978769 1.2934045 11.117297 -0.0521489717066288 0.2728936970233917
Pedestrian 0.0 0 -1.3542195558547974 492.492431640625 150.57363891601562 506.6535339355469 185.0601806640625 0.5505943 1.9319605 0.68982714 -5.747298 0.20024982 40.539623 -1.4950509071350098 0.220218688249588
Pedestrian 0.0 0 -1.8459819555282593 607.9874267578125 161.34075927734375 641.9284057617188 230.5438232421875 1.0457112 1.7690293 0.63122016 0.5780695 1.2548786 18.94383 -1.8154765367507935 0.20375528931617737
Cyclist 0.0 0 1.7819803953170776 435.8522033691406 159.88148498535156 488.9482116699219 256.74591064453125 1.7959001 1.7737393 0.66173345 -2.7273192 1.3791367 14.055461 1.5903222560882568 0.7932992577552795
Cyclist 0.0 0 1.8233466148376465 347.57769775390625 149.489013671875 416.19677734375 270.9373474121094 1.8378613 1.7805495 0.60980546 -3.5020552 1.3125483 11.460323 1.526777744293213 0.7683787941932678
Cyclist 0.0 0 -1.8459819555282593 607.9874267578125 161.34075927734375 641.9284057617188 230.5438232421875 1.0457112 1.7690293 0.63122016 0.5780695 1.2548786 18.94383 -1.8154765367507935 0.11442963778972626
Car 0.0 0 -1.9411406517028809 999.309326171875 164.3875732421875 1112.7305908203125 220.1582794189453 3.5700924 1.446225 1.5279247 12.808532 1.0036451 20.521204 -1.3831450939178467 0.2922980785369873
Car 0.0 0 2.172712802886963 0.0 170.11219787597656 98.0299301147461 374.0 3.8069057 1.4130557 1.557703 -5.8086576 1.357015 5.6419477 1.3727564811706543 0.2578705847263336
Car 0.0 0 2.348264694213867 1057.2139892578125 180.87570190429688 1238.0 269.0007019042969 3.4895053 1.4399617 1.5311277 10.19396 1.4310507 12.698828 3.024679183959961 0.2369224727153778
Car 0.0 0 -1.3887302875518799 811.0094604492188 154.30621337890625 891.9754028320312 210.97059631347656 3.4935093 1.4391023 1.5351104 7.0448556 0.74964285 20.138433 -1.0522146224975586 0.23571567237377167
Car 0.0 0 -0.15222182869911194 584.5783081054688 149.31451416015625 681.4496459960938 185.39198303222656 4.1308346 1.5637691 1.6407923 1.361969 0.16965774 32.175453 -0.10991763323545456 0.21910132467746735
Car 0.0 0 -1.767338752746582 716.2265625 152.25718688964844 766.1867065429688 187.08680725097656 3.548516 1.5241083 1.5934504 6.3895593 0.24542907 33.21035 -1.577264666557312 0.20968656241893768
