Pedestrian 0.0 0 -2.194519281387329 914.7671508789062 79.9037857055664 1062.2493896484375 339.80731201171875 0.804362 1.790332 0.6237766 2.7486196 1.1504072 5.4127555 -1.7246479988098145 0.2753238081932068
Pedestrian 0.0 0 1.354751467704773 477.6802062988281 158.53414916992188 492.375244140625 194.73484802246094 0.6890314 1.9443694 0.65332615 -6.826916 1.1755966 39.19422 1.1822998523712158 0.2707855701446533
Cyclist 0.0 0 -2.3570923805236816 0.0 187.7443389892578 79.82848358154297 260.130615234375 1.993493 1.6802377 0.76880205 -14.095664 2.0504322 17.432035 -3.0370593070983887 0.44865113496780396
Car 0.0 0 2.0160064697265625 0.0 194.2893829345703 371.10943603515625 375.0 4.2067194 1.4459251 1.6343411 -3.6290061 1.7051351 6.56194 1.5108332633972168 0.9077144861221313
Car 0.0 0 1.8459337949752808 330.0888366699219 192.20565795898438 462.7929382324219 285.10223388671875 3.501635 1.4554458 1.5183853 -3.9717517 1.8727316 13.787813 1.5654644966125488 0.8874018788337708
Car 0.0 0 -1.7179903984069824 648.2742309570312 180.0626678466797 701.8121337890625 220.31280517578125 3.4548967 1.4411716 1.5838088 2.441132 1.7413989 28.239578 -1.631761074066162 0.8550635576248169
Car 0.0 0 -1.3565783500671387 437.70281982421875 183.07595825195312 492.0451965332031 220.94415283203125 3.8856575 1.5604662 1.6280031 -6.5533915 2.052435 32.742447 -1.5541179180145264 0.7390419244766235
Car 0.0 0 2.886699676513672 742.2752075195312 169.41619873046875 852.2252197265625 207.6244354248047 4.2323527 1.5784764 1.679552 7.8515434 1.4368104 30.654312 3.1374409198760986 0.4734305441379547
Car 0.0 0 2.761376142501831 773.9111328125 160.08511352539062 909.0133056640625 208.64234924316406 4.0681806 1.5928643 1.659172 7.798112 1.1743536 24.643679 3.0678415298461914 0.43080732226371765
Car 0.0 0 2.7659547328948975 788.556640625 170.77943420410156 953.5009765625 225.10008239746094 4.322403 1.5565006 1.6899544 7.6768074 1.497414 21.590124 3.1075832843780518 0.3269031345844269
Car 0.0 0 1.9007247686386108 340.45758056640625 191.2260284423828 436.94769287109375 248.58929443359375 3.8452435 1.461777 1.5915536 -6.5404253 2.061399 21.582783 1.6064822673797607 0.30522051453590393
Car 0.0 0 1.8306269645690918 475.2050476074219 180.7047882080078 517.9368896484375 207.78939819335938 3.9852862 1.5274919 1.6020228 -6.88674 2.0285797 43.952385 1.6752042770385742 0.2935181260108948
