Car 0.0 0 -0.634121835231781 904.9164428710938 189.12420654296875 1193.8271484375 291.13311767578125 3.6066363 1.3978028 1.5361246 6.6060414 1.6703327 11.125948 -0.0983099415898323 0.8572742938995361
Car 0.0 0 0.5045642256736755 157.82730102539062 183.769775390625 413.6474609375 272.7524108886719 3.9067943 1.4487871 1.5886688 -5.75762 1.6594479 12.93939 0.08590245246887207 0.8354138731956482
Car 0.0 0 -0.29447484016418457 723.0823364257812 180.80026245117188 861.335205078125 232.03443908691406 4.009159 1.5652243 1.6655209 5.7606435 1.832141 23.266003 -0.05175700783729553 0.8172322511672974
Car 0.0 0 0.6043900847434998 0.0 185.85635375976562 296.3909606933594 325.9049072265625 3.9213533 1.4086869 1.5701609 -5.9366283 1.5723164 8.232855 -0.020350418984889984 0.7937265634536743
Car 0.0 0 3.35888409614563 260.1678466796875 169.89051818847656 440.3465576171875 237.7783966064453 3.927504 1.5794599 1.6588215 -6.3427258 1.5108703 17.850485 3.0174732208251953 0.7865198850631714
Car 0.0 0 -0.5625664591789246 843.0698852539062 180.90277099609375 1079.7867431640625 263.559814453125 3.7463462 1.4147332 1.5524544 6.4496403 1.5771117 13.530789 -0.11776133626699448 0.7794678211212158
Car 0.0 0 -2.6896591186523438 222.2173614501953 186.64907836914062 433.24639892578125 261.20098876953125 3.854277 1.4425547 1.5759493 -5.9252334 1.7525256 15.249296 -3.06026291847229 0.7771243453025818
Car 0.0 0 0.2022642195224762 417.6573486328125 179.12294006347656 514.8294067382812 215.1931610107422 3.8823407 1.5069367 1.6167843 -6.2131157 1.7859225 31.246578 0.005982875823974609 0.6363866329193115
Car 0.0 0 0.5741757750511169 32.06114196777344 189.976318359375 334.370361328125 298.34552001953125 3.6158752 1.443203 1.5476073 -6.259283 1.7186615 10.73351 0.04623556137084961 0.6251717805862427
Car 0.0 0 -1.6646353006362915 637.5342407226562 181.6162567138672 674.454833984375 210.8824005126953 3.6675384 1.4021448 1.5703423 2.3098226 1.8809481 37.537144 -1.6031785011291504 0.5984148979187012
Car 0.0 0 0.7553552389144897 0.0 181.38238525390625 135.8343505859375 375.0 3.6589558 1.3975495 1.5203731 -6.2872863 1.47799 5.90099 -0.061726391315460205 0.5717237591743469
Car 0.0 0 -2.860316753387451 340.3430480957031 178.45323181152344 479.10284423828125 226.1912841796875 3.9616108 1.4494445 1.5893446 -6.332769 1.6339883 22.914398 -3.129952907562256 0.5160841941833496
