Pedestrian 0.0 0 1.8940412998199463 565.7810668945312 177.433349609375 580.422119140625 202.17242431640625 1.6349994 1.6885215 0.531491 -2.6004012 2.014354 50.421318 1.8425135612487793 0.15727058053016663
Cyclist 0.0 0 1.8940412998199463 565.7810668945312 177.433349609375 580.422119140625 202.17242431640625 1.6349994 1.6885215 0.531491 -2.6004012 2.014354 50.421318 1.8425135612487793 0.5003122687339783
Car 0.0 0 -1.7533077001571655 696.8298950195312 182.31700134277344 794.7147216796875 254.4384765625 3.440746 1.4229809 1.5574894 2.9224777 1.6612378 16.4114 -1.577078938484192 0.9221418499946594
Car 0.0 0 -2.689544439315796 197.30979919433594 185.80030822753906 434.5432434082031 267.7984619140625 4.0083585 1.4685767 1.6275424 -5.716155 1.740242 14.16885 -3.073005199432373 0.8171672821044922
Car 0.0 0 0.47742530703544617 101.07200622558594 195.63839721679688 383.8339538574219 292.1977844238281 3.8676546 1.4335579 1.5871754 -5.972133 1.8360472 11.9137945 0.012755155563354492 0.8110746145248413
Car 0.0 0 -0.19562765955924988 752.7063598632812 176.47569274902344 905.6265869140625 230.100830078125 4.127562 1.5186563 1.659515 6.403041 1.6324826 21.585815 0.09273624420166016 0.7886068820953369
Car 0.0 0 0.4576207101345062 292.625 183.29440307617188 469.3478088378906 243.370361328125 4.1402416 1.4555212 1.6255175 -6.0132008 1.7466896 18.980633 0.1508166790008545 0.7169029712677002
Car 0.0 0 3.7431042194366455 0.0 191.27879333496094 245.77734375 317.0767822265625 3.7542536 1.4051696 1.5470023 -6.9578395 1.6617917 9.171093 3.0940768718719482 0.6712825894355774
Car 0.0 0 0.4709067642688751 246.14913940429688 179.58912658691406 433.45037841796875 247.14842224121094 3.7352684 1.4434489 1.5598875 -6.192934 1.607969 16.597094 0.11377334594726562 0.6616737246513367
Car 0.0 0 -2.3585493564605713 968.7177124023438 129.0415802001953 1242.0 375.0 3.8667362 1.4440677 1.5705785 2.804964 1.4157177 2.450346 -1.5057753324508667 0.5589752793312073
Car 0.0 0 -2.739068031311035 380.6398620605469 178.7869873046875 499.9656066894531 222.41323852539062 3.972737 1.5261842 1.644163 -6.28477 1.7555581 26.700125 -2.970243453979492 0.502101719379425
Car 0.0 0 -2.6925933361053467 309.4730224609375 176.8295135498047 456.0506591796875 228.6061248779297 3.896227 1.4675665 1.5948291 -6.8240585 1.5932901 21.68166 -2.997516393661499 0.4505698084831238
Car 0.0 0 0.21893393993377686 410.7417907714844 167.2412872314453 510.4417724609375 202.69131469726562 4.2613096 1.6008904 1.7002186 -6.9127874 1.3477837 33.463673 0.015223503112792969 0.4435802400112152
Car 0.0 0 -2.534900426864624 373.28564453125 181.18934631347656 491.6528625488281 228.60308837890625 3.6062422 1.4690585 1.5669134 -5.9951596 1.7650032 24.210321 -2.7776455879211426 0.43267446756362915
