Pedestrian 0.0 0 1.8387081623077393 325.2021179199219 155.4293975830078 357.9346618652344 220.4349822998047 0.85873204 1.8468152 0.6899069 -7.83342 1.3521384 20.95479 1.4809682369232178 0.40125271677970886
Pedestrian 0.0 0 1.6339646577835083 546.4857177734375 173.59898376464844 557.080810546875 205.64352416992188 1.0456601 1.831116 0.54801977 -3.4016843 1.8751599 41.780216 1.5527253150939941 0.31020238995552063
Pedestrian 0.0 0 1.393683910369873 872.4549560546875 102.5127182006836 960.8792724609375 296.6356201171875 0.7496833 1.800237 0.6761682 2.947895 1.1482712 7.12694 1.7858822345733643 0.2661445438861847
Pedestrian 0.0 0 1.6345549821853638 559.548828125 171.2312774658203 570.6920166015625 203.5518035888672 1.8320404 1.8542322 0.53880596 -2.658677 1.7614943 42.30826 1.5717968940734863 0.13481254875659943
Pedestrian 0.0 0 -1.446054220199585 916.0718383789062 180.13999938964844 961.4229736328125 268.7070617675781 1.6542902 1.6754949 0.6415064 6.6482396 1.8327636 14.663513 -1.0203876495361328 0.10148900747299194
Cyclist 0.0 0 1.6545029878616333 559.0935668945312 170.9569854736328 570.7085571289062 203.0083465576172 1.8172693 1.8376724 0.5314772 -2.669639 1.7292644 42.28074 1.5914459228515625 0.45019713044166565
Cyclist 0.0 0 -1.446054220199585 916.0718383789062 180.13999938964844 961.4229736328125 268.7070617675781 1.6542902 1.6754949 0.6415064 6.6482396 1.8327636 14.663513 -1.0203876495361328 0.2892402112483978
Cyclist 0.0 0 -1.477632999420166 768.3563232421875 175.6224365234375 798.3912963867188 236.2379913330078 2.0086 1.6683121 0.670097 5.019896 1.7533604 21.011423 -1.2431163787841797 0.26952922344207764
Cyclist 0.0 0 1.6339646577835083 546.4857177734375 173.59898376464844 557.080810546875 205.64352416992188 1.0456601 1.831116 0.54801977 -3.4016843 1.8751599 41.780216 1.5527253150939941 0.12511199712753296
Car 0.0 0 1.7725192308425903 411.7289123535156 181.01153564453125 487.87579345703125 234.94857788085938 3.9074886 1.537739 1.6272148 -5.077551 1.8218256 23.127918 1.556405782699585 0.874929666519165
Car 0.0 0 -1.0948859453201294 79.55696868896484 179.34765625 381.66741943359375 337.6306457519531 4.135809 1.5331169 1.6219034 -4.487448 1.6354731 9.243982 -1.546822190284729 0.8675124645233154
Car 0.0 0 -1.6925063133239746 670.8672485351562 175.76849365234375 747.0023193359375 238.06556701660156 3.5155551 1.5381562 1.6241375 2.5664015 1.6253911 19.741411 -1.5632303953170776 0.8507077693939209
Car 0.0 0 0.9364218711853027 863.179443359375 181.24253845214844 1242.0 375.0 3.750084 1.4489218 1.5539367 2.6427407 1.5129372 3.5971115 1.5700485706329346 0.7458152174949646
Car 0.0 0 1.8193011283874512 487.61431884765625 182.08743286132812 535.9475708007812 212.8857421875 4.0808134 1.5186801 1.6329087 -5.276109 2.044868 38.967777 1.6847227811813354 0.5196462869644165
Car 0.0 0 -1.5275131464004517 632.7186889648438 177.1842803955078 653.85595703125 196.4130096435547 3.6353137 1.5248367 1.6004559 2.7678359 1.896258 59.944546 -1.481372594833374 0.34161651134490967
Car 0.0 0 1.8950610160827637 530.9669189453125 179.65084838867188 565.4468383789062 199.88748168945312 3.8721716 1.5209922 1.5975999 -4.924966 2.0843036 57.689045 1.8098965883255005 0.2804677188396454
