Pedestrian 0.0 0 1.9588371515274048 137.1793975830078 123.98605346679688 185.4262237548828 212.54454040527344 0.8260631 1.8632271 0.623262 -9.761224 0.8354272 15.637851 1.4008097648620605 0.40392252802848816
Car 0.0 0 -2.630405902862549 117.29524993896484 181.1899871826172 343.7735900878906 270.2776184082031 3.3983927 1.5360581 1.5759931 -7.0032597 1.7013642 13.434953 -3.1109256744384766 0.8196881413459778
Car 0.0 0 -1.6354401111602783 647.8627319335938 179.8050079345703 690.8535766601562 216.28573608398438 4.135617 1.467927 1.6154788 2.5223982 1.7956746 31.90223 -1.5565377473831177 0.7666506171226501
Car 0.0 0 0.3414066731929779 209.36151123046875 183.5282745361328 420.5910339355469 256.50634765625 4.0506706 1.5122588 1.6568197 -6.5125337 1.7647884 16.129625 -0.04233880713582039 0.7016506195068359
Car 0.0 0 0.8044219613075256 884.6425170898438 202.76742553710938 1242.0 375.0 3.6959462 1.421092 1.5447782 2.9970999 1.6572692 3.772502 1.4757753610610962 0.681738018989563
Car 0.0 0 -2.709550619125366 276.1964111328125 182.8572235107422 457.18231201171875 246.1654510498047 4.084237 1.5033578 1.6463757 -6.212244 1.774607 18.498163 -3.0335466861724854 0.6575024724006653
Car 0.0 0 0.2975991368293762 357.7328186035156 182.7285919189453 496.95806884765625 229.98638916015625 4.20099 1.4896572 1.6595106 -6.068648 1.8322179 24.067142 0.05059337615966797 0.5871562957763672
Car 0.0 0 3.3053808212280273 444.3341979980469 182.8958740234375 528.719970703125 216.1889190673828 3.631708 1.477655 1.5735481 -5.6916437 1.9525704 33.298847 3.1360907554626465 0.45490407943725586
Car 0.0 0 1.9697000980377197 528.3574829101562 179.2720947265625 569.6663208007812 201.50335693359375 3.841826 1.4882631 1.5742579 -4.341898 1.9657385 51.56589 1.8856972455978394 0.279238760471344
Car 0.0 0 3.2870686054229736 381.28076171875 170.5800018310547 484.4649963378906 208.11233520507812 4.0998845 1.556506 1.664287 -7.5643144 1.4625586 30.941643 3.0473010540008545 0.2792339622974396
