Pedestrian 0.0 0 1.2683007717132568 1076.41943359375 164.10189819335938 1101.2811279296875 210.35565185546875 0.8003665 1.7943902 0.60494244 18.837194 1.455215 28.457531 1.8530242443084717 0.21907620131969452
Pedestrian 0.0 0 -1.0023658275604248 987.23193359375 137.9590301513672 1051.6253662109375 254.2994384765625 0.7210044 1.8244286 0.62359476 6.6155705 1.2775699 11.757014 -0.4898309111595154 0.1754428595304489
Pedestrian 0.0 0 1.37752103805542 924.5263061523438 123.59464263916016 955.7506103515625 195.35687255859375 0.7806899 1.8917425 0.6259294 8.852009 0.5935621 19.470047 1.804233193397522 0.16087676584720612
Pedestrian 0.0 0 -1.474966049194336 1161.3538818359375 135.73765563964844 1242.0 305.7491760253906 0.96608174 1.7724502 0.6816542 6.6427007 1.3858528 8.10247 -0.7882461547851562 0.1601748913526535
Pedestrian 0.0 0 -3.408452033996582 1168.586669921875 151.919189453125 1242.0 341.5039367675781 0.6786936 1.7813674 0.6199217 6.027856 1.5850185 7.2001657 -2.7114460468292236 0.15075764060020447
Pedestrian 0.0 0 1.1872022151947021 638.9821166992188 174.2577362060547 659.4256591796875 206.54591369628906 1.7798239 1.8004924 0.5373239 2.1956487 1.8828987 41.242237 1.2403898239135742 0.1360563188791275
Cyclist 0.0 0 1.1583009958267212 638.673095703125 173.6682586669922 659.775634765625 206.2810516357422 1.7799762 1.8193983 0.53257585 2.1956575 1.867326 41.223392 1.2115131616592407 0.4597412347793579
Cyclist 0.0 0 -3.5398173332214355 1141.4114990234375 125.79552459716797 1242.0 225.40695190429688 1.9217981 1.7590318 0.71545076 11.0630045 0.9283869 13.359203 -2.8481645584106445 0.2040267288684845
Cyclist 0.0 0 -1.2523109912872314 1146.7725830078125 135.74755859375 1242.0 302.2354736328125 1.4775589 1.7238677 0.6920256 6.7485337 1.340014 8.154295 -0.5609630346298218 0.17969442903995514
Cyclist 0.0 0 -3.089517593383789 664.466796875 176.30010986328125 690.2649536132812 202.95875549316406 1.7491081 1.8243049 0.572973 4.631547 2.0649042 49.88898 -2.996945858001709 0.13777852058410645
Car 0.0 0 1.5160406827926636 579.0631103515625 177.2988739013672 607.62158203125 202.64564514160156 4.121428 1.5660661 1.6458333 -1.1655335 1.8717455 47.44072 1.491477370262146 0.37943506240844727
Car 0.0 0 1.7093851566314697 436.0000915527344 181.2971954345703 480.85980224609375 215.66065979003906 4.0031543 1.5491387 1.6278585 -7.4501567 1.9899502 35.5854 1.503006100654602 0.19225136935710907
Car 0.0 0 -1.248706340789795 1172.7989501953125 154.46958923339844 1242.0 211.4400177001953 3.6461492 1.5095752 1.5875295 17.902508 1.0227921 20.73014 -0.5363707542419434 0.1728472113609314
Car 0.0 0 1.7681258916854858 121.15958404541016 178.45333862304688 159.1725616455078 201.30517578125 3.8880682 1.571711 1.5989033 -34.32602 1.9977977 52.75533 1.1912837028503418 0.16504494845867157
Car 0.0 0 1.4187198877334595 660.0050048828125 176.68905639648438 687.281005859375 197.6623992919922 3.8117182 1.58056 1.5829531 4.9714856 1.8944894 57.04032 1.5056575536727905 0.1431998461484909
