Pedestrian 0.0 0 1.5008480548858643 454.6095275878906 182.54576110839844 477.7110900878906 234.7216033935547 1.7483845 1.7749889 0.6859577 -5.20478 2.134803 25.824345 1.301966905593872 0.17227277159690857
Pedestrian 0.0 0 1.483519434928894 479.6181640625 182.94760131835938 501.3614501953125 231.48277282714844 1.7995956 1.7821984 0.669268 -4.6670423 2.1854641 27.844053 1.3174495697021484 0.1243889108300209
Cyclist 0.0 0 1.483519434928894 479.6181640625 182.94760131835938 501.3614501953125 231.48277282714844 1.7995956 1.7821984 0.669268 -4.6670423 2.1854641 27.844053 1.3174495697021484 0.7712168097496033
Cyclist 0.0 0 1.5320470333099365 456.1306457519531 183.0898895263672 476.82379150390625 235.1016387939453 1.791676 1.7666285 0.65294725 -5.1929903 2.1468308 25.825357 1.3336122035980225 0.7293453216552734
Car 0.0 0 -2.0040812492370605 785.29638671875 147.82272338867188 1242.0 375.0 4.4210367 1.6692283 1.6781374 2.8509378 1.5295322 6.249296 -1.5760822296142578 0.8725247383117676
Car 0.0 0 -1.801511526107788 645.7673950195312 184.41348266601562 729.1931762695312 243.47967529296875 3.3464658 1.4728845 1.6068478 2.0583138 1.8290544 20.443363 -1.7011659145355225 0.8718428015708923
Car 0.0 0 1.2841030359268188 720.4114990234375 182.56283569335938 894.7927856445312 299.1106872558594 3.7481253 1.4749311 1.5784128 2.8343186 1.653709 11.351458 1.5287877321243286 0.844566285610199
Car 0.0 0 -1.5338027477264404 387.5474548339844 191.73011779785156 444.7024230957031 245.90074157714844 3.7339213 1.4703918 1.6183957 -6.141056 2.1242344 22.976511 -1.794973373413086 0.8006062507629395
Car 0.0 0 -1.594681739807129 567.9371337890625 186.82711791992188 599.27880859375 217.3372344970703 3.5878215 1.5077415 1.6068413 -1.5069331 2.3025508 39.1803 -1.6331242322921753 0.7196330428123474
Car 0.0 0 -1.724972128868103 609.8843383789062 183.40316772460938 663.1736450195312 228.2279052734375 3.1842449 1.5320283 1.5182832 0.8988668 1.9533393 27.117287 -1.6918368339538574 0.7182118892669678
Car 0.0 0 1.412777304649353 537.4141235351562 184.17921447753906 569.640625 208.56842041015625 3.75512 1.5385516 1.6225684 -3.9329276 2.346001 49.40196 1.3333340883255005 0.6025001406669617
Car 0.0 0 1.5470893383026123 524.4595947265625 185.81964111328125 543.9776611328125 204.26168823242188 4.06618 1.5252155 1.6416178 -6.849677 2.7277386 64.77598 1.4417368173599243 0.42721790075302124
