Pedestrian 0.0 0 2.8670830726623535 710.3856811523438 134.83409118652344 754.1466674804688 214.28900146484375 0.9168215 1.8849086 0.5838235 3.0337508 0.8031796 17.104126 3.0426268577575684 0.36685892939567566
Pedestrian 0.0 0 -0.1364026516675949 494.61920166015625 167.1609649658203 533.6453247070312 234.23068237304688 1.0092151 1.8547558 0.69573337 -2.6131139 1.4874531 20.01624 -0.2662181854248047 0.3109849989414215
Pedestrian 0.0 0 1.7718889713287354 753.3508911132812 134.7178497314453 793.0267333984375 230.86166381835938 0.774735 1.8686725 0.6367985 3.3485026 0.9804723 14.222518 2.003114700317383 0.3107258677482605
Pedestrian 0.0 0 2.5720055103302 725.3582763671875 128.39776611328125 767.5350341796875 214.8840789794922 0.72960305 1.8855947 0.57512325 3.1201882 0.75126594 15.811412 2.7668399810791016 0.29334139823913574
Pedestrian 0.0 0 1.5580635070800781 772.2517700195312 143.77320861816406 806.5053100585938 246.8572235107422 0.80240566 1.8368186 0.5937946 3.3528318 1.1840391 13.053709 1.8094778060913086 0.17678147554397583
Pedestrian 0.0 0 0.1403435915708542 704.3871459960938 139.39291381835938 737.476318359375 213.4385223388672 0.76752126 1.8779187 0.6345899 2.9763722 0.8369675 18.343819 0.3011965751647949 0.17172156274318695
Pedestrian 0.0 0 -1.9413597583770752 783.992431640625 138.3787384033203 843.19287109375 255.00254821777344 0.984011 1.8525027 0.62502545 3.4015596 1.1850859 11.74383 -1.6594284772872925 0.1459924876689911
Pedestrian 0.0 0 -2.1162471771240234 1144.603759765625 151.9995880126953 1224.0 314.73175048828125 0.7513234 1.7103381 0.59495014 6.494575 1.4124856 7.841219 -1.4245100021362305 0.12117452174425125
Pedestrian 0.0 0 1.605455756187439 678.7569580078125 144.2676544189453 698.5155639648438 204.4168701171875 0.91184133 1.9105933 0.6077962 2.6903932 0.7612508 22.950434 1.72214937210083 0.1191701740026474
Cyclist 0.0 0 -0.10008877515792847 494.58477783203125 167.40130615234375 536.324951171875 233.761962890625 1.1076635 1.8360409 0.6892139 -2.5765355 1.4752086 20.018309 -0.2280939668416977 0.18031251430511475
Car 0.0 0 -1.6185777187347412 583.0784912109375 167.18466186523438 620.6668090820312 205.11062622070312 4.290567 1.8315576 1.7151831 -0.22967204 1.1899614 36.329063 -1.6248996257781982 0.35343778133392334
Car 0.0 0 1.491946816444397 570.1305541992188 174.21267700195312 604.3309936523438 203.81619262695312 4.1265135 1.6331177 1.659282 -1.088542 1.2876647 41.139374 1.465493083000183 0.16476042568683624
