Pedestrian 0.0 0 1.6168978214263916 873.6817626953125 163.09861755371094 915.3397827148438 270.2260437011719 0.78589743 1.6839966 0.59918225 4.767843 1.3960326 11.771465 2.0017361640930176 0.6603897213935852
Pedestrian 0.0 0 1.9189283847808838 188.56849670410156 147.17230224609375 294.0914611816406 341.92864990234375 0.8749839 1.7694209 0.6628362 -3.5238616 1.4589219 6.9972534 1.4523998498916626 0.6012067794799805
Pedestrian 0.0 0 3.0630526542663574 463.4051513671875 171.033203125 484.60516357421875 215.0288543701172 0.8440344 1.8538053 0.62613696 -5.460006 1.4137505 30.674517 2.886899471282959 0.5867266654968262
Pedestrian 0.0 0 -1.9404845237731934 962.0617065429688 105.79832458496094 1047.959228515625 264.50433349609375 0.8177854 1.8063005 0.6424963 4.77127 0.94605803 8.621672 -1.4350314140319824 0.4371359348297119
Pedestrian 0.0 0 -1.9061195850372314 782.9493408203125 161.50155639648438 825.6356201171875 234.57778930664062 0.8057627 1.6952686 0.7517207 4.7800703 1.2325388 17.087366 -1.6333491802215576 0.4159037470817566
Pedestrian 0.0 0 -1.1275484561920166 774.5081176757812 173.4270477294922 826.8428955078125 258.6142578125 0.76494795 1.6768285 0.7790138 4.035648 1.5191696 14.681139 -0.8592877388000488 0.3664952218532562
Pedestrian 0.0 0 -1.1396410465240479 734.5170288085938 162.1735382080078 771.3240966796875 233.91339111328125 0.6409805 1.7253476 0.6847421 3.7079563 1.2617415 17.734684 -0.9335308074951172 0.35608911514282227
Pedestrian 0.0 0 -2.784095525741577 801.2909545898438 163.44410705566406 830.1170654296875 216.9136199951172 0.7473871 1.780061 0.6832103 7.258471 1.1800435 24.40936 -2.495058536529541 0.3545275330543518
Pedestrian 0.0 0 -0.4863681197166443 906.2457885742188 172.2275390625 940.4923095703125 232.5791778564453 0.71744275 1.7349945 0.5928258 9.362491 1.469568 20.967709 -0.06641234457492828 0.3464019298553467
Pedestrian 0.0 0 -0.224796861410141 661.3739624023438 170.17881774902344 682.3672485351562 209.4276123046875 0.855643 1.7931695 0.5812227 3.236706 1.276868 33.158783 -0.12749280035495758 0.29195597767829895
Pedestrian 0.0 0 2.234379291534424 0.0 120.17586517333984 251.45306396484375 374.0 1.6448034 1.6266553 0.61007166 -2.3993938 1.416138 3.3133583 1.60762357711792 0.2501285672187805
Pedestrian 0.0 0 -0.7811640501022339 812.9002685546875 162.21005249023438 871.6728515625 222.2838897705078 1.8380754 1.8060087 0.60162765 7.44585 1.2272149 22.269304 -0.4584944248199463 0.13928815722465515
Pedestrian 0.0 0 -1.167565941810608 404.2010803222656 173.58229064941406 450.4936828613281 244.9156036376953 1.5574459 1.7547843 0.5973821 -4.490243 1.5612001 18.485476 -1.4058573246002197 0.12269196659326553
Pedestrian 0.0 0 -1.3314658403396606 138.5544891357422 155.92913818359375 206.98191833496094 268.1606750488281 1.771437 1.7472526 0.59030503 -7.2282567 1.3504577 12.113982 -1.86944580078125 0.1067039966583252
Cyclist 0.0 0 -0.8146169185638428 809.610107421875 162.40545654296875 868.7286987304688 222.77871704101562 1.8963357 1.8083746 0.6008554 7.3379383 1.2375556 22.229155 -0.49577534198760986 0.5892032980918884
Cyclist 0.0 0 2.2156975269317627 0.0 129.50967407226562 250.72230529785156 374.0 1.6340368 1.6302469 0.61271936 -2.3881614 1.4516582 3.3077443 1.5903645753860474 0.46658018231391907
Cyclist 0.0 0 -1.8737568855285645 933.4888916015625 110.49948120117188 1029.8492431640625 268.0573425292969 1.8198984 1.8017201 0.5509404 4.738006 0.9911585 9.155719 -1.396214246749878 0.39381760358810425
Cyclist 0.0 0 -0.8568246364593506 0.0 195.3886260986328 91.36115264892578 337.0653381347656 1.6326966 1.6255947 0.39219913 -7.397718 1.8212217 9.224009 -1.5327880382537842 0.30750980973243713
Cyclist 0.0 0 -1.3314658403396606 138.5544891357422 155.92913818359375 206.98191833496094 268.1606750488281 1.771437 1.7472526 0.59030503 -7.2282567 1.3504577 12.113982 -1.86944580078125 0.2863890826702118
Cyclist 0.0 0 -1.167565941810608 404.2010803222656 173.58229064941406 450.4936828613281 244.9156036376953 1.5574459 1.7547843 0.5973821 -4.490243 1.5612001 18.485476 -1.4058573246002197 0.2582034170627594
Cyclist 0.0 0 -1.3695119619369507 310.5794982910156 189.6716766357422 364.0121765136719 284.99798583984375 1.7203846 1.6354233 0.60516703 -4.924438 1.7989951 13.370595 -1.7223988771438599 0.24695636332035065
Cyclist 0.0 0 -1.8874632120132446 782.6615600585938 161.1478271484375 825.8380737304688 234.5661163330078 0.8740357 1.6985699 0.7499592 4.772617 1.2289191 17.069532 -1.6148267984390259 0.12916161119937897
Cyclist 0.0 0 1.6168978214263916 873.6817626953125 163.09861755371094 915.3397827148438 270.2260437011719 0.78589743 1.6839966 0.59918225 4.767843 1.3960326 11.771465 2.0017361640930176 0.10879497975111008
Car 0.0 0 1.6994423866271973 535.7815551757812 169.2340087890625 579.8309936523438 204.3586883544922 4.338967 1.6901158 1.708914 -2.1760309 1.1008084 36.785587 1.6403567790985107 0.5681809186935425
Car 0.0 0 2.313770055770874 0.0 197.89248657226562 100.24089050292969 374.0 3.8684793 1.4434049 1.5596018 -7.8141317 1.6747693 8.12671 1.5479780435562134 0.2839878499507904
