Pedestrian 0.0 0 -0.4581570625305176 748.332275390625 170.57513427734375 784.8548583984375 234.63525390625 0.7622027 1.7227727 0.6636934 4.39855 1.457445 19.421331 -0.23543405532836914 0.25031930208206177
Pedestrian 0.0 0 -3.3367297649383545 764.7669677734375 129.918701171875 811.4449462890625 221.37191772460938 0.8343994 1.8553019 0.6013397 3.746266 0.8307906 14.662012 -3.086573600769043 0.195480614900589
Pedestrian 0.0 0 0.9762176871299744 1166.5142822265625 105.60861206054688 1224.0 218.10902404785156 1.1433281 1.8357148 0.58168685 10.298268 0.6153342 12.132193 1.6800369024276733 0.16589555144309998
Pedestrian 0.0 0 1.995405673980713 164.63160705566406 179.63275146484375 179.3069610595703 205.32200622558594 0.7335841 1.8624338 0.6728823 -31.631777 1.8008417 51.6609 1.4459939002990723 0.16063426434993744
Pedestrian 0.0 0 -3.417315721511841 826.055419921875 151.69862365722656 888.0195922851562 273.2726745605469 0.7532584 1.7875602 0.5750849 3.7562773 1.3657433 10.701369 -3.079742193222046 0.15901780128479004
Pedestrian 0.0 0 0.6528310179710388 72.85626220703125 156.46441650390625 104.77346801757812 207.15110778808594 0.7858733 1.8735782 0.55915093 -19.310507 0.9866446 26.418344 0.021633386611938477 0.14133445918560028
Cyclist 0.0 0 -0.860447347164154 422.9298095703125 175.0238494873047 444.7840576171875 200.78390502929688 1.7427466 1.6869564 0.37188074 -11.404461 1.3296655 47.158142 -1.0977261066436768 0.565040647983551
Cyclist 0.0 0 0.9830175638198853 1164.175048828125 104.57962036132812 1224.0 216.6584930419922 1.2406062 1.8283914 0.5589743 10.310199 0.59152156 12.1776495 1.6855632066726685 0.15280842781066895
Car 0.0 0 1.6059269905090332 550.76171875 165.14173889160156 572.756591796875 185.19503784179688 4.0567975 1.57485 1.6483799 -3.4749212 0.36995807 57.57038 1.5456405878067017 0.37947335839271545
Car 0.0 0 3.764920949935913 21.769182205200195 164.3330078125 121.40206909179688 197.72488403320312 3.7232919 1.6298387 1.6419804 -26.639853 0.84217465 35.367863 3.11936092376709 0.3744748532772064
Car 0.0 0 1.8230185508728027 432.5808410644531 178.16761779785156 459.46539306640625 194.33523559570312 4.018751 1.5166363 1.5850853 -15.304363 1.2989836 68.354904 1.6027555465698242 0.20665371417999268
Car 0.0 0 -1.7024693489074707 572.740478515625 164.7451629638672 595.9893798828125 183.15394592285156 3.7932444 1.6183635 1.6199375 -1.8782578 0.23449555 64.15545 -1.7317376136779785 0.13975800573825836
