Pedestrian 0.0 0 1.6811747550964355 490.4577331542969 156.22996520996094 516.8255004882812 221.99209594726562 0.84660596 1.8440377 0.66028976 -3.0182586 1.0323794 20.58833 1.5356111526489258 0.48455050587654114
Pedestrian 0.0 0 -1.4339349269866943 435.1220397949219 150.74588012695312 461.744384765625 216.98675537109375 0.77588236 1.8665502 0.6493544 -4.6171665 0.89638364 20.665808 -1.6537455320358276 0.3242678642272949
Pedestrian 0.0 0 -1.438418984413147 0.0 153.9170684814453 27.70989990234375 223.26463317871094 1.7496113 1.7402374 0.5128541 -15.765643 0.9559474 18.91227 -2.133326292037964 0.16495312750339508
Cyclist 0.0 0 -1.4013926982879639 0.0 155.71514892578125 29.86452865600586 224.28257751464844 1.8068618 1.7198148 0.5069309 -15.7668915 0.98101056 18.93545 -2.095736503601074 0.3931058347225189
Cyclist 0.0 0 0.9347085952758789 0.0 51.17475128173828 234.37979125976562 309.6044006347656 1.8135848 1.6798455 0.7519292 -3.8329797 0.80968314 5.302717 0.3088221549987793 0.17228958010673523
Car 0.0 0 -1.5614163875579834 580.8638305664062 178.16595458984375 617.6367797851562 213.24664306640625 3.3413043 1.548958 1.6237615 -0.41571394 1.2388142 33.40982 -1.573858618736267 0.5068259239196777
Car 0.0 0 -1.4412648677825928 413.3575744628906 175.9676513671875 458.6423645019531 209.5408172607422 3.8193896 1.4981134 1.6072096 -8.108733 1.0865754 34.056187 -1.6750112771987915 0.3895520567893982
Car 0.0 0 1.6397844552993774 494.5107421875 185.2748565673828 539.3034057617188 224.02633666992188 3.5759892 1.4634901 1.5494367 -3.6430707 1.4671572 28.978752 1.5147253274917603 0.30048492550849915
Car 0.0 0 1.490325927734375 627.5181884765625 172.28045654296875 658.8287963867188 198.88323974609375 3.8612998 1.5814342 1.6305684 2.1354516 0.81361514 44.68575 1.5380778312683105 0.20881536602973938
Car 0.0 0 2.1260597705841064 0.0 197.18910217285156 67.10699462890625 376.0 4.006203 1.4814154 1.6019852 -7.1336226 1.6330215 6.892155 1.323447346687317 0.16858306527137756
Car 0.0 0 -0.31819725036621094 0.0 183.30177307128906 222.88548278808594 267.50543212890625 3.7529428 1.461522 1.5943253 -10.0992 1.429433 14.453257 -0.9280831813812256 0.16817884147167206
