Pedestrian 0.0 0 2.0766444206237793 562.926025390625 167.852294921875 626.8858642578125 279.0130310058594 0.9516434 1.7390031 0.67803967 -0.13848044 1.5267963 11.814735 2.0649240016937256 0.741019606590271
Pedestrian 0.0 0 1.6047828197479248 764.1193237304688 144.0989532470703 818.3455200195312 270.68060302734375 0.9311491 1.7595657 0.7364968 2.7498589 1.2409871 10.533988 1.8601306676864624 0.7067971229553223
Pedestrian 0.0 0 1.8796204328536987 427.975341796875 160.5935516357422 485.75885009765625 275.64849853515625 0.8597131 1.7920388 0.6929451 -2.3723502 1.4677098 11.650494 1.6787402629852295 0.6576251983642578
Pedestrian 0.0 0 -1.4295984506607056 550.6476440429688 164.75816345214844 574.1155395507812 220.1765899658203 0.83419466 1.7800728 0.65805155 -1.2977483 1.2434129 23.514566 -1.484731674194336 0.6533030867576599
Pedestrian 0.0 0 1.0101826190948486 213.307373046875 156.72607421875 289.87255859375 291.13836669921875 0.7399077 1.7642319 0.65494394 -4.8631573 1.4403905 9.898963 0.5535356998443604 0.623369574546814
Pedestrian 0.0 0 -1.892370343208313 524.6676025390625 166.18753051757812 551.626220703125 218.8869171142578 0.9941039 1.8054736 0.65983397 -2.2491562 1.2819424 25.19487 -1.9814047813415527 0.6120173335075378
Pedestrian 0.0 0 2.501155376434326 879.0145263671875 133.5384979248047 965.7307739257812 291.4396057128906 0.6986101 1.7112887 0.56233966 3.5759373 1.1928525 8.13487 2.915311574935913 0.4747268855571747
Pedestrian 0.0 0 1.449929118156433 598.7060546875 170.34048461914062 618.7899780273438 221.45729064941406 0.7873502 1.7460285 0.60550237 0.225702 1.3659189 24.959005 1.4589717388153076 0.47367894649505615
Pedestrian 0.0 0 -0.8505258560180664 174.6266326904297 166.7100372314453 253.91062927246094 284.0794982910156 0.9131822 1.6935287 0.60666 -5.8858023 1.4814371 10.874867 -1.3466107845306396 0.3475323021411896
Pedestrian 0.0 0 -2.054274320602417 795.3923950195312 151.39166259765625 841.9447631835938 231.09161376953125 0.99647105 1.8032157 0.65103865 5.032511 1.1232266 16.80105 -1.7632437944412231 0.3102119565010071
Pedestrian 0.0 0 -1.6399633884429932 570.0198364257812 172.3594512939453 582.9384765625 206.19715881347656 0.81036216 1.7785281 0.63070524 -1.3343188 1.2989445 38.18922 -1.6748888492584229 0.24568507075309753
Pedestrian 0.0 0 -0.6980551481246948 861.287841796875 177.40301513671875 921.8386840820312 289.8213195800781 0.6613431 1.6840329 0.56473756 4.445721 1.6239663 11.129692 -0.318025678396225 0.24210095405578613
Pedestrian 0.0 0 -0.5286545157432556 230.65126037597656 196.41009521484375 353.2323913574219 374.0 0.8109414 1.5968617 0.74533004 -3.0015602 1.7522323 6.8699026 -0.9405734539031982 0.2348453402519226
Pedestrian 0.0 0 -1.5588152408599854 471.20074462890625 184.3948211669922 489.1128234863281 238.43443298339844 1.6641864 1.6503605 0.54285663 -3.8829217 1.7471906 22.891571 -1.7268383502960205 0.15139231085777283
Pedestrian 0.0 0 -2.7976620197296143 471.55145263671875 164.49258422851562 516.6661987304688 210.8784637451172 1.6449206 1.7879677 0.59198 -4.2188344 1.1334277 28.13579 -2.9464986324310303 0.13484957814216614
Cyclist 0.0 0 1.5629810094833374 496.07025146484375 169.8994140625 532.5599365234375 262.0016784667969 1.7639767 1.7215137 0.6795043 -1.788814 1.505945 14.343033 1.438905119895935 0.7889425754547119
Cyclist 0.0 0 -1.5588152408599854 471.20074462890625 184.3948211669922 489.1128234863281 238.43443298339844 1.6641864 1.6503605 0.54285663 -3.8829217 1.7471906 22.891571 -1.7268383502960205 0.49532368779182434
Cyclist 0.0 0 -2.253741502761841 15.098682403564453 158.88992309570312 164.14529418945312 281.0260009765625 1.9179907 1.6897558 0.7340883 -7.5470896 1.3782653 10.542247 -2.8750524520874023 0.40394511818885803
Cyclist 0.0 0 -2.7976620197296143 471.55145263671875 164.49258422851562 516.6661987304688 210.8784637451172 1.6449206 1.7879677 0.59198 -4.2188344 1.1334277 28.13579 -2.9464986324310303 0.24416795372962952
Cyclist 0.0 0 -2.0671656131744385 794.3531494140625 151.16879272460938 842.8993530273438 231.60243225097656 1.0905114 1.8132085 0.6412495 5.026153 1.1306692 16.789959 -1.7763009071350098 0.17814137041568756
Cyclist 0.0 0 -0.8244787454605103 172.3702392578125 166.5824432373047 254.7620391845703 285.0479736328125 0.97064674 1.7020994 0.59802574 -5.887884 1.4890798 10.862487 -1.3211888074874878 0.15927541255950928
Cyclist 0.0 0 -1.8789716958999634 524.6634521484375 166.02700805664062 551.3892211914062 219.1013641357422 1.0248793 1.8173207 0.6516775 -2.2535446 1.2885814 25.192532 -1.9681870937347412 0.12842246890068054
Cyclist 0.0 0 1.6047828197479248 764.1193237304688 144.0989532470703 818.3455200195312 270.68060302734375 0.9311491 1.7595657 0.7364968 2.7498589 1.2409871 10.533988 1.8601306676864624 0.10935045778751373
