Pedestrian 0.0 0 1.4416826963424683 278.3690185546875 177.67446899414062 319.2935791015625 266.10003662109375 0.705865 1.7497958 0.6813278 -6.3108697 1.6955127 14.464273 1.030273675918579 0.45964643359184265
Pedestrian 0.0 0 3.5616836547851562 114.9870376586914 116.77767944335938 207.84210205078125 253.43475341796875 0.9046524 1.8237059 0.65792155 -6.1862917 0.9749956 9.820368 2.9995362758636475 0.36221185326576233
Pedestrian 0.0 0 -0.03649657964706421 994.4186401367188 107.56978607177734 1067.0794677734375 246.32386779785156 0.83606213 1.8286041 0.55971247 5.808758 0.86914885 9.759142 0.5003948211669922 0.33351507782936096
Pedestrian 0.0 0 -1.5643057823181152 791.1572265625 162.1529083251953 804.9242553710938 196.232666015625 0.6709083 1.7975767 0.7020684 10.285552 0.83124954 37.706783 -1.2980072498321533 0.24434414505958557
Pedestrian 0.0 0 -1.9798637628555298 877.322509765625 154.9828643798828 904.7267456054688 193.5823516845703 1.8223926 1.7816273 0.5202121 13.538752 0.6052939 33.547665 -1.5962855815887451 0.12544938921928406
Pedestrian 0.0 0 -0.17403051257133484 775.1353759765625 156.07484436035156 798.0255737304688 189.19825744628906 1.1891404 1.8852462 0.5788523 10.407508 0.4964525 40.571655 0.07707667350769043 0.11365149915218353
Cyclist 0.0 0 -1.872053623199463 978.9489135742188 139.03414916992188 1025.7015380859375 212.35337829589844 1.8956493 1.8148588 0.519627 10.31734 0.79005796 18.477545 -1.362805724143982 0.46571916341781616
Cyclist 0.0 0 -2.001620054244995 877.4220581054688 154.3227996826172 905.5402221679688 192.48362731933594 1.8178629 1.7586597 0.5198848 13.540664 0.55372703 33.499783 -1.6174968481063843 0.4578457772731781
Cyclist 0.0 0 -0.17403051257133484 775.1353759765625 156.07484436035156 798.0255737304688 189.19825744628906 1.1891404 1.8852462 0.5788523 10.407508 0.4964525 40.571655 0.07707667350769043 0.17851920425891876
Car 0.0 0 -0.7823554277420044 0.0 209.1316375732422 291.8190612792969 370.0 3.8886392 1.4187841 1.584575 -3.2458794 1.6372163 3.3841996 -1.5468940734863281 0.69294273853302
Car 0.0 0 1.8062851428985596 423.9755554199219 176.60748291015625 472.42919921875 206.5204315185547 4.012642 1.4985384 1.6134045 -8.246823 1.3049654 37.436844 1.5894618034362793 0.5101487636566162
