Cyclist 0.0 0 -1.0609972476959229 0.0 212.17169189453125 77.69892120361328 347.3979797363281 1.4776131 1.5898885 0.3981286 -7.8337617 2.1596844 9.6854315 -1.741092562675476 0.3350785970687866
Car 0.0 0 1.727353572845459 416.92840576171875 187.7911376953125 520.8878173828125 270.25860595703125 3.7408917 1.434851 1.5593024 -2.8735044 1.7877128 15.131122 1.5396814346313477 0.882490873336792
Car 0.0 0 -1.7120997905731201 672.1223754882812 179.9756317138672 749.7064819335938 236.62686157226562 4.149825 1.421041 1.6049515 2.7375371 1.6463196 20.702667 -1.5806313753128052 0.8546091914176941
Car 0.0 0 -1.438589334487915 524.7378540039062 182.45986938476562 569.3327026367188 216.0082550048828 3.7619085 1.415746 1.5785266 -2.9023929 1.8870622 33.457916 -1.5251202583312988 0.6900802850723267
Car 0.0 0 -1.3936522006988525 455.36932373046875 183.462890625 538.7632446289062 243.80926513671875 4.2225122 1.496874 1.6434954 -3.178575 1.8340774 20.775568 -1.5454707145690918 0.5911132097244263
Car 0.0 0 -1.7615933418273926 645.120849609375 180.36976623535156 699.4102783203125 217.89938354492188 3.9521177 1.4746056 1.6053123 2.5830095 1.8215609 31.220526 -1.6790469884872437 0.5742995142936707
Car 0.0 0 -1.6738193035125732 663.2247314453125 179.46665954589844 718.05224609375 223.4300079345703 3.7860234 1.4419461 1.5743576 2.8045688 1.6991723 26.129288 -1.5668944120407104 0.44785818457603455
Car 0.0 0 1.755895733833313 627.9916381835938 176.84918212890625 658.4963989257812 197.70887756347656 3.899247 1.4822168 1.5979426 2.5042694 1.7939143 54.14515 1.8021138906478882 0.4224114418029785
Car 0.0 0 -1.6985746622085571 642.2052612304688 173.46383666992188 684.9513549804688 207.17953491210938 3.875078 1.5770006 1.6227735 2.5644636 1.609291 35.797832 -1.6270594596862793 0.4148806631565094
Car 0.0 0 1.6925039291381836 543.8876953125 178.4752197265625 578.6790161132812 206.79122924804688 4.160556 1.6340907 1.6540247 -2.9952 1.9984772 44.601513 1.6254498958587646 0.32483920454978943
