Pedestrian 0.0 0 -0.6249358654022217 919.3432006835938 157.1697540283203 962.9401245117188 236.55508422851562 0.7000348 1.8136791 0.61064196 7.6778126 1.4557066 16.849915 -0.1973860263824463 0.3881353437900543
Pedestrian 0.0 0 -1.702418565750122 771.5567626953125 169.74264526367188 788.9575805664062 210.5535125732422 0.8907105 1.6928531 0.60016537 7.126917 1.5641507 30.39972 -1.472137212753296 0.3276960253715515
Pedestrian 0.0 0 -3.3807287216186523 864.7527465820312 178.88450622558594 889.9596557617188 227.229248046875 0.7248555 1.7365258 0.670849 9.726445 1.9605384 26.382551 -3.027519464492798 0.2130204439163208
Pedestrian 0.0 0 -1.98735773563385 950.3212890625 156.89833068847656 1000.133544921875 238.2737274169922 1.2337872 1.8318787 0.58663696 8.469615 1.4730517 16.870565 -1.5220834016799927 0.20523156225681305
Pedestrian 0.0 0 -3.2440578937530518 1105.7308349609375 151.9975128173828 1213.8431396484375 250.49203491210938 1.569116 1.7716368 0.6152622 10.297425 1.3968457 13.644958 -2.5975754261016846 0.13671660423278809
Cyclist 0.0 0 -1.8796262741088867 891.1591186523438 155.11146545410156 955.0758056640625 255.67056274414062 1.8732126 1.7923974 0.5705349 5.9035544 1.4765066 13.817604 -1.475852370262146 0.8801963329315186
Cyclist 0.0 0 -1.9478319883346558 946.2289428710938 156.11175537109375 999.6331176757812 238.06088256835938 1.6531152 1.8351854 0.5483953 8.472737 1.4606142 17.002422 -1.4855250120162964 0.27668285369873047
Cyclist 0.0 0 -3.2440578937530518 1105.7308349609375 151.9975128173828 1213.8431396484375 250.49203491210938 1.569116 1.7716368 0.6152622 10.297425 1.3968457 13.644958 -2.5975754261016846 0.21097534894943237
Cyclist 0.0 0 -1.7165861129760742 771.1348876953125 169.6011962890625 789.0511474609375 210.34825134277344 0.95143604 1.6893073 0.6013497 7.12202 1.5548096 30.41038 -1.4865353107452393 0.14920644462108612
Car 0.0 0 1.310551643371582 1011.4927978515625 178.7227020263672 1044.3126220703125 196.5477294921875 3.8310733 1.5118535 1.6068357 37.35535 2.0544887 64.60988 1.8347632884979248 0.3074837327003479
Car 0.0 0 2.68501615524292 837.0096435546875 182.91085815429688 903.0708618164062 207.51800537109375 3.6736727 1.5188866 1.570923 16.638609 2.1787026 46.32533 3.0298357009887695 0.1888355165719986
Car 0.0 0 0.9452875852584839 1184.994140625 187.20628356933594 1242.0 216.37770080566406 3.9995043 1.530831 1.7452345 35.756886 2.406823 41.955036 1.651096224784851 0.1670423299074173
Car 0.0 0 1.143343210220337 1154.1351318359375 195.6903076171875 1241.016845703125 234.6687774658203 3.6314292 1.5369425 1.6934668 26.493803 2.6354945 32.725975 1.8238892555236816 0.14877668023109436
