Pedestrian 0.0 0 1.2445940971374512 556.316650390625 131.2425079345703 603.4076538085938 230.6272430419922 0.89101046 1.8457959 0.6553405 -0.538486 0.9326121 13.659706 1.205193042755127 0.711355984210968
Pedestrian 0.0 0 -3.118300437927246 894.365234375 121.82910919189453 998.7531127929688 332.97515869140625 0.7903995 1.7232362 0.6125302 2.9450073 1.246109 6.2166085 -2.675887107849121 0.6428623795509338
Pedestrian 0.0 0 1.0702966451644897 430.8501281738281 138.361328125 472.48785400390625 225.66419982910156 0.74126333 1.8132509 0.587446 -3.33039 0.9396679 15.152583 0.8539464473724365 0.5985221266746521
Pedestrian 0.0 0 1.4806506633758545 523.43505859375 139.49423217773438 560.3518676757812 226.92938232421875 0.88979787 1.8555301 0.72575206 -1.4341763 0.98693454 15.503206 1.3884048461914062 0.5921392440795898
Pedestrian 0.0 0 0.860325813293457 861.9144287109375 120.1634750366211 969.0667724609375 306.197998046875 0.8251776 1.775984 0.61102647 3.1032887 1.2016767 7.2301817 1.2657595872879028 0.5782082080841064
Pedestrian 0.0 0 -0.14381670951843262 679.709716796875 145.72283935546875 710.5352783203125 206.09181213378906 0.8784029 1.8508404 0.55154246 2.761477 0.78617156 21.956251 -0.018701866269111633 0.5765699744224548
Pedestrian 0.0 0 1.3839434385299683 604.178466796875 124.82987213134766 644.1071166992188 222.00177001953125 0.8702307 1.8429469 0.62964195 0.3229803 0.78875095 13.885384 1.407199740409851 0.5421775579452515
Pedestrian 0.0 0 0.9656396508216858 807.34326171875 123.49024963378906 940.5247192382812 355.630126953125 0.79978245 1.6781783 0.6355802 2.0396566 1.2677577 5.5733805 1.316464900970459 0.4717969298362732
Pedestrian 0.0 0 1.3517048358917236 551.5452270507812 134.06349182128906 586.4736938476562 217.72412109375 0.7734252 1.8425276 0.6354102 -0.8626854 0.82143235 16.024984 1.297922968864441 0.3207705616950989
Pedestrian 0.0 0 1.0281370878219604 783.8297729492188 138.90663146972656 890.1727905273438 339.0948181152344 0.7668412 1.6868203 0.60071063 2.025348 1.3380519 6.395755 1.3348170518875122 0.3041091561317444
Pedestrian 0.0 0 -2.6830050945281982 490.905029296875 150.04124450683594 531.5438842773438 227.3766326904297 0.8087136 1.8297842 0.5678452 -2.30575 1.1107224 17.122162 -2.816864490509033 0.2832476794719696
Pedestrian 0.0 0 2.4922306537628174 590.433349609375 140.83486938476562 630.422119140625 215.94827270507812 0.8112783 1.8385266 0.59516996 0.09934939 0.86925447 17.782728 2.4978175163269043 0.2825087010860443
Pedestrian 0.0 0 -2.094635486602783 67.7217788696289 153.9554901123047 105.93714141845703 216.02818298339844 0.67185205 1.7930613 0.6623545 -15.31811 1.0278528 20.857435 -2.728090286254883 0.27502191066741943
Pedestrian 0.0 0 0.6816067099571228 450.4484558105469 142.8040313720703 496.6324462890625 227.04330444335938 0.8173756 1.8328683 0.6077821 -2.9836042 1.0143005 15.840566 0.4954357147216797 0.26074451208114624
Pedestrian 0.0 0 0.8078447580337524 236.74783325195312 128.54623413085938 348.9348449707031 239.43435668945312 1.7611371 1.7338758 0.660684 -5.2107253 0.92316985 11.689937 0.3885352611541748 0.11349556595087051
Cyclist 0.0 0 0.8722330331802368 234.9324951171875 128.14552307128906 341.86431884765625 238.5791473388672 1.7439884 1.7226912 0.63836014 -5.288574 0.9076533 11.689506 0.44736790657043457 0.5269721150398254
Cyclist 0.0 0 -2.5627644062042236 620.031982421875 156.42088317871094 670.9791870117188 203.40188598632812 1.8307346 1.7043772 0.67650944 1.4803398 0.8323549 26.460512 -2.5068774223327637 0.22669383883476257
Cyclist 0.0 0 1.30219566822052 596.4757080078125 126.24383544921875 642.7383422851562 225.59927368164062 0.9828082 1.875523 0.6687871 0.2320506 0.85297024 13.901162 1.3188869953155518 0.17029252648353577
Car 0.0 0 1.908900499343872 0.0 26.104589462280273 286.07183837890625 370.0 4.076475 1.6187415 1.6115373 -3.116371 1.1746773 4.2215233 1.2729878425598145 0.253731369972229
