Pedestrian 0.0 0 1.3728700876235962 729.4252319335938 163.07632446289062 762.8978271484375 236.64430236816406 0.87557906 1.7302952 0.62883526 3.447507 1.298179 17.330677 1.5692318677902222 0.6249933242797852
Pedestrian 0.0 0 2.1668219566345215 201.8421173095703 158.15762329101562 297.7598571777344 312.5555114746094 0.80262804 1.6754822 0.65134543 -4.0566163 1.4235344 8.234931 1.7091032266616821 0.5432648062705994
Pedestrian 0.0 0 -3.103950262069702 642.6432495117188 165.57028198242188 678.9064331054688 229.2654571533203 0.98975927 1.7501348 0.66527313 1.6389905 1.3135927 20.123873 -3.0226845741271973 0.4979635179042816
Pedestrian 0.0 0 2.419705390930176 783.3789672851562 136.3588104248047 833.4375610351562 220.33958435058594 0.87799186 1.8309543 0.63800186 4.6100035 0.8480067 16.135109 2.6980035305023193 0.45237019658088684
Pedestrian 0.0 0 -1.4819846153259277 773.2608642578125 138.7726287841797 810.1944580078125 232.1454620361328 0.7793667 1.790816 0.64401835 3.743293 0.97259474 14.250215 -1.225104808807373 0.3908125162124634
Pedestrian 0.0 0 -2.829249143600464 595.4903564453125 159.8435821533203 663.572998046875 310.2055969238281 0.6500744 1.7024692 0.6258503 0.29532883 1.4586164 8.535506 -2.7946629524230957 0.38804882764816284
Pedestrian 0.0 0 -1.8696486949920654 424.4259338378906 170.93603515625 450.8925476074219 227.37464904785156 0.6821404 1.7511196 0.6437708 -5.214642 1.4244628 22.741535 -2.095052480697632 0.3512732982635498
Pedestrian 0.0 0 -1.3415873050689697 205.6666259765625 154.20596313476562 247.7536163330078 232.97683715820312 0.79293495 1.7634665 0.69990414 -8.656827 1.1536435 16.550333 -1.8235127925872803 0.3370445668697357
Pedestrian 0.0 0 0.10844741761684418 363.806396484375 175.32891845703125 382.34326171875 214.77969360351562 0.7441587 1.7826455 0.6390914 -10.44878 1.5047336 32.84345 -0.19956643879413605 0.3333718478679657
Pedestrian 0.0 0 -0.15345928072929382 661.899658203125 154.155029296875 737.8236083984375 300.90216064453125 0.8387386 1.7416189 0.6054171 1.1486413 1.4184289 8.835462 -0.02418079599738121 0.31196293234825134
Pedestrian 0.0 0 -2.786892890930176 380.6080627441406 174.4488067626953 399.0621643066406 212.31126403808594 0.66422766 1.7691101 0.6138897 -9.990566 1.440565 33.890156 -3.0735654830932617 0.3025183379650116
Pedestrian 0.0 0 -1.6006852388381958 708.9212646484375 162.40231323242188 724.81005859375 206.0456085205078 0.7891081 1.7887436 0.627326 4.7792907 1.007004 29.870285 -1.442028522491455 0.28893283009529114
Pedestrian 0.0 0 -1.365285873413086 709.266845703125 161.0489501953125 744.539794921875 228.16258239746094 1.7698091 1.7559215 0.60905147 3.4323575 1.2220228 19.726316 -1.19301176071167 0.19528800249099731
Pedestrian 0.0 0 1.994103193283081 85.3089828491211 141.99398803710938 294.02301025390625 374.0 1.7346004 1.6758729 0.55382675 -2.7227476 1.4575719 4.880381 1.4852176904678345 0.1649826020002365
Cyclist 0.0 0 1.994103193283081 85.3089828491211 141.99398803710938 294.02301025390625 374.0 1.7346004 1.6758729 0.55382675 -2.7227476 1.4575719 4.880381 1.4852176904678345 0.8200192451477051
Cyclist 0.0 0 1.6364387273788452 433.6158142089844 168.27804565429688 471.1837158203125 261.5040283203125 1.7885908 1.7901529 0.64235234 -3.0688412 1.5375164 14.721407 1.4309208393096924 0.7851317524909973
Cyclist 0.0 0 1.822473406791687 381.3194885253906 163.52313232421875 461.489990234375 299.37896728515625 1.779815 1.7656901 0.6876549 -2.558741 1.5333792 10.225553 1.5772781372070312 0.7640784978866577
Cyclist 0.0 0 -1.3698614835739136 708.464599609375 160.28280639648438 744.3372192382812 227.9694061279297 1.8576863 1.7803425 0.6226027 3.4450982 1.2234409 19.869991 -1.1981861591339111 0.5912986397743225
Cyclist 0.0 0 1.7523143291473389 15.877490043640137 170.0823211669922 74.93383026123047 268.00103759765625 1.7386267 1.6320274 0.53399986 -9.964291 1.4430131 12.864773 1.0932912826538086 0.3543001115322113
Cyclist 0.0 0 -3.1191158294677734 640.3258056640625 166.02947998046875 687.2398071289062 229.2339630126953 1.2867343 1.7338523 0.64868635 1.718009 1.310613 20.094719 -3.033827781677246 0.28549206256866455
Cyclist 0.0 0 -1.5959842205047607 770.0460815429688 136.84422302246094 803.2711791992188 231.6114501953125 1.2206599 1.8196483 0.6108563 3.6733963 0.9634571 14.453186 -1.3470957279205322 0.2105209231376648
Cyclist 0.0 0 1.291890025138855 727.625244140625 162.40713500976562 763.47265625 237.1069793701172 0.90869474 1.752622 0.61882806 3.432049 1.3058649 17.329636 1.4874051809310913 0.1293153166770935
Car 0.0 0 1.6863155364990234 483.47381591796875 169.9111328125 521.9812622070312 202.5886688232422 4.2501345 1.793042 1.7293379 -5.6522985 1.157972 41.554653 1.5511243343353271 0.6436032056808472
