Pedestrian 0.0 0 -0.500419020652771 1018.3616943359375 139.41195678710938 1082.568359375 238.56329345703125 0.8039358 1.795175 0.6499914 8.116919 1.1900512 13.403384 0.044098615646362305 0.41177475452423096
Cyclist 0.0 0 -1.2993755340576172 0.0 183.63583374023438 35.31770324707031 262.82000732421875 1.6256669 1.6050276 0.38172513 -13.022908 1.8517609 15.665399 -1.9929225444793701 0.37443801760673523
Car 0.0 0 -1.8301318883895874 716.487548828125 179.41123962402344 891.349609375 293.2369689941406 4.186809 1.4641291 1.6125201 2.8225226 1.5893939 11.631522 -1.5920718908309937 0.899686336517334
Car 0.0 0 -2.5006680488586426 0.0 190.73049926757812 318.8934020996094 319.8317565917969 3.8673296 1.4038693 1.5694691 -5.9274507 1.6491189 8.986479 -3.0837600231170654 0.850226879119873
Car 0.0 0 -1.677459955215454 671.509033203125 174.12342834472656 725.6250610351562 216.85423278808594 3.6759174 1.4676694 1.5915498 3.1693897 1.5183194 26.736393 -1.559468388557434 0.8325017094612122
Car 0.0 0 0.6232180595397949 70.45376586914062 190.4569854736328 353.8354797363281 293.712158203125 3.7826679 1.4667617 1.5911263 -6.350193 1.775514 11.616669 0.1229543685913086 0.7847766876220703
Car 0.0 0 0.5374199748039246 169.68638610839844 184.0626983642578 391.76837158203125 265.5857849121094 3.7054405 1.4669743 1.5779392 -6.4633822 1.7040186 14.243374 0.11142563819885254 0.77208012342453
Car 0.0 0 3.2834951877593994 405.07147216796875 175.46310424804688 512.8873291015625 213.0771484375 4.237683 1.5218849 1.6668122 -6.3098073 1.6352805 30.291208 3.078127145767212 0.6408780217170715
Car 0.0 0 0.7478918433189392 0.0 194.08084106445312 165.35128784179688 375.0 3.7602363 1.4116987 1.5492632 -6.2506948 1.6196573 6.202182 -0.04140206053853035 0.6371798515319824
Car 0.0 0 -1.6474498510360718 667.0335693359375 171.94979858398438 710.8239135742188 208.67453002929688 3.8555481 1.5294309 1.6263231 3.4009397 1.4921329 31.996986 -1.541558027267456 0.4832775592803955
Car 0.0 0 0.37928539514541626 364.5979919433594 180.13563537597656 505.0049743652344 229.52996826171875 4.1432896 1.5159755 1.6495411 -5.7198896 1.7654822 23.577187 0.1412808895111084 0.43808773159980774
