Pedestrian 0.0 0 2.332796812057495 62.14211654663086 156.34823608398438 189.27659606933594 285.6385803222656 1.5409467 1.6749555 0.5839407 -6.808106 1.4614811 10.153743 1.7421436309814453 0.187500461935997
Pedestrian 0.0 0 2.0124526023864746 182.37820434570312 138.4942169189453 253.05751037597656 231.03228759765625 1.7683107 1.8016413 0.58851385 -8.133076 1.133042 14.944428 1.514056921005249 0.14269275963306427
Pedestrian 0.0 0 -1.0421931743621826 40.54012680053711 126.63890075683594 140.73394775390625 245.64398193359375 1.691755 1.7262301 0.49146694 -8.149367 1.0562141 11.328902 -1.665783405303955 0.11142479628324509
Cyclist 0.0 0 1.9668540954589844 180.73655700683594 141.35684204101562 248.75067138671875 233.03004455566406 1.8010567 1.7677126 0.57836646 -8.136027 1.1607182 14.836473 1.4652553796768188 0.5071936249732971
Cyclist 0.0 0 2.438913583755493 57.53497314453125 156.26284790039062 190.9674072265625 284.51007080078125 1.5613841 1.6518323 0.5593278 -6.804728 1.4384949 10.118064 1.8468608856201172 0.43576690554618835
Cyclist 0.0 0 -1.0421931743621826 40.54012680053711 126.63890075683594 140.73394775390625 245.64398193359375 1.691755 1.7262301 0.49146694 -8.149367 1.0562141 11.328902 -1.665783405303955 0.3861861228942871
Car 0.0 0 1.7301695346832275 437.46258544921875 189.35739135742188 527.81689453125 258.8605651855469 4.0040064 1.4678905 1.6173565 -3.1361682 1.9306316 18.201935 1.5595461130142212 0.8773587942123413
Car 0.0 0 -1.8020939826965332 668.6317138671875 188.6533203125 792.2505493164062 273.8905029296875 3.9739637 1.4332952 1.6046041 2.278184 1.8054663 14.93286 -1.6506996154785156 0.846258819103241
Car 0.0 0 -1.1436636447906494 0.0 192.513427734375 403.3043518066406 375.0 4.2512665 1.4472975 1.6214865 -2.7160347 1.6401701 4.878746 -1.6516419649124146 0.8267756700515747
Car 0.0 0 -1.847765326499939 729.0516967773438 184.066162109375 947.3786010742188 326.9557189941406 4.133891 1.4462568 1.6058911 2.7017553 1.6295162 9.696442 -1.576024055480957 0.8141653537750244
Car 0.0 0 -2.0791444778442383 782.2589721679688 167.5636749267578 1242.0 375.0 3.6770449 1.5672393 1.5914391 2.3547983 1.5471656 4.65262 -1.6106103658676147 0.7747920751571655
Car 0.0 0 1.5930397510528564 527.8054809570312 182.68569946289062 558.5401000976562 212.12567138671875 3.9625485 1.4842919 1.6007413 -3.675496 2.0542228 39.76523 1.5008717775344849 0.6080725789070129
Car 0.0 0 -1.6831696033477783 626.5906982421875 177.48306274414062 659.022705078125 203.2322235107422 3.861018 1.5194224 1.6015961 1.9840717 1.8229201 45.267246 -1.6393674612045288 0.5054068565368652
