Pedestrian 0.0 0 1.316502571105957 0.0 141.9831085205078 45.3570442199707 244.64163208007812 0.83095104 1.8382998 0.6120527 -11.066672 1.2858545 13.409292 0.6265246868133545 0.1967645138502121
Pedestrian 0.0 0 -2.4124419689178467 393.9622802734375 160.15335083007812 412.4300231933594 198.40232849121094 0.61429805 1.9085261 0.65826553 -10.477689 1.2751539 36.42997 -2.692495107650757 0.1469804346561432
Pedestrian 0.0 0 -3.1584558486938477 713.8616943359375 168.99215698242188 737.4059448242188 221.82032775878906 0.79616904 1.8097912 0.61242825 3.968506 1.6778499 25.074545 -3.0014894008636475 0.14558124542236328
Pedestrian 0.0 0 -0.5553320050239563 729.279296875 171.57130432128906 754.62744140625 222.5723419189453 0.6771458 1.7938311 0.5976199 4.6678953 1.7490733 25.7778 -0.37619122862815857 0.14072979986667633
Cyclist 0.0 0 3.418084144592285 235.80897521972656 181.71046447753906 282.68792724609375 221.19290161132812 1.7481103 1.7027624 0.6493254 -15.485181 2.099296 31.80058 2.9649338722229004 0.13270244002342224
Cyclist 0.0 0 0.7664828896522522 32.192710876464844 180.73391723632812 111.43238067626953 253.0357666015625 1.6020632 1.7378185 0.5972079 -13.333114 1.9371555 17.821573 0.12417030334472656 0.1227269247174263
Car 0.0 0 3.1297318935394287 247.34371948242188 186.696533203125 413.261962890625 250.45730590820312 4.2155247 1.6070697 1.7255636 -7.8977094 2.0302782 20.454584 2.7612571716308594 0.8249656558036804
Car 0.0 0 1.6214584112167358 475.13116455078125 183.48638916015625 522.1942749023438 226.5530242919922 3.8894842 1.4943298 1.6126168 -4.304945 1.9377134 28.045439 1.4691482782363892 0.7521721720695496
Car 0.0 0 2.609966278076172 666.5125122070312 174.41680908203125 742.3988037109375 205.10647583007812 3.5861814 1.5235642 1.5973634 4.857764 1.6080501 37.401 2.739126443862915 0.19465559720993042
Car 0.0 0 1.4125314950942993 475.30450439453125 176.0640869140625 502.88470458984375 196.33995056152344 3.7607353 1.5448017 1.595739 -9.714862 1.8107257 57.6523 1.2455919981002808 0.18621186912059784
Car 0.0 0 0.8936136364936829 1019.505859375 99.2306137084961 1242.0 375.0 3.860604 1.5418688 1.5891807 4.712809 1.21034 5.2222924 1.6277755498886108 0.11739346385002136
