Pedestrian 0.0 0 -1.8447695970535278 713.035400390625 168.02169799804688 743.8568115234375 227.3919219970703 0.9882531 1.8063675 0.70427066 3.6351767 1.6597005 22.481255 -1.6844590902328491 0.5158921480178833
Pedestrian 0.0 0 -1.873599648475647 1155.02587890625 134.65957641601562 1207.7537841796875 228.94105529785156 0.83114654 1.8119117 0.5999879 11.303981 1.0782449 14.359006 -1.2066879272460938 0.22613736987113953
Pedestrian 0.0 0 -0.3348832130432129 1173.1119384765625 112.93760681152344 1242.0 261.6294860839844 0.75947344 1.7949258 0.58126897 7.6298876 1.0720061 9.113572 0.3621330261230469 0.2171395868062973
Pedestrian 0.0 0 1.7816529273986816 944.3706665039062 137.83958435058594 976.9354248046875 209.60653686523438 0.78934115 1.8440108 0.62290645 9.208648 0.94469345 19.039501 2.2321434020996094 0.21147026121616364
Cyclist 0.0 0 -1.5802738666534424 762.6729125976562 165.20973205566406 780.2894287109375 224.82550048828125 1.8865516 1.8049947 0.52025914 5.049936 1.5739064 22.82003 -1.3624895811080933 0.2955913841724396
Cyclist 0.0 0 1.989896297454834 0.0 187.3247528076172 52.843997955322266 274.93072509765625 1.7581176 1.6589173 0.60608655 -12.326296 1.9766743 14.895179 1.2985892295837402 0.2118050754070282
Cyclist 0.0 0 1.4881227016448975 719.9630126953125 133.8181915283203 737.2850952148438 184.7962188720703 1.4480453 1.8278157 0.50902474 4.322707 0.4285458 26.6097 1.6491644382476807 0.19370819628238678
Cyclist 0.0 0 -1.8681950569152832 713.1324462890625 167.2577667236328 744.0050659179688 227.1970977783203 1.0246738 1.8176167 0.674054 3.6304524 1.6482728 22.430906 -1.7077360153198242 0.16509872674942017
Car 0.0 0 1.690462589263916 399.47454833984375 182.0186309814453 473.12225341796875 243.5178985595703 3.5047693 1.4650203 1.5287523 -4.663762 1.737058 19.558607 1.4563831090927124 0.8722978830337524
Car 0.0 0 2.4864308834075928 505.45867919921875 175.6149139404297 580.8435668945312 203.7891082763672 4.266753 1.5593671 1.6896795 -3.9198182 1.7299253 42.407833 2.394261360168457 0.641033411026001
Car 0.0 0 2.6631476879119873 620.4214477539062 170.5311737060547 697.8028564453125 196.89878845214844 4.6349854 1.6139531 1.7274126 3.098424 1.4721313 45.88004 2.7305784225463867 0.5930272340774536
Car 0.0 0 1.1547296047210693 346.2913818359375 179.96730041503906 428.3690185546875 220.8126220703125 4.1700735 1.5019503 1.635908 -9.16561 1.8126776 29.371603 0.8522484302520752 0.580151379108429
