Pedestrian 0.0 0 2.725083589553833 788.0181274414062 168.3816680908203 840.8012084960938 268.5024719238281 0.7617985 1.7903184 0.5790894 3.6916564 1.7107038 13.240904 2.996985673904419 0.3451159596443176
Pedestrian 0.0 0 3.610670566558838 196.36631774902344 169.57801818847656 261.1078796386719 282.4398193359375 0.76661026 1.8018479 0.56109184 -6.278822 1.7499044 11.804728 3.1218371391296387 0.33236029744148254
Pedestrian 0.0 0 3.706343412399292 75.83839416503906 172.06138610839844 168.5160369873047 314.2771911621094 0.801881 1.7617273 0.5716714 -6.2799797 1.7522663 9.234156 3.1091108322143555 0.29723331332206726
Pedestrian 0.0 0 3.4299256801605225 286.2024841308594 181.33946228027344 331.9722595214844 270.2370300292969 0.72902673 1.7965406 0.6362221 -6.2973356 1.9775522 15.002735 3.0325138568878174 0.2734130322933197
Pedestrian 0.0 0 1.4527446031570435 854.4327392578125 182.7542266845703 900.8845825195312 304.5169982910156 0.7614846 1.7396203 0.562784 3.9444678 1.8943362 10.811806 1.8025691509246826 0.24753746390342712
Pedestrian 0.0 0 -1.1151366233825684 305.2715759277344 194.94265747070312 352.586181640625 265.9992370605469 1.199119 1.770293 0.7066383 -7.428105 2.3712656 18.989914 -1.487999677658081 0.19611269235610962
Pedestrian 0.0 0 1.8236597776412964 668.8187255859375 160.33172607421875 690.7444458007812 210.55621337890625 0.95321757 1.9020877 0.6261604 2.6587694 1.4282058 27.877926 1.9187440872192383 0.17591729760169983
Pedestrian 0.0 0 -3.329047918319702 896.1209716796875 166.3795166015625 956.6405639648438 282.0013427734375 0.7881121 1.80438 0.63480794 5.0417075 1.7036978 11.653503 -2.9207286834716797 0.1568153202533722
Cyclist 0.0 0 2.927368640899658 415.56170654296875 176.83575439453125 453.1622314453125 210.8233642578125 1.8235269 1.7636721 0.75177056 -9.370571 1.9797442 38.349438 2.6877174377441406 0.21295610070228577
Cyclist 0.0 0 -1.1913232803344727 303.3948974609375 193.79075622558594 351.9736022949219 265.6541748046875 1.4285167 1.7730174 0.71064085 -7.43309 2.3435974 18.9325 -1.5654428005218506 0.20085018873214722
Car 0.0 0 -1.4832279682159424 439.7058410644531 184.81910705566406 503.0927429199219 241.09742736816406 3.421118 1.5630442 1.6531967 -4.3057737 1.9675057 22.580997 -1.6716474294662476 0.8321751952171326
Car 0.0 0 3.4875805377960205 88.75933074951172 177.69708251953125 328.7308349609375 261.6482238769531 4.4159827 1.7477753 1.7995234 -8.9613 1.8664056 16.389248 2.987213373184204 0.7965918779373169
Car 0.0 0 1.6339118480682373 476.24359130859375 182.44117736816406 522.8232421875 224.71754455566406 3.9351997 1.5347288 1.6143475 -4.438642 1.9493334 29.142792 1.4827667474746704 0.7535380125045776
