Pedestrian 0.0 0 3.0734987258911133 244.5709228515625 148.17623901367188 339.70965576171875 321.2222595214844 0.87101203 1.7002538 0.5671371 -3.3293533 1.3843538 7.397506 2.6505913734436035 0.4923129975795746
Pedestrian 0.0 0 -2.4415056705474854 248.5553741455078 168.65968322753906 302.43310546875 260.13677978515625 0.6896371 1.7078393 0.640158 -6.3718185 1.4884223 13.59374 -2.8798272609710693 0.32786470651626587
Pedestrian 0.0 0 -1.7112702131271362 837.977783203125 172.4309844970703 869.8558959960938 243.06283569335938 0.76548773 1.738404 0.65543747 6.2338157 1.5414052 17.836227 -1.3750381469726562 0.21242386102676392
Pedestrian 0.0 0 -2.324922561645508 1163.9578857421875 162.71142578125 1224.0 264.056640625 0.77245885 1.6696087 0.6227942 10.10647 1.3782028 12.046356 -1.6268699169158936 0.16979630291461945
Pedestrian 0.0 0 -0.6430906057357788 49.447601318359375 189.4957733154297 107.35807037353516 249.0530548095703 1.2262555 1.6481581 0.60494316 -15.239311 1.9183949 20.438581 -1.2837793827056885 0.1584770530462265
Pedestrian 0.0 0 -0.7765144109725952 981.2744140625 193.45330810546875 1121.544677734375 370.0 0.6648336 1.6175811 0.5888738 3.2633781 1.7227585 5.282186 -0.22310343384742737 0.15413746237754822
Pedestrian 0.0 0 2.4672963619232178 750.4486694335938 128.04354858398438 810.3785400390625 234.91903686523438 0.82294196 1.804676 0.6022031 3.0241406 0.92055666 12.380488 2.706871747970581 0.14912927150726318
Cyclist 0.0 0 1.7157217264175415 75.14354705810547 157.15489196777344 123.14500427246094 253.0249786376953 1.6931562 1.6716981 0.49236903 -9.453562 1.2662717 13.189034 1.0938262939453125 0.22912779450416565
Cyclist 0.0 0 0.4690743088722229 36.27985763549805 190.20802307128906 107.94243621826172 250.96157836914062 1.5126314 1.6974694 0.6630548 -15.356859 1.9849182 20.356642 -0.17723089456558228 0.20281745493412018
Cyclist 0.0 0 1.1256163120269775 0.0 179.84625244140625 58.073062896728516 262.5722351074219 1.7665416 1.5882126 0.59610456 -11.888861 1.577295 14.207625 0.42883896827697754 0.19232946634292603
Cyclist 0.0 0 1.6314629316329956 967.3077392578125 145.00033569335938 1012.9307250976562 261.7102966308594 1.6397731 1.7664887 0.55977863 6.260846 1.230836 11.540488 2.1285386085510254 0.15044152736663818
Car 0.0 0 1.7880182266235352 53.39497375488281 187.34266662597656 133.82814025878906 230.7130889892578 4.0705967 1.4477587 1.5967773 -19.051208 1.7266275 26.47116 1.164194941520691 0.2128317952156067
Car 0.0 0 -1.4253709316253662 775.787841796875 189.9522705078125 877.238037109375 270.8298645019531 3.7614965 1.4928555 1.594846 4.933286 1.7298404 15.562527 -1.1183936595916748 0.12913350760936737
