Car 0.0 0 -1.8466191291809082 746.0586547851562 191.234375 947.0294189453125 329.6485900878906 3.5108442 1.4098905 1.5540074 2.8419514 1.6993371 9.580649 -1.5582528114318848 0.9195395708084106
Car 0.0 0 0.6478874087333679 0.0 180.84051513671875 316.7923889160156 296.9798889160156 3.6344268 1.4038478 1.523801 -6.1418643 1.5224055 9.760413 0.08622860908508301 0.8384183049201965
Car 0.0 0 0.5520649552345276 99.26237487792969 183.86769104003906 388.64154052734375 281.48773193359375 4.1028624 1.4767586 1.6118468 -6.07513 1.6770768 12.115568 0.08727264404296875 0.7890423536300659
Car 0.0 0 -0.30720120668411255 806.4166870117188 174.50543212890625 1047.955078125 252.0929718017578 4.200028 1.4656662 1.6228325 6.233547 1.501923 14.676125 0.09444975852966309 0.7681640386581421
Car 0.0 0 -1.6534082889556885 637.2171020507812 178.98272705078125 670.4048461914062 206.7887420654297 4.197873 1.5635277 1.6520462 2.5677686 1.9524148 43.620903 -1.594610571861267 0.7286096215248108
Car 0.0 0 0.4294069707393646 154.6112060546875 177.38211059570312 375.0927734375 251.03622436523438 3.73397 1.4028565 1.5380391 -6.9296403 1.5000256 14.630667 -0.012929522432386875 0.722916841506958
Car 0.0 0 -2.7338485717773438 293.5987548828125 180.39456176757812 454.3309326171875 238.0924072265625 3.8510134 1.4766386 1.6035646 -6.422305 1.6930515 19.694723 -3.0490684509277344 0.6883316040039062
Car 0.0 0 3.7723138332366943 0.0 196.9127960205078 278.7026062011719 361.02099609375 3.8535304 1.4120233 1.5534507 -5.68867 1.6834594 7.2891316 3.109619140625 0.6544420719146729
Car 0.0 0 2.818241834640503 704.226318359375 180.43524169921875 807.3404541015625 220.1807861328125 3.6125188 1.4673493 1.5724744 5.581425 1.7728266 28.028389 3.014805316925049 0.5841512084007263
Car 0.0 0 -2.6653831005096436 247.19125366210938 183.96524047851562 434.26275634765625 248.51918029785156 3.879527 1.4126046 1.566625 -6.3777447 1.6925663 17.144035 -3.02152943611145 0.5707732439041138
Car 0.0 0 3.348771095275879 342.2769470214844 179.9981689453125 475.07415771484375 231.07376098632812 3.9828217 1.6066802 1.6695108 -6.632474 1.8534192 23.921907 3.0783095359802246 0.5648843050003052
Car 0.0 0 3.3726069927215576 354.101806640625 161.24813842773438 488.0748596191406 209.47293090820312 4.495422 1.7146686 1.7376982 -6.916256 1.3023716 26.573727 3.1179890632629395 0.5009587407112122
Car 0.0 0 -0.585551381111145 754.6771240234375 177.61761474609375 906.3150634765625 232.28131103515625 3.8691947 1.4262036 1.5755693 6.155268 1.5696707 20.36244 -0.2919992506504059 0.48342594504356384
