Pedestrian 0.0 0 1.4237799644470215 758.6465454101562 173.28579711914062 772.88232421875 209.82327270507812 0.74567264 1.7680078 0.57684654 7.5814548 1.7897332 35.311527 1.6352711915969849 0.26283207535743713
Pedestrian 0.0 0 0.8801877498626709 136.27000427246094 192.14552307128906 216.18353271484375 332.1158142089844 0.66123194 1.68183 0.5808744 -5.550883 1.9372919 9.155582 0.335160493850708 0.2572576105594635
Cyclist 0.0 0 0.6629701852798462 0.0 187.27972412109375 134.43881225585938 289.542236328125 1.7843776 1.5991282 0.7462883 -8.949361 1.8426222 11.7735615 0.013021469116210938 0.34501710534095764
Car 0.0 0 -1.8397479057312012 713.5585327148438 183.7670440673828 905.2401733398438 308.7003173828125 4.018853 1.4178665 1.599192 2.6048672 1.6088647 10.571264 -1.5981507301330566 0.8785477876663208
Car 0.0 0 -2.152883768081665 822.8012084960938 184.25689697265625 1242.0 375.0 3.812991 1.4630542 1.5959561 2.7587857 1.5678445 4.662929 -1.618632435798645 0.8477551341056824
Car 0.0 0 -2.837412118911743 381.2829895019531 180.13453674316406 466.43939208984375 214.97181701660156 3.471388 1.5398705 1.5923204 -8.549339 1.88363 33.145237 -3.089845657348633 0.7433656454086304
Car 0.0 0 1.4212620258331299 676.1461791992188 171.44493103027344 712.1068725585938 200.70960998535156 4.1231856 1.798926 1.6946772 5.3329473 1.7126672 46.440983 1.5355939865112305 0.5976238250732422
Car 0.0 0 1.668665885925293 559.9027099609375 178.25155639648438 590.1873168945312 203.40972900390625 3.9575386 1.5605093 1.6197426 -2.2979176 1.9323087 47.63455 1.6204626560211182 0.5670849680900574
Car 0.0 0 0.17501775920391083 460.59149169921875 180.58815002441406 538.0313110351562 211.44725036621094 3.6759353 1.5177426 1.6128628 -5.6357474 1.9212328 36.75813 0.022882699966430664 0.2517193853855133
Car 0.0 0 1.0940512418746948 648.529541015625 176.1699981689453 690.2960815429688 199.17364501953125 3.7002926 1.6474061 1.6073059 4.401668 1.9064497 54.26862 1.174983024597168 0.21141071617603302
