Pedestrian 0.0 0 -1.5068391561508179 451.3844299316406 165.38011169433594 479.33782958984375 235.72523498535156 0.70342577 1.7504116 0.6552181 -3.7188702 1.5647954 18.344316 -1.7068544626235962 0.5365278124809265
Pedestrian 0.0 0 -3.186234951019287 826.7407836914062 145.93533325195312 859.5145263671875 223.35548400878906 0.7013824 1.7707808 0.6049699 5.3979077 1.1554458 16.884241 -2.876803398132324 0.30699509382247925
Car 0.0 0 -1.3792362213134766 378.0160217285156 175.60411071777344 532.5118408203125 287.5035095214844 3.9993992 1.4273535 1.58787 -2.2631023 1.4784465 11.303942 -1.5768285989761353 0.881161093711853
Car 0.0 0 -1.858278751373291 749.8077392578125 162.74301147460938 992.1182250976562 324.7230529785156 3.623163 1.4933118 1.6011435 2.7054381 1.4004552 8.477511 -1.5493640899658203 0.8796009421348572
Car 0.0 0 -1.6818270683288574 678.7581787109375 172.19607543945312 728.8140258789062 211.0184783935547 3.8429668 1.4964235 1.6150681 3.7575483 1.4714215 29.742281 -1.5561559200286865 0.8218273520469666
Car 0.0 0 -1.3454431295394897 461.72222900390625 176.20263671875 573.3496704101562 253.6085662841797 4.1885576 1.5295372 1.6341298 -2.0240736 1.6170564 16.61021 -1.4667024612426758 0.7851474285125732
Car 0.0 0 -1.7654908895492554 717.9619140625 177.0740509033203 840.8965454101562 263.0115661621094 3.733262 1.415972 1.5720781 3.065518 1.508972 13.953948 -1.5492379665374756 0.7132632732391357
Car 0.0 0 -1.4964412450790405 581.4037475585938 172.55726623535156 613.3754272460938 198.8431396484375 4.0324273 1.5175537 1.6432505 -0.7536257 1.5007807 43.713413 -1.5136797428131104 0.570279598236084
Car 0.0 0 -1.2273144721984863 485.0081481933594 176.85536193847656 575.1983032226562 232.06723022460938 3.6506152 1.5139673 1.595955 -2.386593 1.6473745 22.027964 -1.3352372646331787 0.37806782126426697
Car 0.0 0 -1.7288798093795776 665.8399658203125 171.61912536621094 705.576171875 200.2119140625 4.150042 1.5968609 1.6802962 4.3607526 1.5282536 42.412487 -1.6264221668243408 0.32822170853614807
