Pedestrian 0.0 0 -0.7934955954551697 684.699951171875 170.555908203125 725.3428955078125 245.167236328125 0.72599787 1.6887581 0.6016395 2.1614542 1.637101 16.789347 -0.6654602289199829 0.29163986444473267
Pedestrian 0.0 0 0.42639410495758057 74.67776489257812 165.36619567871094 128.8331298828125 252.99032592773438 0.6960575 1.7315303 0.6417424 -10.348047 1.5839226 14.63603 -0.1890314221382141 0.14206263422966003
Pedestrian 0.0 0 2.0513854026794434 368.0029296875 166.11599731445312 404.00762939453125 235.6337890625 0.744632 1.7646095 0.62001884 -5.8571777 1.593933 18.733675 1.748359203338623 0.13352330029010773
Pedestrian 0.0 0 -1.4678008556365967 662.9026489257812 165.13555908203125 684.15185546875 219.9580078125 1.0566285 1.7482702 0.58851385 2.0378022 1.5024897 23.581087 -1.3815982341766357 0.11296212673187256
Cyclist 0.0 0 -3.284315347671509 1106.8658447265625 161.11669921875 1147.2528076171875 192.8125 1.8079141 1.8036125 0.788508 29.915838 1.1360731 41.821514 -2.6633801460266113 0.14600065350532532
Cyclist 0.0 0 1.8872382640838623 472.39971923828125 159.881591796875 489.76861572265625 190.71804809570312 1.5341364 1.83099 0.58755255 -7.822233 1.0610796 43.640694 1.7098798751831055 0.11095840483903885
Car 0.0 0 -1.4474207162857056 575.4784545898438 166.00694274902344 609.56396484375 193.68179321289062 3.4797258 1.5649314 1.5979214 -1.0270333 1.1781086 42.60859 -1.471519947052002 0.26065170764923096
Car 0.0 0 1.7056753635406494 539.2894897460938 160.7101287841797 569.8132934570312 185.30313110351562 3.7606354 1.6946919 1.6896489 -3.9586215 0.85822123 51.644497 1.6291736364364624 0.200647234916687
Car 0.0 0 1.4565966129302979 1149.1932373046875 173.8378448486328 1197.630859375 205.6698455810547 3.7569778 1.6029608 1.6107409 29.944946 1.6585504 38.47998 2.1178998947143555 0.1709548681974411
Car 0.0 0 -1.5324721336364746 1105.8883056640625 160.6569366455078 1142.1314697265625 188.88351440429688 3.5528255 1.6093814 1.6273804 30.652351 0.9143051 43.040318 -0.9136199951171875 0.155124232172966
