Pedestrian 0.0 0 1.4060548543930054 697.5867309570312 158.56100463867188 750.0635986328125 275.5163269042969 0.9615941 1.7741568 0.6649999 1.877834 1.4274875 11.375361 1.5696583986282349 0.7182307839393616
Pedestrian 0.0 0 1.5608984231948853 743.4268798828125 165.4612274169922 763.9070434570312 224.91751098632812 0.87913877 1.7941854 0.6061211 4.663717 1.3113122 22.164743 1.7682846784591675 0.6054245829582214
Pedestrian 0.0 0 -1.8982319831848145 640.0355834960938 163.99652099609375 697.1304321289062 281.9632568359375 0.9121054 1.7578871 0.62333655 0.99083066 1.4983658 11.218625 -1.8101403713226318 0.5215399861335754
Pedestrian 0.0 0 -1.50579035282135 350.6181335449219 166.47955322265625 393.756591796875 283.69744873046875 0.9652443 1.6811601 0.56231314 -3.4870367 1.4670484 10.836485 -1.8171131610870361 0.5113531351089478
Pedestrian 0.0 0 3.333148956298828 210.8057403564453 174.21583557128906 257.1087646484375 257.5206604003906 0.7768425 1.7225963 0.59946007 -7.826252 1.5732098 15.24745 2.85893177986145 0.49707382917404175
Pedestrian 0.0 0 2.8773109912872314 480.5936279296875 169.29428100585938 505.752197265625 219.12332153320312 0.7688481 1.787862 0.631949 -3.9753122 1.3509738 26.215296 2.7268166542053223 0.40384387969970703
Pedestrian 0.0 0 2.4224984645843506 761.5948486328125 151.77206420898438 799.485107421875 221.7122802734375 0.7576416 1.8122293 0.6151873 4.717637 1.0431187 19.05732 2.6651697158813477 0.3789428472518921
Pedestrian 0.0 0 0.7335000038146973 30.26886749267578 143.09947204589844 104.83589172363281 244.2517852783203 0.94277424 1.801621 0.58848107 -9.786922 1.1189423 13.128328 0.09289717674255371 0.33142027258872986
Pedestrian 0.0 0 -1.9540948867797852 689.9117431640625 166.47119140625 718.3921508789062 222.1781463623047 0.74394983 1.7526423 0.673638 3.263092 1.2809143 23.039503 -1.813400387763977 0.32190537452697754
Pedestrian 0.0 0 -2.7011497020721436 724.5272827148438 159.15504455566406 759.228515625 213.5511474609375 0.9539253 1.7700676 0.6354967 4.6497207 1.0440478 23.910494 -2.5090832710266113 0.30977657437324524
Pedestrian 0.0 0 1.4666433334350586 817.8257446289062 157.68130493164062 853.21044921875 237.18276977539062 0.9025771 1.7947501 0.6899023 5.403528 1.258256 16.726713 1.7791085243225098 0.26725271344184875
Pedestrian 0.0 0 -1.458542823791504 782.9356079101562 145.97715759277344 809.2481079101562 212.41744995117188 0.9901106 1.8848448 0.63584304 5.6556726 0.8782411 20.95303 -1.1949042081832886 0.26547086238861084
Pedestrian 0.0 0 0.6388570070266724 189.85736083984375 169.58758544921875 232.71429443359375 238.5526123046875 0.7486128 1.7694503 0.6466552 -10.236841 1.4649874 18.800331 0.1402437686920166 0.25710630416870117
Pedestrian 0.0 0 0.9645696878433228 264.502197265625 155.79318237304688 296.86456298828125 216.22801208496094 0.62857217 1.816026 0.6673747 -9.863391 1.0446765 22.031013 0.543626070022583 0.24585707485675812
Pedestrian 0.0 0 1.4242255687713623 524.9374389648438 168.30848693847656 550.8364868164062 223.09376525878906 1.7459191 1.7598797 0.6084017 -2.1615953 1.3372234 23.992552 1.3343737125396729 0.103639155626297
Cyclist 0.0 0 1.7565228939056396 490.1422424316406 167.60511779785156 534.9197387695312 257.0263671875 1.8057959 1.7753354 0.62008417 -1.8891453 1.500719 15.179282 1.6327040195465088 0.8372019529342651
Cyclist 0.0 0 1.726462721824646 559.9246215820312 168.26373291015625 589.9031982421875 231.0592041015625 1.7882056 1.7799636 0.62135285 -0.796897 1.4059198 21.283396 1.6890380382537842 0.6905039548873901
Cyclist 0.0 0 1.4788167476654053 528.512939453125 168.69873046875 551.159423828125 223.56956481933594 1.7336926 1.7588521 0.5900214 -2.0897052 1.3496134 23.928722 1.3917073011398315 0.6717398166656494
Cyclist 0.0 0 -1.6408525705337524 681.0872802734375 175.09011840820312 709.8964233398438 243.7563018798828 1.9666 1.7511458 0.624206 2.4778705 1.5888575 19.316204 -1.5132700204849243 0.32739752531051636
Cyclist 0.0 0 -2.2947723865509033 713.9451904296875 158.11245727539062 758.7210083007812 212.64256286621094 1.4923247 1.7659849 0.6455661 4.480597 1.0096622 24.066977 -2.1107077598571777 0.26221734285354614
Cyclist 0.0 0 -1.5257482528686523 351.4609375 166.53053283691406 393.0938720703125 284.3575744628906 0.9800622 1.6862586 0.5580621 -3.4819558 1.4733407 10.823866 -1.83698570728302 0.23848511278629303
Cyclist 0.0 0 1.4060548543930054 697.5867309570312 158.56100463867188 750.0635986328125 275.5163269042969 0.9615941 1.7741568 0.6649999 1.877834 1.4274875 11.375361 1.5696583986282349 0.11627709120512009
Cyclist 0.0 0 -1.458542823791504 782.9356079101562 145.97715759277344 809.2481079101562 212.41744995117188 0.9901106 1.8848448 0.63584304 5.6556726 0.8782411 20.95303 -1.1949042081832886 0.1135692223906517
Cyclist 0.0 0 1.613036870956421 765.3714599609375 147.56985473632812 790.5908813476562 218.00880432128906 0.9135874 1.8372017 0.62072283 4.708233 0.95340097 19.258253 1.8528122901916504 0.10495681315660477
