Pedestrian 0.0 0 0.35729873180389404 279.3015441894531 139.19790649414062 379.103515625 287.201171875 1.0337448 1.7705455 0.51437163 -3.4335575 1.2781347 8.719722 -0.017824698239564896 0.7832493185997009
Pedestrian 0.0 0 -0.39080867171287537 819.8193359375 184.26693725585938 870.759521484375 273.806396484375 0.7579975 1.7230103 0.6607234 4.7013574 1.8010634 13.9854145 -0.06651496142148972 0.24738416075706482
Pedestrian 0.0 0 -1.6442766189575195 839.3453979492188 171.6252899169922 868.3902587890625 242.93197631835938 0.7782477 1.7535506 0.63330996 6.234602 1.5369045 17.840559 -1.3080809116363525 0.1887655258178711
Pedestrian 0.0 0 -1.6648486852645874 1131.2646484375 199.355224609375 1224.0 370.0 0.7223463 1.6693233 0.72316957 5.2726574 1.8581427 6.5110364 -0.9841587543487549 0.18433666229248047
Pedestrian 0.0 0 -2.202786684036255 1111.317626953125 187.03399658203125 1224.0 370.0 0.6819208 1.6647356 0.67428404 4.320376 1.7187663 5.2989483 -1.51876962184906 0.16343365609645844
Pedestrian 0.0 0 -0.26037532091140747 635.3326416015625 172.76715087890625 694.9743041992188 271.3024597167969 0.9530346 1.7501594 0.64617884 1.049276 1.6144533 12.956456 -0.1795668601989746 0.138438880443573
Pedestrian 0.0 0 1.7783081531524658 254.7913360595703 169.5424041748047 300.8326416015625 262.7049255371094 0.74386185 1.7350553 0.66724914 -6.3245997 1.5326188 13.600737 1.3430349826812744 0.12024932354688644
Pedestrian 0.0 0 1.5320125818252563 761.904541015625 132.61886596679688 802.1824951171875 242.019287109375 0.9259171 1.8526711 0.64970255 3.069081 1.0434636 12.487505 1.773008108139038 0.11929073184728622
Pedestrian 0.0 0 -0.768803596496582 985.4161987304688 195.56906127929688 1126.710693359375 370.0 0.66577476 1.6184535 0.59152037 3.29406 1.7403802 5.2769213 -0.2107516974210739 0.11654041707515717
Pedestrian 0.0 0 -2.3307743072509766 1159.359130859375 167.27810668945312 1224.0 268.3115539550781 0.8753924 1.6598952 0.5990354 10.075374 1.4443221 12.067285 -1.635092854499817 0.1151016429066658
Cyclist 0.0 0 -2.2687857151031494 271.147705078125 198.71954345703125 332.93536376953125 265.9321594238281 1.6464633 1.6851128 0.57618564 -8.051131 2.18457 18.688974 -2.6755552291870117 0.13055457174777985
Cyclist 0.0 0 3.4734368324279785 274.5103759765625 140.08688354492188 375.9299621582031 287.9270935058594 1.0531918 1.7658527 0.52163523 -3.4834867 1.2848263 8.726025 3.0936145782470703 0.11339668929576874
Cyclist 0.0 0 1.015720009803772 74.52528381347656 153.536376953125 154.06753540039062 248.38912963867188 1.5015802 1.70094 0.5018106 -9.212488 1.2190586 13.201415 0.4064445495605469 0.10232314467430115
Car 0.0 0 -1.9615213871002197 518.0502319335938 194.2152099609375 635.06494140625 264.34735107421875 3.6112816 1.440347 1.570545 -0.83988786 1.8148869 17.253729 -2.0101616382598877 0.128293976187706
