Pedestrian 0.0 0 0.2590731978416443 512.7849731445312 145.27212524414062 607.482421875 302.77569580078125 0.9706996 1.75048 0.66449815 -0.55925584 1.3606474 8.27168 0.19156503677368164 0.6108064651489258
Pedestrian 0.0 0 -1.5129917860031128 839.3092651367188 173.67117309570312 868.4343872070312 243.51950073242188 0.7924458 1.7160174 0.6510679 6.2547274 1.5498458 17.856585 -1.1760714054107666 0.2250688076019287
Pedestrian 0.0 0 -3.406386137008667 823.5665283203125 189.65716552734375 869.1380004882812 278.5717468261719 0.694417 1.7027671 0.68779063 4.71797 1.8901677 13.974785 -3.0807952880859375 0.20833909511566162
Pedestrian 0.0 0 -1.713318109512329 843.438232421875 143.43804931640625 889.1786499023438 249.37265014648438 1.4247038 1.7654268 0.5559701 4.5649533 1.1494302 12.532425 -1.3640040159225464 0.10711965709924698
Cyclist 0.0 0 -1.7145748138427734 846.0419921875 141.77203369140625 893.7627563476562 249.0945281982422 1.6625874 1.7468861 0.53955334 4.563761 1.1181645 12.372877 -1.361204981803894 0.18501783907413483
Cyclist 0.0 0 -2.18784236907959 0.0 176.2373809814453 73.71501922607422 260.6419982910156 1.8643374 1.6272407 0.69281757 -11.77748 1.5466942 14.201797 -2.880192756652832 0.18210077285766602
Cyclist 0.0 0 3.7707064151763916 31.36955451965332 193.9756317138672 109.68677520751953 255.75482177734375 1.7359756 1.7347199 0.6727318 -15.404833 2.1310425 20.35481 3.1228578090667725 0.14629705250263214
Cyclist 0.0 0 -1.2350455522537231 65.40249633789062 152.17349243164062 135.02943420410156 249.70404052734375 1.6658452 1.6968983 0.53945357 -9.4075985 1.2057011 13.171857 -1.8552513122558594 0.1450919359922409
Car 0.0 0 1.644103765487671 57.0527458190918 189.15530395507812 118.81668090820312 233.5014190673828 3.8389325 1.4604945 1.5639923 -19.042974 1.8068141 26.120653 1.014153242111206 0.2012096643447876
Car 0.0 0 -1.085936427116394 290.4192810058594 198.13516235351562 406.3389587402344 256.9683837890625 3.655414 1.4239331 1.5822023 -7.220959 1.9768387 20.17962 -1.4295734167099 0.16506266593933105
Car 0.0 0 -1.2573058605194092 484.5926513671875 142.47315979003906 582.23828125 205.9413299560547 4.1753316 1.6983238 1.6889145 -2.0451012 0.68235946 21.135248 -1.3537681102752686 0.13163016736507416
Car 0.0 0 1.311798334121704 1169.9873046875 199.24952697753906 1224.0 370.0 3.8200316 1.4766266 1.5859293 5.912044 1.6860309 5.7814317 2.108365774154663 0.1293083131313324
