Pedestrian 0.0 0 -1.9951494932174683 861.5056762695312 164.62283325195312 896.78759765625 230.92271423339844 0.92315215 1.8238574 0.6028447 7.525434 1.5977827 20.32766 -1.6405878067016602 0.6414909362792969
Pedestrian 0.0 0 -1.6691038608551025 754.0089111328125 171.30007934570312 768.642822265625 208.9755096435547 0.9182108 1.6954973 0.5651296 6.8674927 1.6259247 32.955112 -1.46365487575531 0.49032971262931824
Pedestrian 0.0 0 -1.809035062789917 898.576904296875 161.02035522460938 930.0684814453125 228.18948364257812 0.90114844 1.8356203 0.6152164 8.466492 1.5125847 20.20915 -1.4123055934906006 0.24483124911785126
Cyclist 0.0 0 -1.8614797592163086 836.3164672851562 159.19058227539062 887.8889770507812 241.61669921875 1.941176 1.7857066 0.5802299 5.719836 1.4900557 16.610537 -1.529847264289856 0.8536500334739685
Cyclist 0.0 0 -1.871249794960022 891.4844360351562 157.72491455078125 929.8143310546875 226.11767578125 1.6394395 1.861927 0.53841674 8.465595 1.4504101 20.481308 -1.4793027639389038 0.20843768119812012
Cyclist 0.0 0 -1.6556830406188965 753.7760009765625 171.1202392578125 768.439697265625 208.3077392578125 0.945319 1.6740807 0.57630163 6.8631554 1.5963897 32.98275 -1.4505274295806885 0.19524641335010529
Cyclist 0.0 0 -1.994608998298645 861.4593505859375 164.5577850341797 896.7263793945312 231.27041625976562 0.9656519 1.8321948 0.5828241 7.518809 1.6047057 20.315413 -1.6401379108428955 0.15304942429065704
Car 0.0 0 1.2548108100891113 895.5062255859375 181.40830993652344 932.4373168945312 200.78419494628906 3.850252 1.4467822 1.5942539 24.195543 2.1536863 57.60924 1.6524338722229004 0.2940497100353241
Car 0.0 0 0.9366225600242615 1179.87548828125 190.68597412109375 1242.0 219.38258361816406 3.9428174 1.5012432 1.7512845 35.709503 2.5968091 42.28718 1.6378870010375977 0.27163973450660706
Car 0.0 0 -1.8518755435943604 912.736328125 190.9187469482422 955.708984375 214.01580810546875 3.977601 1.4680393 1.740343 22.92554 2.8031423 51.218754 -1.4310188293457031 0.22317469120025635
Car 0.0 0 1.206801176071167 982.51708984375 177.50193786621094 1017.1544189453125 194.82041931152344 3.8043556 1.5731026 1.6466306 36.999386 2.028221 68.60032 1.701428771018982 0.2141796201467514
