Pedestrian 0.0 0 -3.115341901779175 587.735107421875 146.4454345703125 674.8367919921875 318.4379577636719 0.87289476 1.7185366 0.64676416 0.22927198 1.3799602 7.407604 -3.0844008922576904 0.4386850893497467
Pedestrian 0.0 0 -1.5270849466323853 839.249267578125 174.77099609375 868.93603515625 244.5504913330078 0.7966725 1.7143241 0.6751018 6.262004 1.5751734 17.860899 -1.1898770332336426 0.2778877317905426
Pedestrian 0.0 0 1.5245773792266846 260.95770263671875 173.92091369628906 301.93145751953125 267.4442443847656 0.76800984 1.7400627 0.6820163 -6.2958503 1.6192915 13.648016 1.092365026473999 0.1873425543308258
Pedestrian 0.0 0 -1.894942283630371 836.4824829101562 148.6119842529297 892.6911010742188 252.49591064453125 1.1002789 1.7641547 0.6139743 4.5465517 1.2242811 12.559225 -1.5476094484329224 0.17135368287563324
Pedestrian 0.0 0 -1.5852566957473755 528.447021484375 165.92877197265625 563.6793823242188 262.728515625 0.7309002 1.7255359 0.6276418 -1.1335216 1.4674342 12.9941225 -1.6722698211669922 0.14303240180015564
Pedestrian 0.0 0 -3.4486799240112305 823.2809448242188 188.5039825439453 867.868896484375 278.3798828125 0.65631366 1.7236513 0.68129134 4.6993623 1.8873188 13.9629 -3.124027729034424 0.13472513854503632
Pedestrian 0.0 0 -1.8844802379608154 1120.720947265625 190.4739532470703 1224.0 370.0 0.66361743 1.6623762 0.66085476 4.322191 1.7450594 5.306611 -1.200965166091919 0.12665627896785736
Cyclist 0.0 0 -2.189788341522217 0.0 174.761962890625 72.96904754638672 258.82379150390625 1.8832127 1.6230509 0.674911 -11.801779 1.5138944 14.2138405 -2.882735013961792 0.1691969335079193
Cyclist 0.0 0 0.4139629602432251 39.05828094482422 190.21389770507812 110.34378814697266 250.68540954589844 1.5015967 1.6862382 0.66993386 -15.288937 1.9745306 20.367907 -0.22994671761989594 0.15844129025936127
Cyclist 0.0 0 -1.8755515813827515 838.9401245117188 144.84115600585938 898.3092651367188 249.94329833984375 1.4291947 1.7411605 0.5681911 4.563593 1.1520739 12.435404 -1.5238271951675415 0.14395098388195038
Car 0.0 0 2.2550108432769775 0.0 185.6332550048828 125.08033752441406 236.1156463623047 4.200906 1.519001 1.6391392 -18.480797 1.7088825 23.820288 1.5951745510101318 0.25223004817962646
