Pedestrian 0.0 0 1.668657898902893 561.00537109375 154.4865264892578 618.8626098632812 306.65283203125 0.9704508 1.6858451 0.594803 -0.20840243 1.3993298 8.333981 1.6436567306518555 0.6937534809112549
Pedestrian 0.0 0 1.2029633522033691 836.1236572265625 173.12278747558594 873.174072265625 243.4304656982422 0.7583253 1.7321599 0.64867187 6.240893 1.5520056 17.803423 1.5401232242584229 0.40964841842651367
Pedestrian 0.0 0 -0.3591558039188385 824.0327758789062 188.98312377929688 869.5943603515625 280.2716979980469 0.6637954 1.7523994 0.6497826 4.7255964 1.9256718 13.965678 -0.03287719562649727 0.20630884170532227
Pedestrian 0.0 0 -3.1655232906341553 758.2991333007812 171.16920471191406 788.2644653320312 257.8745422363281 0.56972367 1.7025405 0.6275986 3.3416762 1.5209523 14.244137 -2.9350903034210205 0.17538928985595703
Pedestrian 0.0 0 -1.8190679550170898 1119.337158203125 191.80328369140625 1224.0 370.0 0.6324556 1.6777626 0.6854217 4.3153214 1.7715468 5.323905 -1.1379237174987793 0.11569216847419739
Pedestrian 0.0 0 -0.7500005960464478 56.74712371826172 189.7288360595703 100.24765014648438 250.29397583007812 0.79074967 1.6985805 0.62987953 -15.222365 1.9723693 20.40555 -1.390931248664856 0.11231596767902374
Pedestrian 0.0 0 -0.8664103746414185 986.6339111328125 196.01632690429688 1129.507568359375 370.0 0.67848563 1.6336331 0.6041926 3.3133802 1.7598563 5.278742 -0.3058834969997406 0.1058359146118164
Pedestrian 0.0 0 3.5200424194335938 251.8370819091797 170.06790161132812 304.7733154296875 261.9617614746094 0.7505245 1.728909 0.62437564 -6.3305726 1.5342735 13.630413 3.0852413177490234 0.10314401984214783
Pedestrian 0.0 0 -2.354595184326172 1136.9886474609375 163.87232971191406 1224.0 264.951171875 1.6353164 1.6214968 0.5258049 10.053702 1.3564117 12.176085 -1.6643831729888916 0.10312899202108383
Cyclist 0.0 0 -2.3166799545288086 1145.8450927734375 165.62332153320312 1224.0 266.72149658203125 1.6127799 1.6088345 0.48567516 10.077958 1.3737484 12.064217 -1.6207472085952759 0.20256048440933228
Cyclist 0.0 0 1.668657898902893 561.00537109375 154.4865264892578 618.8626098632812 306.65283203125 0.9704508 1.6858451 0.594803 -0.20840243 1.3993298 8.333981 1.6436567306518555 0.12881538271903992
Cyclist 0.0 0 -1.5342897176742554 88.29309844970703 160.79965209960938 125.43663787841797 256.2122497558594 1.6862763 1.6851106 0.51527536 -9.415216 1.3388205 13.329249 -2.1492698192596436 0.10156390070915222
Car 0.0 0 -1.0918247699737549 292.6759033203125 193.79083251953125 405.0647888183594 250.822265625 3.5416028 1.4117886 1.5606625 -7.2311854 1.8285666 20.224249 -1.4352099895477295 0.14765338599681854
Car 0.0 0 1.9975626468658447 1140.495849609375 197.7799530029297 1224.0 370.0 3.6148217 1.4578732 1.5780705 6.8294125 1.6459415 6.3054433 2.822831153869629 0.10509271174669266
