Pedestrian 0.0 0 2.0658929347991943 1168.8980712890625 144.48989868164062 1242.0 277.02960205078125 1.0995908 1.7600085 0.5955404 8.417534 1.3837165 10.058645 2.7627005577087402 0.3793090581893921
Pedestrian 0.0 0 1.9856433868408203 1172.904541015625 147.1697540283203 1242.0 304.521240234375 0.8231233 1.7569625 0.6358698 7.1856985 1.470534 8.520362 2.686267614364624 0.27590295672416687
Pedestrian 0.0 0 2.40562105178833 940.0882568359375 138.20028686523438 974.9246215820312 199.23016357421875 0.7200394 1.8507986 0.64934456 10.686545 0.80024433 22.292488 2.8526360988616943 0.16988566517829895
Pedestrian 0.0 0 -0.4882122278213501 927.9596557617188 175.26849365234375 961.5885620117188 225.73318481445312 0.81147206 1.6871327 0.68060565 11.324059 1.7707527 24.516619 -0.05551207810640335 0.11729300767183304
Cyclist 0.0 0 2.0977070331573486 1158.46435546875 142.13656616210938 1242.0 276.1264343261719 1.3732069 1.7762393 0.5741991 8.370444 1.3693907 10.06761 2.7913169860839844 0.33894211053848267
Cyclist 0.0 0 -1.5100789070129395 728.1033935546875 156.58641052246094 740.2431030273438 196.20555114746094 1.6877908 1.7545598 0.44523734 5.615918 1.0344969 32.82345 -1.3406250476837158 0.21436414122581482
Cyclist 0.0 0 2.05810809135437 1156.8480224609375 155.7532501220703 1242.0 312.50665283203125 1.1812484 1.7391528 0.60471064 7.0979095 1.5497806 8.505963 2.7535126209259033 0.17958694696426392
Cyclist 0.0 0 -3.6029508113861084 985.5474243164062 178.93153381347656 1050.0411376953125 241.43289184570312 1.451632 1.7495915 0.68950313 11.608354 1.9271221 20.650406 -3.090837240219116 0.1597314327955246
Car 0.0 0 2.796299457550049 802.0698852539062 169.29605102539062 932.8292236328125 220.4129180908203 3.6768062 1.6076449 1.6334871 8.274571 1.4961041 23.519487 3.1345927715301514 0.7516394853591919
Car 0.0 0 1.5406739711761475 650.8927612304688 165.9971160888672 678.4534301757812 192.513427734375 3.5911162 1.6194625 1.6333784 3.4110029 1.2010411 45.8944 1.6148604154586792 0.2577474117279053
Car 0.0 0 -0.8612931370735168 1143.3045654296875 153.4095916748047 1242.0 204.15419006347656 3.646364 1.6222695 1.6448838 20.13794 1.0010034 24.17806 -0.16680985689163208 0.1511591374874115
Car 0.0 0 -1.8229721784591675 852.004638671875 156.70263671875 921.428466796875 201.03472900390625 3.8144827 1.6161747 1.6248878 10.711133 1.0277171 28.286486 -1.4609912633895874 0.12523721158504486
