Car 0.0 0 -1.2292826175689697 285.1359558105469 185.23641967773438 467.04229736328125 290.996826171875 3.7133014 1.436994 1.6196604 -3.5777125 1.4385155 11.654472 -1.527132511138916 0.914350688457489
Car 0.0 0 -0.9883311986923218 0.0 172.42877197265625 247.89959716796875 288.6229248046875 4.076096 1.5683452 1.6257902 -7.7578425 1.3968831 11.738361 -1.5723284482955933 0.914199948310852
Car 0.0 0 -1.4026145935058594 470.84869384765625 171.77581787109375 541.6729736328125 224.2620391845703 4.273115 1.6008877 1.6510972 -3.3378878 1.192088 24.082825 -1.5403375625610352 0.8196585178375244
Car 0.0 0 -1.1262903213500977 245.91329956054688 186.137939453125 371.5624694824219 248.31259155273438 3.561304 1.4304792 1.5847164 -7.5537944 1.4575725 18.41092 -1.5156347751617432 0.7634596228599548
Car 0.0 0 -1.5482847690582275 581.6189575195312 176.94784545898438 619.4996337890625 212.68101501464844 3.4452615 1.5471087 1.6409515 -0.32581583 1.1902738 32.852726 -1.5582019090652466 0.6724970936775208
Car 0.0 0 -1.3514500856399536 440.1098937988281 178.6096954345703 485.24700927734375 207.87098693847656 3.6074352 1.4562186 1.5672278 -7.5615554 1.1285957 37.5905 -1.5499569177627563 0.6357811093330383
Car 0.0 0 -1.0948491096496582 136.5084228515625 185.43484497070312 264.1891174316406 241.0639190673828 3.819295 1.435076 1.5834183 -11.487875 1.4430463 20.492151 -1.6057932376861572 0.4907837212085724
Car 0.0 0 1.8138552904129028 383.1975402832031 180.39039611816406 446.3621520996094 221.62229919433594 3.5409791 1.4891646 1.5466034 -7.4084196 1.3160213 27.743025 1.5529069900512695 0.40577128529548645
Car 0.0 0 1.7700793743133545 490.2701110839844 174.4844970703125 520.3241577148438 194.16262817382812 3.9754882 1.5030866 1.6029274 -8.090468 0.6845306 56.935974 1.6289266347885132 0.3957134485244751
Car 0.0 0 1.9200317859649658 378.524658203125 174.07510375976562 425.41534423828125 199.83242797851562 3.8877988 1.5507053 1.606397 -12.923737 0.88112324 45.27062 1.6419512033462524 0.344287246465683
