Pedestrian 0.0 0 2.4354703426361084 750.575439453125 147.92599487304688 781.9968872070312 202.9813995361328 0.89071256 1.8595313 0.5850447 5.334538 1.0179298 24.836506 2.6470420360565186 0.4874991774559021
Cyclist 0.0 0 2.4354703426361084 750.575439453125 147.92599487304688 781.9968872070312 202.9813995361328 0.89071256 1.8595313 0.5850447 5.334538 1.0179298 24.836506 2.6470420360565186 0.10263659805059433
Car 0.0 0 -1.9252440929412842 760.544677734375 184.1397705078125 983.5701904296875 328.9788818359375 3.3360167 1.4557731 1.5356954 3.0376327 1.6266996 9.207878 -1.6065912246704102 0.9023458957672119
Car 0.0 0 1.7610970735549927 426.49676513671875 180.4329376220703 500.564697265625 232.56097412109375 4.015652 1.5020871 1.6166176 -4.6904535 1.769294 23.388151 1.5631743669509888 0.878982663154602
Car 0.0 0 -1.7330728769302368 681.0235595703125 177.9896697998047 783.0433349609375 255.4453887939453 4.137527 1.5476465 1.6448851 2.6400852 1.682098 16.763042 -1.5768616199493408 0.8471473455429077
Car 0.0 0 -2.1458323001861572 856.38427734375 196.44129943847656 1242.0 375.0 3.5235395 1.4552157 1.5459505 2.9133296 1.6644275 4.615228 -1.5827564001083374 0.786668062210083
Car 0.0 0 -1.6917564868927002 669.2661743164062 176.94393920898438 734.0271606445312 228.01425170898438 3.5275621 1.4876286 1.6200804 2.8045778 1.62872 23.061287 -1.5707366466522217 0.7695222496986389
Car 0.0 0 1.697280764579773 465.6694030761719 173.76898193359375 519.8703002929688 221.00144958496094 4.0758486 1.7581186 1.6473687 -4.6766086 1.797872 28.999094 1.5373899936676025 0.7562103867530823
Car 0.0 0 2.298222780227661 0.0 199.36477661132812 245.67214965820312 375.0 3.67413 1.4312187 1.5307966 -4.3922596 1.6896808 5.1678534 1.5937753915786743 0.74277263879776
Car 0.0 0 0.5529898405075073 155.9425506591797 177.48873901367188 340.1217346191406 238.02496337890625 4.0505295 1.4828646 1.6105248 -9.404041 1.610343 18.804749 0.08927130699157715 0.7393210530281067
Car 0.0 0 -1.6743788719177246 654.527099609375 176.9549560546875 699.7587280273438 213.19168090820312 3.6656933 1.4677 1.5818198 2.8321693 1.6574887 31.482702 -1.5846608877182007 0.5026299357414246
