Pedestrian 0.0 0 1.7621030807495117 270.57177734375 155.7794647216797 304.09429931640625 229.30946350097656 0.7655603 1.7613722 0.619359 -7.8362994 1.1708065 17.375816 1.338427186012268 0.7041312456130981
Pedestrian 0.0 0 0.43070468306541443 585.0101928710938 155.76905822753906 630.414794921875 233.6593017578125 0.9078971 1.8246051 0.64772576 0.03041569 1.2468796 17.042192 0.43248939514160156 0.6111533641815186
Pedestrian 0.0 0 -1.6187025308609009 396.3043518066406 153.662841796875 432.22998046875 237.51849365234375 0.8451354 1.6831108 0.6780336 -4.0139036 1.1460758 14.693308 -1.8853750228881836 0.5280285477638245
Pedestrian 0.0 0 0.48556187748908997 164.382080078125 176.02073669433594 212.1804962158203 247.68792724609375 0.8276866 1.7450403 0.6232769 -10.368473 1.637573 17.542364 -0.04825326055288315 0.512033224105835
Pedestrian 0.0 0 -2.235365152359009 121.67625427246094 175.62828063964844 172.22804260253906 254.3707275390625 0.6859974 1.7199118 0.67284083 -10.315384 1.6151184 15.867932 -2.8117947578430176 0.5040483474731445
Pedestrian 0.0 0 0.21715782582759857 375.5849914550781 173.2466583251953 403.1257019042969 231.45361328125 0.661648 1.7180973 0.68039024 -6.5024405 1.5055652 21.230587 -0.08004768192768097 0.4054909944534302
Pedestrian 0.0 0 -1.3317822217941284 154.12547302246094 179.09176635742188 193.12899780273438 246.50880432128906 0.97244406 1.7263836 0.67004883 -11.4118395 1.6919132 18.66601 -1.8805201053619385 0.385634183883667
Pedestrian 0.0 0 -1.7292349338531494 1196.31201171875 142.0528564453125 1224.0 196.0345001220703 0.9172363 1.8013532 0.6535323 20.68221 0.51992136 24.15084 -1.0210506916046143 0.334658145904541
Pedestrian 0.0 0 -1.9012092351913452 294.45013427734375 162.57701110839844 342.6861572265625 242.79579162597656 0.66060853 1.6782048 0.7954219 -6.239161 1.3048718 15.297117 -2.2884774208068848 0.3258928656578064
Pedestrian 0.0 0 -3.3931195735931396 1040.293701171875 102.14093780517578 1112.2845458984375 237.60415649414062 0.682812 1.7904941 0.65501475 6.4406075 0.7564509 9.761325 -2.809879779815674 0.28645193576812744
Pedestrian 0.0 0 -1.2032604217529297 195.17723083496094 154.80099487304688 211.64161682128906 187.92417907714844 0.6072515 1.9271307 0.6671993 -23.565994 0.43332016 41.48145 -1.7199006080627441 0.28389814496040344
Cyclist 0.0 0 -0.5189488530158997 1111.8626708984375 134.99176025390625 1208.43701171875 204.92247009277344 1.8466152 1.7458191 0.69289285 14.163437 0.6113018 18.12223 0.1444406509399414 0.7808190584182739
Cyclist 0.0 0 -0.5743329524993896 854.9745483398438 154.15438842773438 906.64208984375 196.98141479492188 1.895937 1.7160404 0.686388 11.2288685 0.6618902 28.853271 -0.20319625735282898 0.6386421322822571
Cyclist 0.0 0 -1.2596631050109863 885.879150390625 148.32586669921875 921.6040649414062 199.7425537109375 1.9350462 1.7683239 0.61428225 10.654663 0.6633231 25.245619 -0.860302209854126 0.42940011620521545
Cyclist 0.0 0 -1.2999918460845947 152.926025390625 178.89044189453125 193.3997039794922 246.4274444580078 1.0424466 1.7252866 0.65844643 -11.41226 1.6857605 18.648785 -1.8491570949554443 0.20234999060630798
Cyclist 0.0 0 -1.60042142868042 395.89410400390625 153.54229736328125 431.76239013671875 237.74708557128906 0.8722453 1.6889168 0.6907941 -4.0238404 1.1498471 14.694576 -1.8677011728286743 0.17341049015522003
Car 0.0 0 -1.2288817167282104 256.28533935546875 184.0018768310547 463.6893615722656 306.01287841796875 3.719629 1.3971817 1.5867741 -3.2729213 1.4581004 10.080708 -1.5428167581558228 0.9116008281707764
Car 0.0 0 1.6930354833602905 464.9621887207031 168.83152770996094 493.3169860839844 190.99693298339844 3.6935332 1.5214108 1.5538051 -8.931702 0.72180635 50.411564 1.5176795721054077 0.5190314054489136
