Pedestrian 0.0 0 -3.5283775329589844 1212.7877197265625 179.55345153808594 1242.0 239.45260620117188 0.76567596 1.7714537 0.6604626 18.846365 1.9789238 21.86835 -2.8170669078826904 0.4546842575073242
Pedestrian 0.0 0 1.8894420862197876 1044.9771728515625 132.56541442871094 1095.6170654296875 226.37254333496094 0.87332505 1.9189154 0.6662964 9.706934 1.0951313 15.291461 2.4550535678863525 0.4301106631755829
Car 0.0 0 -1.8632515668869019 709.3222045898438 186.33653259277344 851.5116577148438 281.2658386230469 3.3807275 1.4296944 1.5609822 2.8836017 1.7075682 13.104287 -1.6466532945632935 0.922839343547821
Car 0.0 0 0.41226089000701904 141.46815490722656 177.238525390625 391.0105895996094 269.6043395996094 3.6878443 1.5300817 1.6128508 -6.0446067 1.6139523 12.885741 -0.026356564834713936 0.8374873399734497
Car 0.0 0 3.376762866973877 241.2046661376953 173.640380859375 430.0457458496094 240.21705627441406 4.0651975 1.5365193 1.6680567 -6.6599503 1.557405 17.753542 3.0178749561309814 0.773294985294342
Car 0.0 0 2.890913486480713 700.707275390625 176.97402954101562 813.4112548828125 215.98007202148438 4.4340916 1.6057159 1.7336549 6.19687 1.7880818 30.889862 3.088897228240967 0.7609453201293945
Car 0.0 0 0.5390499830245972 28.884727478027344 192.55628967285156 357.8382873535156 303.2036437988281 3.9363427 1.4538593 1.612873 -6.0226307 1.7679745 10.634701 0.023764371871948242 0.7578352689743042
Car 0.0 0 -2.458427906036377 0.0 178.7251434326172 244.13055419921875 323.8620910644531 3.6249964 1.4636694 1.5615392 -6.3953986 1.537006 8.152808 -3.1236095428466797 0.7513319253921509
Car 0.0 0 0.7832555174827576 0.0 210.1702880859375 153.07496643066406 375.0 3.9037004 1.4106444 1.5777446 -6.082583 1.7466289 5.6168413 -0.04193054512143135 0.6945065259933472
Car 0.0 0 -0.31403470039367676 778.8251342773438 187.25540161132812 937.2142944335938 243.41156005859375 3.949935 1.5008011 1.6473404 6.9279785 1.9284415 20.559591 0.010985851287841797 0.4715246856212616
Car 0.0 0 0.3458470404148102 360.03546142578125 163.3945770263672 476.3657531738281 209.77581787109375 3.8727233 1.6743045 1.6901101 -7.18085 1.3331896 27.05284 0.08639216423034668 0.4355257451534271
