Pedestrian 0.0 0 2.4694700241088867 817.1795654296875 141.27267456054688 867.4526977539062 229.2444610595703 0.8437009 1.8501545 0.60204566 4.969908 1.1863184 15.603496 2.777822971343994 0.3359583914279938
Pedestrian 0.0 0 1.5069072246551514 1187.3807373046875 93.60096740722656 1242.0 245.11976623535156 1.3121952 1.8032367 0.580081 7.7838564 0.8603982 9.284767 2.204596996307373 0.30585339665412903
Pedestrian 0.0 0 2.5800302028656006 808.8622436523438 142.21084594726562 837.4461059570312 194.05569458007812 0.8438727 1.9004519 0.5730914 7.882253 0.7775383 26.836967 2.8657052516937256 0.2948192059993744
Pedestrian 0.0 0 -1.728745937347412 872.2196044921875 147.17921447753906 898.9497680664062 208.28221130371094 0.7805866 1.842559 0.651927 8.426926 1.068695 22.20362 -1.3660101890563965 0.21600006520748138
Pedestrian 0.0 0 -1.011000156402588 0.0 117.61380004882812 62.739688873291016 232.6973419189453 1.2559985 1.7704809 0.5764646 -9.677541 0.92100626 11.757448 -1.6996679306030273 0.1301921159029007
Pedestrian 0.0 0 -1.9553841352462769 776.3243408203125 157.90554809570312 817.59765625 221.7255859375 1.6148541 1.7507534 0.57364136 5.277078 1.3410355 20.629488 -1.7049516439437866 0.10362906008958817
Cyclist 0.0 0 -1.9553841352462769 776.3243408203125 157.90554809570312 817.59765625 221.7255859375 1.6148541 1.7507534 0.57364136 5.277078 1.3410355 20.629488 -1.7049516439437866 0.27443504333496094
Cyclist 0.0 0 1.5292199850082397 1189.2725830078125 94.13742065429688 1242.0 245.41943359375 1.2964729 1.8016055 0.58479464 7.791526 0.8645339 9.281902 2.2275466918945312 0.24122662842273712
Cyclist 0.0 0 -1.011000156402588 0.0 117.61380004882812 62.739688873291016 232.6973419189453 1.2559985 1.7704809 0.5764646 -9.677541 0.92100626 11.757448 -1.6996679306030273 0.16271616518497467
Car 0.0 0 1.899141788482666 345.88946533203125 183.2781219482422 517.3385620117188 297.733154296875 3.9367332 1.5786631 1.6301321 -2.8856184 1.7870893 12.36007 1.6697869300842285 0.8893550038337708
Car 0.0 0 -1.727152943611145 701.302001953125 177.16412353515625 820.425048828125 271.27001953125 3.3345683 1.4423661 1.5401477 2.5070658 1.5299455 12.90502 -1.535272479057312 0.8241816163063049
Car 0.0 0 1.7490699291229248 626.1288452148438 172.86456298828125 655.1831665039062 193.3577423095703 3.897232 1.5457325 1.6090755 2.41003 1.5469472 56.500114 1.7916994094848633 0.380033940076828
