Car 0.0 0 1.8404879570007324 388.31793212890625 188.91293334960938 471.4593505859375 240.48435974121094 4.1308804 1.4659144 1.6220273 -5.89277 2.0445888 23.894087 1.5986926555633545 0.8861619830131531
Car 0.0 0 2.0576953887939453 62.86093521118164 201.79995727539062 303.6751403808594 329.8511962890625 3.5077257 1.3970073 1.4953521 -5.937477 1.8878099 10.447165 1.540885329246521 0.8853471279144287
Car 0.0 0 1.8941621780395508 274.4770202636719 194.7366943359375 406.6575927734375 273.4995422363281 4.026013 1.4469489 1.599798 -5.9946604 2.0069394 16.416317 1.5440419912338257 0.8807343244552612
Car 0.0 0 -1.8006325960159302 692.189453125 177.11471557617188 792.4218139648438 241.3979034423828 3.9355462 1.4256923 1.6079232 3.1700876 1.545872 18.277475 -1.6288987398147583 0.8432842493057251
Car 0.0 0 1.7759543657302856 440.4471435546875 185.76226806640625 496.6518249511719 225.6804962158203 3.7205393 1.4850097 1.5610055 -5.8353057 2.0541117 29.918634 1.5833333730697632 0.7900316119194031
Car 0.0 0 1.8701471090316772 479.9747619628906 182.1205596923828 531.31982421875 213.2323760986328 4.0262065 1.5324885 1.6254755 -5.5981145 2.059804 38.9135 1.7272669076919556 0.788641095161438
Car 0.0 0 -1.6827551126480103 677.961669921875 175.10015869140625 741.1876831054688 225.10992431640625 3.9880083 1.506143 1.617937 3.167842 1.5872225 23.917873 -1.5510748624801636 0.7183932662010193
Car 0.0 0 2.490987539291382 892.5724487304688 159.08299255371094 1078.9263916015625 222.65126037597656 3.828886 1.4365463 1.5613323 8.960062 1.1257006 17.405315 2.9663960933685303 0.7078406810760498
Car 0.0 0 2.560481309890747 966.5765991210938 153.20701599121094 1185.15234375 227.92059326171875 3.502422 1.4493272 1.5313401 9.386227 1.0685642 14.786711 3.1260786056518555 0.6998835206031799
Car 0.0 0 -3.7650811672210693 1000.0028076171875 140.1609344482422 1242.0 235.46932983398438 3.8434134 1.5306727 1.607612 9.008551 1.005973 12.398435 -3.136733055114746 0.6980036497116089
Car 0.0 0 1.416571021080017 658.1278686523438 178.35023498535156 702.9800415039062 212.41848754882812 3.6402254 1.4741029 1.5314416 3.199353 1.7452298 33.68093 1.5112768411636353 0.6349349617958069
Car 0.0 0 2.3434677124023438 0.0 228.07254028320312 131.337646484375 375.0 3.788651 1.4085025 1.5614642 -5.986868 2.007328 5.908337 1.551467776298523 0.5613641142845154
