Pedestrian 0.0 0 -1.3942418098449707 31.498857498168945 165.61781311035156 93.44668579101562 288.2915954589844 0.949217 1.7447778 0.58431756 -8.238468 1.642216 10.815273 -2.0452167987823486 0.3254633843898773
Pedestrian 0.0 0 1.863579273223877 1185.0447998046875 139.55215454101562 1242.0 272.41729736328125 0.80524874 1.79013 0.59728277 8.593359 1.3418026 10.188725 2.564239978790283 0.2735402286052704
Cyclist 0.0 0 -0.14114537835121155 673.1505126953125 197.65968322753906 708.1643676757812 229.17767333984375 1.9159803 1.7736692 0.813084 4.620902 3.2235208 41.723675 -0.030844753608107567 0.3906043469905853
Cyclist 0.0 0 -1.3925576210021973 23.818565368652344 165.0779266357422 88.58525085449219 289.1146545410156 1.0203108 1.7619932 0.6026929 -8.347672 1.6518885 10.838593 -2.048849582672119 0.10036928951740265
Car 0.0 0 2.305485486984253 699.1022338867188 198.46803283691406 764.3700561523438 231.76223754882812 3.4912293 1.6098725 1.5582166 6.5973377 3.061554 39.186413 2.4722790718078613 0.5494665503501892
Car 0.0 0 -0.23139312863349915 622.0210571289062 194.79501342773438 688.5718994140625 224.14340209960938 3.7493222 1.6628033 1.5944986 2.6843128 3.0234942 43.629475 -0.1699453741312027 0.3192536234855652
Car 0.0 0 -1.1140714883804321 778.2631225585938 182.3906707763672 853.4833374023438 223.64027404785156 3.5382297 1.5570219 1.6070083 8.542273 1.9776106 29.940159 -0.836144208908081 0.3007600009441376
Car 0.0 0 0.513395369052887 367.8182067871094 202.66461181640625 435.800048828125 233.57901000976562 3.3807461 1.5884805 1.4206942 -11.631106 3.295893 40.23494 0.23198699951171875 0.28066930174827576
Car 0.0 0 1.0548871755599976 641.9769897460938 193.88267517089844 682.3135375976562 213.81275939941406 3.7206304 1.4905012 1.7544355 4.302695 3.3098977 60.355534 1.1260559558868408 0.2778377830982208
Car 0.0 0 -3.2361257076263428 927.132568359375 179.0535430908203 1071.1900634765625 231.61610412597656 3.8794043 1.534203 1.6519483 12.166885 1.7444565 22.919533 -2.7481019496917725 0.25275248289108276
