Pedestrian 0.0 0 -3.1809768676757812 964.0169067382812 144.65005493164062 995.73291015625 204.79537963867188 0.8696275 1.8688052 0.62473726 11.675253 0.9928242 22.882343 -2.709178924560547 0.29821234941482544
Pedestrian 0.0 0 -1.627078652381897 1085.606689453125 150.36837768554688 1104.964599609375 195.37059020996094 0.8313144 1.8518034 0.62534094 20.268473 0.92689705 30.204905 -1.0360596179962158 0.23861302435398102
Pedestrian 0.0 0 -0.899673342704773 1014.284912109375 135.4609375 1064.6376953125 221.68020629882812 0.7506417 1.877623 0.64070284 9.554649 1.0636609 16.143682 -0.3652675151824951 0.13861523568630219
Pedestrian 0.0 0 0.8378600478172302 876.107177734375 145.34420776367188 913.3939208984375 197.40138244628906 1.3054844 1.8680032 0.54278463 10.43977 0.88120866 26.595154 1.2119224071502686 0.13500766456127167
Cyclist 0.0 0 0.8452702164649963 874.4481201171875 144.48541259765625 914.6241455078125 196.26649475097656 1.4512281 1.8549492 0.5535438 10.439244 0.83906204 26.621384 1.218980312347412 0.15880323946475983
Car 0.0 0 1.5635942220687866 598.37255859375 176.1714630126953 627.800537109375 204.24337768554688 4.1722608 1.5556579 1.6511374 0.12943903 1.7613442 42.566067 1.5666351318359375 0.5728697776794434
Car 0.0 0 1.976339340209961 410.2101135253906 179.5406036376953 448.8646240234375 199.1014862060547 3.9839723 1.505515 1.6312017 -14.747025 2.0726607 59.061325 1.7316523790359497 0.2796722948551178
Car 0.0 0 2.6674723625183105 0.0 184.98599243164062 115.49836730957031 375.0 4.1002326 1.5161345 1.6372063 -6.8251915 1.6573006 6.1795936 1.8324718475341797 0.15941911935806274
Car 0.0 0 1.794703483581543 370.8539733886719 180.97157287597656 447.7328186035156 233.14361572265625 3.9001744 1.529514 1.6068968 -6.5474176 1.8194479 23.752172 1.5257278680801392 0.13069456815719604
Car 0.0 0 1.791565179824829 518.2626342773438 177.65997314453125 550.6242065429688 200.1973876953125 3.8333263 1.5648221 1.5614897 -5.53085 1.931103 52.94031 1.687469482421875 0.12416481971740723
