Pedestrian 0.0 0 1.2273094654083252 750.3234252929688 172.73651123046875 777.1463012695312 221.2995147705078 0.9007226 1.8340076 0.74763983 5.86144 1.829929 27.743172 1.4355225563049316 0.5779527425765991
Pedestrian 0.0 0 -2.0921924114227295 974.5439453125 155.39723205566406 1032.9071044921875 237.18692016601562 1.1427387 1.8468531 0.722177 9.13488 1.4530286 16.870203 -1.5959138870239258 0.3932286202907562
Cyclist 0.0 0 1.0335955619812012 974.563232421875 155.0354461669922 1036.3558349609375 237.06829833984375 1.3174479 1.8340695 0.6801695 9.132464 1.436045 16.80079 1.5314913988113403 0.2496420443058014
Cyclist 0.0 0 1.1902873516082764 673.1824951171875 174.41880798339844 688.136962890625 198.21456909179688 1.8203826 1.7375644 0.46381673 5.228181 1.8565234 53.74606 1.2872579097747803 0.22915542125701904
Cyclist 0.0 0 -2.2012593746185303 758.6351318359375 173.447509765625 787.1956176757812 205.0835723876953 1.74048 1.6882744 0.6134492 8.860548 1.7218484 39.45743 -1.9803640842437744 0.15683026611804962
Car 0.0 0 2.0225603580474854 208.24151611328125 182.10903930664062 300.9222106933594 224.42835998535156 4.208854 1.5308763 1.6825752 -14.255782 1.9319115 29.12742 1.5674059391021729 0.8235282897949219
Car 0.0 0 -0.20892369747161865 984.2264404296875 179.19583129882812 1058.3524169921875 204.63467407226562 3.9463282 1.5913757 1.7057842 26.830172 2.0194268 47.247692 0.3075296878814697 0.18432676792144775
Car 0.0 0 -0.20141199231147766 891.9443359375 188.80799865722656 944.0675659179688 208.4589080810547 3.5942495 1.4933069 1.5859483 24.61262 2.797055 57.80862 0.20110249519348145 0.1794717013835907
Car 0.0 0 1.6179641485214233 948.9801635742188 187.9283447265625 982.1768188476562 214.53675842285156 3.8741462 1.5995941 1.7983459 23.613728 2.645602 47.917316 2.075836420059204 0.1623927652835846
Car 0.0 0 1.880255103111267 754.5269165039062 171.4908447265625 802.3549194335938 199.66783142089844 3.665702 1.5170848 1.5962222 9.535574 1.4440486 40.82843 2.109694719314575 0.14058367908000946
Car 0.0 0 1.3160831928253174 1030.591796875 188.3083038330078 1086.151123046875 217.62176513671875 3.8384326 1.4387252 1.67354 24.546846 2.3337069 39.685253 1.8700224161148071 0.12789973616600037
Car 0.0 0 0.8775168657302856 1071.0208740234375 185.62033081054688 1125.9385986328125 206.990966796875 3.6754801 1.5988988 1.709218 39.299133 2.6625555 58.180298 1.4715903997421265 0.12457998096942902
