Pedestrian 0.0 0 2.0243122577667236 81.37666320800781 141.4072265625 155.05438232421875 260.5229187011719 0.85100204 1.7899768 0.6484642 -7.738364 1.3177772 11.308254 1.4241935014724731 0.2695832848548889
Pedestrian 0.0 0 -1.7287133932113647 820.4365844726562 169.73915100097656 844.0057373046875 223.83975219726562 0.78673667 1.8003285 0.6456483 7.4766865 1.6970327 24.442451 -1.431862235069275 0.2476671189069748
Pedestrian 0.0 0 0.13200151920318604 465.4610595703125 180.7176055908203 488.9321594238281 231.7111358642578 0.7159135 1.7278199 0.67312145 -4.6240473 2.0035417 24.909117 -0.05154583603143692 0.20137985050678253
Cyclist 0.0 0 -2.3362340927124023 128.8609619140625 183.0448760986328 192.94247436523438 233.92532348632812 1.9291687 1.7167917 0.7810116 -15.727499 2.0818555 25.204361 -2.894113302230835 0.2998385727405548
Cyclist 0.0 0 -1.2640842199325562 384.0323486328125 178.9176483154297 408.06378173828125 229.13192749023438 1.5933656 1.7021332 0.35052782 -7.577861 1.9230949 25.448202 -1.5534993410110474 0.22056004405021667
Cyclist 0.0 0 -1.5027683973312378 679.9310302734375 178.35215759277344 688.5360717773438 209.21083068847656 1.6533593 1.7586966 0.39206162 4.319671 2.0876307 42.269196 -1.4009276628494263 0.15486744046211243
Cyclist 0.0 0 -2.0649542808532715 63.1005744934082 182.1890869140625 114.58462524414062 232.8299560546875 1.8181901 1.7149879 0.68737644 -18.393488 2.053084 25.397251 -2.691758632659912 0.1544012427330017
Car 0.0 0 1.3222362995147705 687.783447265625 169.65525817871094 741.6126708984375 203.98789978027344 4.056855 1.5896297 1.6620663 5.0431156 1.4418828 35.510914 1.4633088111877441 0.8401187062263489
Car 0.0 0 -2.7475221157073975 253.1654052734375 178.38267517089844 393.8290710449219 232.36180114746094 3.6563985 1.5748752 1.6220448 -8.732286 1.7507668 22.06348 -3.124385356903076 0.7633088231086731
Car 0.0 0 1.5604679584503174 541.6904296875 174.98365783691406 574.4507446289062 205.51651000976562 3.8314462 1.4593927 1.5774796 -2.7041142 1.5740151 36.735466 1.486989974975586 0.6807110905647278
Car 0.0 0 -1.361677646636963 372.0234375 167.04043579101562 432.0774230957031 210.3033905029297 3.6869977 1.6609313 1.635805 -8.492914 1.4380982 29.594631 -1.6411423683166504 0.14337614178657532
