Pedestrian 0.0 0 0.4551326632499695 0.0 183.93399047851562 23.00171661376953 237.23390197753906 0.7332856 1.7145058 0.61863667 -19.7138 1.8305422 23.179295 -0.2496468424797058 0.3680545389652252
Pedestrian 0.0 0 -0.4928675889968872 3.2810230255126953 189.24000549316406 43.677364349365234 232.4500274658203 1.1596826 1.7450358 0.59045696 -24.243746 2.1187525 29.45985 -1.1814417839050293 0.1752190887928009
Pedestrian 0.0 0 -1.5595805644989014 821.2554931640625 143.42369079589844 834.3724365234375 182.97341918945312 0.7785641 1.8802983 0.5952038 10.725308 0.119038284 34.072536 -1.254621148109436 0.1728621870279312
Pedestrian 0.0 0 1.7509578466415405 825.5723876953125 166.09939575195312 869.1172485351562 269.3871154785156 0.75838464 1.7638056 0.60739833 4.2641196 1.5195394 12.548051 2.078537940979004 0.15081092715263367
Pedestrian 0.0 0 1.8269004821777344 415.2745056152344 175.06858825683594 431.99908447265625 204.11770629882812 1.7464384 1.7074707 0.54986554 -10.879658 1.3895911 42.42907 1.575888752937317 0.13653473556041718
Pedestrian 0.0 0 -1.7723963260650635 874.6475219726562 122.28533935546875 934.7092895507812 259.6899108886719 0.854437 1.8018976 0.598252 4.063956 1.0401553 9.743903 -1.3772557973861694 0.12597648799419403
Cyclist 0.0 0 1.8269004821777344 415.2745056152344 175.06858825683594 431.99908447265625 204.11770629882812 1.7464384 1.7074707 0.54986554 -10.879658 1.3895911 42.42907 1.575888752937317 0.586493968963623
Cyclist 0.0 0 -0.019319962710142136 596.3858642578125 165.87315368652344 619.99658203125 188.54238891601562 1.8406708 1.7689008 0.6576817 0.25695595 0.6287998 55.509045 -0.014690913259983063 0.2661433219909668
Cyclist 0.0 0 0.45583575963974 0.0 187.6861114501953 46.98213195800781 230.85308837890625 1.3652399 1.7607791 0.7092139 -24.290588 2.0672948 29.505306 -0.2329290360212326 0.13442596793174744
Car 0.0 0 1.6359046697616577 539.4156494140625 168.45791625976562 565.2614135742188 191.1586151123047 3.752892 1.5568724 1.5976087 -3.7125132 0.7323025 50.369415 1.562332034111023 0.28254276514053345
Car 0.0 0 1.8077256679534912 28.943254470825195 193.35092163085938 80.89505767822266 218.9783935546875 4.123468 1.5075192 1.7541116 -35.766087 2.3870134 46.072155 1.1476001739501953 0.18372800946235657
Car 0.0 0 2.625126838684082 772.3840942382812 159.9175567626953 833.8604736328125 182.51193237304688 3.710844 1.4916049 1.5840136 13.407871 0.13414598 47.88796 2.898120880126953 0.1312226802110672
