Pedestrian 0.0 0 -3.2502999305725098 1001.23388671875 131.22535705566406 1105.4736328125 282.941650390625 1.0341614 1.786667 0.6142526 5.511953 1.208073 8.822858 -2.6918909549713135 0.7606233358383179
Pedestrian 0.0 0 0.016196943819522858 620.1967163085938 131.9167022705078 717.271240234375 303.2016906738281 1.0339984 1.8195316 0.6518537 0.6599573 1.3051294 7.881669 0.09973526000976562 0.6963750123977661
Pedestrian 0.0 0 3.022144079208374 601.9296264648438 140.4470977783203 678.9288330078125 287.20062255859375 0.88504076 1.7509902 0.59132457 0.37590837 1.2747802 8.759825 3.065030574798584 0.5446312427520752
Pedestrian 0.0 0 -1.4055484533309937 170.5663604736328 171.98545837402344 224.44107055664062 279.4292297363281 1.0340282 1.6996574 0.6186822 -6.810405 1.5666212 11.77262 -1.9300055503845215 0.46804454922676086
Pedestrian 0.0 0 -2.3331847190856934 268.228759765625 177.88784790039062 326.4581604003906 266.48297119140625 0.8340815 1.7542074 0.7168902 -6.3402004 1.7041154 14.48632 -2.7457363605499268 0.37109124660491943
Pedestrian 0.0 0 3.3196427822113037 118.17144012451172 114.79397583007812 205.06324768066406 253.766357421875 0.92446804 1.8387566 0.6517316 -6.1829133 0.97106683 9.825241 2.757965326309204 0.3167952001094818
Pedestrian 0.0 0 -0.16394317150115967 993.5491943359375 127.25466918945312 1065.2706298828125 262.5128479003906 0.76155055 1.7938232 0.5951576 5.809239 1.0893447 9.787616 0.3717050552368164 0.30326181650161743
Cyclist 0.0 0 2.768655776977539 818.453125 154.26763916015625 946.7498779296875 262.07025146484375 1.7944671 1.691723 0.72413886 4.4220576 1.2817209 11.45676 3.1370160579681396 0.7604952454566956
Cyclist 0.0 0 -1.9293971061706543 973.3870239257812 136.98629760742188 1024.3583984375 208.75872802734375 1.9212847 1.8014976 0.5327817 10.365573 0.7108919 18.731333 -1.4239614009857178 0.4233080744743347
Cyclist 0.0 0 0.01910361647605896 771.004638671875 155.37599182128906 797.0175170898438 187.61412048339844 1.4365252 1.8285261 0.55948496 10.263393 0.40489385 40.557693 0.26695704460144043 0.2660992741584778
Cyclist 0.0 0 -1.4068483114242554 170.5278778076172 171.9845428466797 224.60110473632812 279.8188171386719 1.0831231 1.7048719 0.61586773 -6.817809 1.5718974 11.788907 -1.9311771392822266 0.25623491406440735
Cyclist 0.0 0 -3.2376561164855957 997.2913208007812 132.75694274902344 1110.9478759765625 286.28094482421875 1.141482 1.8044876 0.60604 5.521666 1.2450087 8.831439 -2.6788926124572754 0.23473314940929413
Cyclist 0.0 0 0.7559802532196045 263.9126892089844 178.4964599609375 326.9960632324219 266.6436462402344 0.97110707 1.7491429 0.70037496 -6.3921795 1.711015 14.517793 0.34122228622436523 0.15341030061244965
Cyclist 0.0 0 -0.05561237782239914 623.4024047851562 136.976318359375 720.7227172851562 303.8675231933594 1.0407455 1.7853985 0.65490013 0.6769982 1.3214726 7.9018545 0.029854774475097656 0.12843023240566254
Car 0.0 0 -0.7883390188217163 0.0 210.11297607421875 293.0550842285156 370.0 3.9902892 1.4246901 1.5965179 -3.2283645 1.6503568 3.3365133 -1.557264804840088 0.70810467004776
Car 0.0 0 -3.5883352756500244 969.4283447265625 159.2627716064453 1097.5997314453125 199.92965698242188 4.123764 1.5900263 1.6781899 17.262741 0.76117724 28.67112 -3.0463767051696777 0.6904589533805847
Car 0.0 0 1.9370338916778564 444.0701904296875 173.11460876464844 490.9356384277344 198.34446716308594 3.840218 1.4908333 1.580895 -8.4646435 1.0558002 43.803112 1.7461438179016113 0.47722306847572327
