Pedestrian 0.0 0 -1.228773593902588 135.30992126464844 173.8040313720703 206.27137756347656 299.60009765625 0.7160014 1.6935375 0.6507457 -6.2038736 1.7077923 10.1346035 -1.7780773639678955 0.4865771234035492
Pedestrian 0.0 0 -1.21306574344635 101.17304992675781 130.70895385742188 181.72023010253906 251.56773376464844 1.6742076 1.6905223 0.4712857 -7.1224685 1.1013728 10.958109 -1.789421558380127 0.11067678779363632
Cyclist 0.0 0 -1.2121120691299438 99.9916763305664 130.78863525390625 182.5299530029297 252.77325439453125 1.730913 1.6998768 0.47432393 -7.1160994 1.1140466 10.9482565 -1.7884701490402222 0.36757245659828186
Car 0.0 0 -2.0077996253967285 792.172119140625 178.94985961914062 1201.540283203125 375.0 3.8669941 1.4751673 1.6000346 2.9248118 1.547524 6.571656 -1.589057445526123 0.8915808796882629
Car 0.0 0 2.0094966888427734 123.11368560791016 176.98365783691406 400.44354248046875 344.73956298828125 4.073541 1.7254633 1.6589069 -4.285734 1.7923539 9.570775 1.5884788036346436 0.8782492280006409
Car 0.0 0 -1.820327877998352 725.6157836914062 170.68844604492188 881.4121704101562 276.4084777832031 3.9447088 1.5620041 1.6439351 3.1252394 1.5303661 12.636027 -1.5778659582138062 0.7992802858352661
Car 0.0 0 2.414952516555786 0.0 186.53724670410156 166.11947631835938 375.0 3.8815289 1.4667479 1.5686758 -4.5311027 1.5807929 4.0492954 1.5734611749649048 0.6397549510002136
Car 0.0 0 -1.6573518514633179 581.6036987304688 176.1797332763672 604.1068725585938 194.5260009765625 3.6744845 1.4814432 1.5811514 -1.4961485 1.7711873 60.868053 -1.6819270849227905 0.5475525856018066
Car 0.0 0 -1.658522129058838 497.3962097167969 179.78076171875 528.7735595703125 205.52755737304688 3.6651032 1.4799538 1.5955127 -6.0441303 1.926311 44.49204 -1.7935431003570557 0.5391560792922974
Car 0.0 0 -1.6914787292480469 658.15869140625 164.7313690185547 714.3855590820312 210.44667053222656 4.023197 1.627081 1.6562188 2.8083146 1.338342 27.705437 -1.5904604196548462 0.29961827397346497
Car 0.0 0 1.4629583358764648 608.451904296875 170.09033203125 637.4730224609375 193.29066467285156 3.7288034 1.5152445 1.5735434 0.81545174 1.3351038 49.050175 1.479581594467163 0.28416526317596436
