Pedestrian 0.0 0 0.26247090101242065 254.93881225585938 154.82696533203125 368.1897277832031 332.70916748046875 0.9457003 1.7329997 0.6282397 -3.0351634 1.4845785 7.257693 -0.1336255818605423 0.7736702561378479
Pedestrian 0.0 0 -1.5995393991470337 838.9703369140625 173.01121520996094 867.3980102539062 243.2386474609375 0.89748514 1.730912 0.65226483 6.254054 1.5479314 17.948072 -1.264243721961975 0.21838900446891785
Pedestrian 0.0 0 -0.23082780838012695 636.5803833007812 171.2833709716797 697.2889404296875 271.0382995605469 0.990515 1.7778339 0.6306945 1.0836438 1.6152173 12.980787 -0.14754034578800201 0.21290500462055206
Pedestrian 0.0 0 -0.3405250310897827 822.5977783203125 192.62599182128906 871.247314453125 282.0807800292969 0.71361965 1.7097919 0.7015793 4.724511 1.9570469 13.961437 -0.014223948121070862 0.17817407846450806
Pedestrian 0.0 0 2.2852783203125 253.15652465820312 172.2897186279297 308.25048828125 265.4552001953125 0.711834 1.7414327 0.6634599 -6.2938704 1.5896041 13.645295 1.85310959815979 0.12580811977386475
Pedestrian 0.0 0 -1.2308835983276367 484.8230285644531 165.77784729003906 535.0368041992188 265.18524169921875 1.0131869 1.77748 0.63022494 -1.803179 1.5158787 13.197552 -1.3666726350784302 0.12493972480297089
Pedestrian 0.0 0 -0.7830427885055542 983.5972290039062 193.15304565429688 1123.14208984375 370.0 0.65902364 1.6268744 0.5863296 3.276182 1.7295786 5.2787356 -0.22758661210536957 0.12204962968826294
Pedestrian 0.0 0 -1.6703089475631714 841.6742553710938 156.6403350830078 884.1751098632812 259.58111572265625 0.9726453 1.7799034 0.6227325 4.5990777 1.3690026 12.767846 -1.3245694637298584 0.12079758942127228
Pedestrian 0.0 0 -2.046520948410034 1114.815185546875 188.74342346191406 1224.0 370.0 0.6752996 1.6661044 0.65906215 4.3115206 1.7342933 5.2990294 -1.3635159730911255 0.11230939626693726
Pedestrian 0.0 0 -2.4266481399536133 1129.5919189453125 143.6451873779297 1204.1422119140625 254.78244018554688 0.7219662 1.7449611 0.61719257 9.088211 1.1679617 11.508532 -1.758223295211792 0.10969390720129013
Pedestrian 0.0 0 1.5092425346374512 964.80712890625 136.8586883544922 1013.9932250976562 254.24325561523438 1.7192298 1.7711309 0.59226656 6.214887 1.1143193 11.567854 2.0022480487823486 0.10741930454969406
Cyclist 0.0 0 1.5092425346374512 964.80712890625 136.8586883544922 1013.9932250976562 254.24325561523438 1.7192298 1.7711309 0.59226656 6.214887 1.1143193 11.567854 2.0022480487823486 0.25873863697052
Cyclist 0.0 0 -2.2652196884155273 0.0 175.26638793945312 80.75469970703125 258.5098571777344 1.9239655 1.610893 0.7468634 -11.745379 1.5112466 14.222503 -2.9555137157440186 0.20724603533744812
Cyclist 0.0 0 -1.3501321077346802 233.92086791992188 189.63864135742188 312.11419677734375 309.9527893066406 1.8015842 1.620013 0.6871249 -4.9798365 1.7712424 10.613907 -1.7888214588165283 0.14548200368881226
Cyclist 0.0 0 -1.2682713270187378 63.48923110961914 150.4613037109375 125.73735809326172 247.44566345214844 1.5865077 1.6812826 0.48604265 -9.453496 1.1621895 13.081513 -1.8940445184707642 0.12310036271810532
Cyclist 0.0 0 0.42345061898231506 42.13535690307617 192.13877868652344 106.09676361083984 253.7742156982422 1.3019686 1.7170552 0.6989056 -15.301892 2.061786 20.358448 -0.22108885645866394 0.11331911385059357
Cyclist 0.0 0 0.2964669167995453 257.47271728515625 155.83590698242188 376.5466003417969 333.0379638671875 0.9953003 1.7277455 0.6164726 -2.9731026 1.4889629 7.242012 -0.09308858960866928 0.10953173786401749
Car 0.0 0 1.6791033744812012 59.13984298706055 188.52944946289062 125.25544738769531 232.58340454101562 3.9400485 1.4600863 1.5721592 -19.002707 1.7841103 26.29504 1.0533223152160645 0.16293342411518097
