Pedestrian 0.0 0 1.7237483263015747 789.5674438476562 145.35533142089844 811.150390625 200.2057647705078 0.76968664 1.8605376 0.6127889 6.541176 0.9281354 24.946959 1.9801790714263916 0.3650660216808319
Pedestrian 0.0 0 -0.8386475443840027 0.0 142.0579376220703 70.94242095947266 285.2945556640625 0.8316617 1.7337108 0.60547984 -7.5203977 1.3613185 9.159565 -1.5260885953903198 0.2934800684452057
Car 0.0 0 -2.1082897186279297 821.5958862304688 202.3809051513672 1242.0 375.0 3.7908916 1.407771 1.574204 2.859224 1.6985568 5.1741924 -1.6034576892852783 0.895051121711731
Car 0.0 0 1.844980001449585 288.00933837890625 188.3388671875 466.3265686035156 300.8463439941406 4.1453133 1.4012382 1.624718 -3.554378 1.6965075 11.649045 1.5488308668136597 0.8785029649734497
Car 0.0 0 1.771438479423523 436.9295349121094 175.29446411132812 520.7677001953125 236.96156311035156 3.653793 1.52126 1.5586089 -3.539946 1.5947946 19.787601 1.5944139957427979 0.858069121837616
Car 0.0 0 1.3864336013793945 665.0753173828125 180.3988037109375 750.338134765625 240.01983642578125 4.112177 1.4716561 1.6354017 2.6022017 1.7077173 20.43862 1.5130701065063477 0.8539572358131409
Car 0.0 0 1.656619906425476 500.2817687988281 177.55882263183594 547.3402099609375 216.86746215820312 3.772391 1.4480999 1.5569304 -3.437837 1.6496757 28.945871 1.5384058952331543 0.7700961232185364
Car 0.0 0 1.457454800605774 652.2271728515625 179.73678588867188 702.97119140625 219.57440185546875 3.8819783 1.470948 1.6054169 2.6334763 1.7692837 29.275497 1.547168254852295 0.5972840785980225
Car 0.0 0 1.4253016710281372 635.8828735351562 177.20237731933594 675.9344482421875 207.41781616210938 4.054727 1.5553135 1.6249355 2.4445453 1.8082963 39.827423 1.4866032600402832 0.3085683584213257
Car 0.0 0 1.7190181016921997 530.9968872070312 178.02146911621094 567.5587768554688 205.78631591796875 3.5828652 1.4561442 1.5270758 -3.3878932 1.7587214 40.3594 1.6352713108062744 0.3004533052444458
