Pedestrian 0.0 0 1.8734692335128784 20.851058959960938 158.51771545410156 71.93032836914062 245.76316833496094 0.8111617 1.7741051 0.6343517 -11.877986 1.4829397 15.161072 1.208899736404419 0.3804263770580292
Car 0.0 0 -2.735255241394043 188.5736846923828 182.93798828125 410.6552734375 257.39532470703125 4.0745006 1.4942234 1.6497625 -6.6091304 1.7233948 15.536196 -3.1374664306640625 0.8660941123962402
Car 0.0 0 -1.7583223581314087 664.4845581054688 175.38975524902344 751.1797485351562 240.6403045654297 4.2651386 1.6717461 1.6812395 2.653086 1.7529877 20.832512 -1.6316510438919067 0.8512682318687439
Car 0.0 0 -2.710967779159546 310.57440185546875 184.1326904296875 464.52679443359375 239.19732666015625 3.830432 1.4394264 1.5935757 -6.2578325 1.7738613 20.327438 -3.0096120834350586 0.7341625690460205
Car 0.0 0 -1.659282922744751 650.7464599609375 181.12356567382812 696.2207641601562 219.39321899414062 3.8904073 1.5336384 1.6389477 2.6879082 1.9197067 31.702965 -1.5747010707855225 0.7197898030281067
Car 0.0 0 0.48847678303718567 277.75762939453125 187.4921875 452.9039611816406 251.951904296875 3.8573701 1.4733672 1.6094118 -6.1276054 1.8633422 18.096786 0.16199207305908203 0.6018922328948975
Car 0.0 0 0.2673325538635254 367.3572998046875 170.83511352539062 496.2010192871094 215.12481689453125 4.466875 1.6302512 1.7273 -6.7589607 1.5562961 27.47793 0.02614307403564453 0.5601489543914795
Car 0.0 0 3.3622756004333496 363.3134460449219 178.32687377929688 480.5976257324219 223.2931365966797 3.7127116 1.5064712 1.5852255 -6.5517073 1.7047163 25.232386 3.1082310676574707 0.419213205575943
Car 0.0 0 -1.2940196990966797 441.0122985839844 171.66824340820312 501.32977294921875 210.9630126953125 3.523675 1.5693344 1.6132926 -5.8664722 1.5223364 30.639305 -1.483198881149292 0.39705055952072144
Car 0.0 0 1.4989209175109863 636.3896484375 179.05551147460938 667.136474609375 205.8197479248047 3.8598216 1.5157546 1.577558 2.4556909 1.9084464 43.702652 1.5550527572631836 0.37645214796066284
Car 0.0 0 -1.0926532745361328 0.0 188.73269653320312 122.95780181884766 373.7411193847656 4.1539216 1.4803593 1.6479603 -7.481277 1.7137071 8.3678255 -1.8221728801727295 0.3634301424026489
Car 0.0 0 0.6505447626113892 853.8699340820312 221.60635375976562 1242.0 375.0 3.2707062 1.4339327 1.4977009 3.46224 1.9196904 5.388339 1.2216600179672241 0.35703685879707336
Car 0.0 0 -2.756042242050171 439.4794006347656 177.61257934570312 520.0608520507812 211.0988006591797 3.4481885 1.5344064 1.5932435 -6.2450485 1.7698842 34.514935 -2.9350430965423584 0.34167852997779846
