Car 0.0 0 2.6666910648345947 823.2056884765625 196.5578155517578 1104.7725830078125 289.2108154296875 4.26403 1.4929098 1.6699526 6.170508 1.9495754 12.98582 3.1102802753448486 0.8469392657279968
Car 0.0 0 3.4951136112213135 193.5681915283203 185.92308044433594 420.5956726074219 264.42071533203125 4.09487 1.5243747 1.6633667 -6.2993364 1.8170029 15.222803 3.102759599685669 0.7740237712860107
Car 0.0 0 -0.4169715642929077 774.34375 191.81398010253906 930.17626953125 247.79379272460938 3.8887784 1.4659324 1.6150435 6.7902055 2.032713 20.559084 -0.09797366708517075 0.7384817600250244
Car 0.0 0 3.449643135070801 284.6476135253906 191.06488037109375 464.62322998046875 254.14788818359375 3.909942 1.4411482 1.6049143 -5.7423215 1.9103299 17.761078 3.1369411945343018 0.7272770404815674
Car 0.0 0 2.4647505283355713 982.6245727539062 195.0135040283203 1242.0 333.15240478515625 3.6042774 1.434024 1.5504483 6.568889 1.7225614 8.564982 3.1190099716186523 0.6601342558860779
Car 0.0 0 2.9390580654144287 697.8604736328125 189.0199737548828 797.4844360351562 226.9375 4.1496406 1.6225842 1.6978899 6.1075726 2.3712082 32.51095 3.124755620956421 0.6306997537612915
Car 0.0 0 0.831301212310791 0.0 214.26834106445312 172.9033966064453 375.0 3.8401585 1.4545631 1.5897802 -5.4841137 1.7873505 4.99212 -0.0010253218933939934 0.6007327437400818
Car 0.0 0 -2.1701388359069824 844.9476928710938 217.5115203857422 1242.0 375.0 3.9335773 1.415965 1.5780352 2.6473567 1.7795252 3.8967385 -1.573387861251831 0.5804871320724487
Car 0.0 0 0.41614970564842224 355.0457763671875 187.27980041503906 501.4364013671875 240.71536254882812 4.0829597 1.5240034 1.6435177 -5.630494 1.9944007 22.353127 0.16939449310302734 0.5610973238945007
Car 0.0 0 0.28285419940948486 469.59619140625 189.78231811523438 546.4402465820312 219.235107421875 3.996733 1.5692064 1.6831449 -5.7782955 2.553983 40.83976 0.14230012893676758 0.5600822567939758
Car 0.0 0 2.7506141662597656 750.0971069335938 189.10064697265625 889.3970947265625 240.72933959960938 3.9117165 1.5164458 1.635355 6.5461416 2.0550756 22.871138 3.0293798446655273 0.5435584783554077
Car 0.0 0 0.2228696346282959 390.7280578613281 179.81712341308594 506.30810546875 221.1275634765625 4.028753 1.5080914 1.6334082 -6.1198034 1.7812234 27.439192 0.0034296512603759766 0.49947524070739746
Car 0.0 0 1.6553518772125244 642.0238647460938 190.3483123779297 674.5004272460938 217.14840698242188 4.205071 1.5539026 1.7602284 3.1519165 2.7458313 46.93124 1.7224115133285522 0.47679221630096436
