Pedestrian 0.0 0 -0.9717427492141724 463.9739074707031 180.59202575683594 479.9360656738281 208.21258544921875 0.84991354 1.7282213 0.62930506 -8.820115 2.226891 45.94765 -1.161395788192749 0.24031680822372437
Pedestrian 0.0 0 0.8123129606246948 215.359619140625 156.37738037109375 249.4822998046875 213.1594696044922 0.85436314 1.8485303 0.5696271 -12.547393 1.3124951 23.894264 0.32877063751220703 0.1901254504919052
Pedestrian 0.0 0 -1.2818195819854736 476.27227783203125 178.80877685546875 486.79852294921875 202.20326232910156 0.77106905 1.7575126 0.5930924 -9.786585 2.213844 54.83113 -1.4584455490112305 0.16647374629974365
Pedestrian 0.0 0 0.629099428653717 262.3037109375 163.78042602539062 291.8753356933594 213.62271118164062 0.82323116 1.8070545 0.5454675 -12.269974 1.4784464 26.50444 0.19553661346435547 0.13421966135501862
Pedestrian 0.0 0 -1.7136999368667603 831.8515014648438 144.68939208984375 861.7981567382812 216.32606506347656 0.9251484 1.8581021 0.6299403 6.2512927 1.1279305 19.221947 -1.3992723226547241 0.13301661610603333
Pedestrian 0.0 0 2.382904052734375 1008.5809326171875 104.238037109375 1110.577880859375 249.461669921875 0.9762968 1.8421121 0.639495 5.8910837 0.9721 9.5627775 2.9350366592407227 0.13139215111732483
Pedestrian 0.0 0 1.9273029565811157 481.0487976074219 175.859130859375 499.23956298828125 204.9933319091797 1.7523842 1.7857134 0.55207014 -7.5511575 1.9786508 45.323235 1.7622125148773193 0.12310593575239182
Cyclist 0.0 0 1.9106330871582031 480.8619384765625 175.9756317138672 499.2989807128906 205.01803588867188 1.84179 1.7739362 0.5600337 -7.53901 1.974123 45.23042 1.7454713582992554 0.4128170311450958
Car 0.0 0 1.8549102544784546 358.4049987792969 183.23223876953125 485.2745361328125 266.6112060546875 3.7264626 1.4681035 1.5620222 -3.8180325 1.7123358 15.062346 1.6066571474075317 0.8943607211112976
Car 0.0 0 1.828653335571289 23.514677047729492 191.31275939941406 74.76973724365234 219.2520294189453 3.5283563 1.4769226 1.5414457 -33.087112 2.6166177 42.60793 1.1683766841888428 0.34439340233802795
Car 0.0 0 1.4865984916687012 35.118804931640625 182.58831787109375 135.70533752441406 257.1016845703125 4.093914 1.5403651 1.6195482 -12.8666115 1.8052509 17.530037 0.8534324169158936 0.12468910217285156
