Pedestrian 0.0 0 1.083392858505249 737.3304443359375 159.11428833007812 809.0866088867188 285.00775146484375 0.95177835 1.8042893 0.6833384 2.5301116 1.4847746 10.839807 1.3126968145370483 0.7211178541183472
Pedestrian 0.0 0 1.9215326309204102 506.03106689453125 172.9160614013672 526.986083984375 214.2981719970703 0.91440386 1.8098397 0.6519329 -3.7836034 1.4353788 31.933712 1.8035993576049805 0.4674404561519623
Pedestrian 0.0 0 -1.5291433334350586 455.06121826171875 165.5729522705078 476.409912109375 219.44485473632812 0.83950275 1.7867848 0.6768751 -4.60602 1.2596127 24.287058 -1.7165666818618774 0.4016707241535187
Pedestrian 0.0 0 -2.7203898429870605 385.1407775878906 169.67852783203125 412.60333251953125 221.05848693847656 0.7420523 1.75869 0.5896767 -7.049907 1.3551239 24.930904 -2.9959726333618164 0.3565309941768646
Pedestrian 0.0 0 -1.0933656692504883 401.9698181152344 170.64144897460938 431.38555908203125 226.52862548828125 0.7087263 1.7191106 0.6398138 -5.811767 1.3862116 22.510386 -1.3460297584533691 0.32453233003616333
Pedestrian 0.0 0 3.4632818698883057 0.0 136.06402587890625 57.72444534301758 298.56243896484375 0.8602549 1.775088 0.5127613 -6.8924866 1.2801142 8.240347 2.7667179107666016 0.29160162806510925
Pedestrian 0.0 0 -1.1958203315734863 831.2249755859375 135.5301055908203 881.7345581054688 240.84304809570312 0.7081836 1.7928305 0.6271728 4.470687 1.011528 12.69916 -0.8573240041732788 0.2841528356075287
Pedestrian 0.0 0 -1.3701118230819702 531.3821411132812 167.81893920898438 543.6600341796875 199.61962890625 0.7933087 1.8485204 0.5724697 -3.748382 1.054043 42.179173 -1.4587470293045044 0.2723618745803833
Pedestrian 0.0 0 -1.276773452758789 88.25501251220703 125.86207580566406 139.84410095214844 222.94027709960938 0.8958068 1.7744616 0.57809716 -9.278819 0.75873995 13.641393 -1.8740839958190918 0.2383972555398941
Pedestrian 0.0 0 0.7748295068740845 975.4247436523438 113.26602172851562 1050.6796875 237.60870361328125 0.8271519 1.8192245 0.5806809 6.23557 0.82222223 10.984805 1.2911256551742554 0.223171666264534
Pedestrian 0.0 0 0.1903596818447113 313.9394226074219 138.97320556640625 419.6105041503906 232.8749237060547 1.810624 1.7248645 0.70510656 -4.4676003 0.9449624 13.655733 -0.1258240044116974 0.10830540210008621
Cyclist 0.0 0 0.26794755458831787 310.2579040527344 140.30845642089844 416.9096984863281 233.6930694580078 1.8074769 1.7227246 0.68258744 -4.527452 0.9641026 13.637293 -0.052593983709812164 0.5334538817405701
Cyclist 0.0 0 -1.6611926555633545 782.2030029296875 167.96510314941406 823.3161010742188 257.143798828125 1.9321467 1.7157459 0.63475317 4.088624 1.4565971 14.824836 -1.3920869827270508 0.40972578525543213
Cyclist 0.0 0 0.5161497592926025 0.0 192.15853881835938 135.1226043701172 321.44146728515625 1.7656165 1.6095876 0.7173308 -7.3487086 1.7590312 9.500027 -0.14225134253501892 0.37594205141067505
Cyclist 0.0 0 1.8971458673477173 155.97618103027344 83.73507690429688 274.6972961425781 283.3800048828125 1.685631 1.7085258 0.50726056 -3.7507808 0.873256 7.0177393 1.4063029289245605 0.3173080086708069
Cyclist 0.0 0 -1.358696699142456 23.692407608032227 125.11795043945312 93.0972900390625 232.2960205078125 1.8457721 1.7043711 0.5808204 -9.356156 0.80906594 12.379827 -2.005872964859009 0.2840237319469452
Cyclist 0.0 0 -0.25494468212127686 461.40643310546875 171.69497680664062 503.9455261230469 207.793212890625 1.941386 1.725877 0.6706877 -5.799989 1.2579999 35.042645 -0.418969988822937 0.2734023630619049
Cyclist 0.0 0 -2.225351095199585 294.5224914550781 179.87860107421875 367.6656494140625 250.62442016601562 1.8331453 1.6754125 0.72858447 -6.7429814 1.6382154 17.801193 -2.5874435901641846 0.21936869621276855
Car 0.0 0 1.8442068099975586 239.3129119873047 187.85069274902344 527.0126342773438 374.0 4.210815 1.4521366 1.6329342 -1.9034915 1.5383543 7.475116 1.5948623418807983 0.8757962584495544
Car 0.0 0 -1.6472725868225098 600.7239379882812 141.5063934326172 680.3326416015625 218.4868621826172 4.437046 1.7976162 1.7297415 0.8814825 0.86490685 19.015238 -1.6009491682052612 0.2907934784889221
Car 0.0 0 2.089513063430786 569.7093505859375 174.93702697753906 616.7574462890625 198.3045654296875 3.7585487 1.5491394 1.5999249 -0.513375 1.1147304 49.650047 2.0791735649108887 0.2158185988664627
