Pedestrian 0.0 0 -1.6530946493148804 872.8350219726562 160.3265838623047 893.7385864257812 207.93157958984375 0.8071527 1.8369031 0.70177454 10.679062 1.3538738 28.323206 -1.2925342321395874 0.21964523196220398
Pedestrian 0.0 0 -1.68648362159729 702.7777709960938 170.2576446533203 728.8321533203125 234.11717224121094 0.841035 1.8180232 0.6540788 3.0203326 1.7444654 20.968092 -1.5434234142303467 0.21388061344623566
Pedestrian 0.0 0 -1.8259111642837524 1069.0487060546875 143.21310424804688 1094.89013671875 193.3406524658203 0.7187595 1.9636024 0.70089555 18.733318 0.8028637 28.713446 -1.247834324836731 0.17372621595859528
Pedestrian 0.0 0 -0.6962645649909973 672.8204956054688 166.7569122314453 703.1595458984375 225.83074951171875 0.70094645 1.806561 0.62925756 2.3869042 1.6204616 22.519392 -0.5906655788421631 0.17300866544246674
Cyclist 0.0 0 -3.6943066120147705 1161.684814453125 159.57359313964844 1242.0 238.00828552246094 1.8676512 1.7132407 0.7441781 13.640634 1.4235162 16.26108 -2.9963204860687256 0.44852352142333984
Cyclist 0.0 0 -0.5108630657196045 769.223876953125 162.6673583984375 825.34814453125 215.10287475585938 1.8369914 1.8087205 0.6399407 6.55433 1.4576988 25.430334 -0.25861620903015137 0.29732808470726013
Car 0.0 0 1.4096311330795288 371.4050598144531 184.25267028808594 446.8153076171875 238.19522094726562 4.0636725 1.4640169 1.6330601 -6.442261 1.8574151 22.690384 1.132990837097168 0.7836878895759583
Car 0.0 0 -2.2645201683044434 35.821563720703125 175.01953125 300.64080810546875 289.8154296875 4.3688912 1.862669 1.7810439 -8.17421 1.9076048 13.306679 -2.8153836727142334 0.7226847410202026
Car 0.0 0 1.5046594142913818 294.1806640625 181.51919555664062 355.5675354003906 233.64808654785156 3.6160412 1.4642011 1.5605137 -9.145636 1.7630658 22.88575 1.1244795322418213 0.6898213624954224
Car 0.0 0 1.553755283355713 750.3129272460938 160.45204162597656 797.5929565429688 205.81991577148438 4.0736814 1.6375935 1.6751372 6.3183823 1.1902919 28.205809 1.7741271257400513 0.26978641748428345
Car 0.0 0 -2.707486867904663 440.09735107421875 159.7702178955078 531.9638671875 196.14151000976562 3.6712253 1.5481803 1.6206944 -5.51432 0.9916141 31.97039 -2.878288507461548 0.1740981489419937
