Pedestrian 0.0 0 3.5078697204589844 251.00433349609375 137.65481567382812 338.2395324707031 288.84063720703125 0.7962326 1.7577605 0.6272479 -3.7837 1.2613049 8.548805 3.091186761856079 0.6480455994606018
Pedestrian 0.0 0 -2.358450174331665 250.55345153808594 168.57638549804688 300.484130859375 258.8746032714844 0.6196484 1.6840191 0.61004555 -6.3636193 1.4632863 13.572936 -2.796865701675415 0.3111540377140045
Pedestrian 0.0 0 1.9770478010177612 754.4056396484375 124.29623413085938 807.5993041992188 232.60894775390625 0.8624196 1.8184443 0.6166412 3.0483763 0.87649786 12.395462 2.218189239501953 0.24138306081295013
Pedestrian 0.0 0 -0.4468989372253418 819.7238159179688 186.26255798339844 871.0197143554688 275.6452331542969 0.74793047 1.7165316 0.6608258 4.707036 1.8353059 13.995148 -0.12245075404644012 0.23639076948165894
Pedestrian 0.0 0 -1.434356689453125 1131.9461669921875 200.0797576904297 1224.0 370.0 0.73991066 1.6689495 0.684888 5.299371 1.8647274 6.500848 -0.7504270076751709 0.2041768878698349
Pedestrian 0.0 0 1.5110408067703247 840.2833251953125 171.41085815429688 868.5128784179688 242.6801300048828 0.77788377 1.7521994 0.6237006 6.247205 1.5303347 17.837688 1.8479161262512207 0.2013866901397705
Pedestrian 0.0 0 -2.169020891189575 1111.4442138671875 186.7612762451172 1224.0 370.0 0.6823513 1.6616023 0.67180747 4.3237123 1.7136414 5.3102174 -1.485666036605835 0.1627352386713028
Pedestrian 0.0 0 -0.8017474412918091 983.4421997070312 194.77700805664062 1123.823974609375 370.0 0.6672597 1.6191331 0.58684796 3.2775462 1.7348782 5.276749 -0.2459360510110855 0.14497964084148407
Pedestrian 0.0 0 -2.009194850921631 1153.9371337890625 158.3458709716797 1224.0 262.04278564453125 1.3959473 1.6770644 0.5639326 10.090942 1.3204246 12.176345 -1.3171775341033936 0.11731704324483871
Pedestrian 0.0 0 -0.3389584720134735 637.2721557617188 174.05068969726562 698.5494995117188 272.2198181152344 0.96255517 1.7418948 0.6332913 1.1026677 1.6291025 12.9682455 -0.2541342079639435 0.1170373260974884
Cyclist 0.0 0 -1.4899463653564453 81.87242126464844 157.9637908935547 124.85838317871094 255.5753631591797 1.6999711 1.7050179 0.5231869 -9.392338 1.3130144 13.209434 -2.1080384254455566 0.15612445771694183
Cyclist 0.0 0 -2.009194850921631 1153.9371337890625 158.3458709716797 1224.0 262.04278564453125 1.3959473 1.6770644 0.5639326 10.090942 1.3204246 12.176345 -1.3171775341033936 0.11714249849319458
Cyclist 0.0 0 -1.1534559726715088 1122.4046630859375 196.61253356933594 1224.0 370.0 1.1653432 1.6417128 0.6712594 5.4275546 1.8049229 6.5234356 -0.45949995517730713 0.1076175719499588
Car 0.0 0 -0.04474855959415436 466.6581726074219 193.9643096923828 638.5272216796875 261.2734069824219 3.884935 1.4619901 1.6009997 -1.2945026 1.8031235 16.794874 -0.12167371064424515 0.15203885734081268
