Pedestrian 0.0 0 -2.11130428314209 1046.0443115234375 116.54390716552734 1099.0667724609375 200.465576171875 0.88197863 1.8674679 0.64934766 10.648095 0.44589728 16.182713 -1.5293313264846802 0.3921131193637848
Pedestrian 0.0 0 -1.7885351181030273 535.2999877929688 163.80726623535156 549.5996704101562 197.9037322998047 0.83602583 1.8293055 0.6067614 -3.4128706 0.93513125 38.418888 -1.8771356344223022 0.278194785118103
Pedestrian 0.0 0 0.1724974662065506 431.087890625 171.98387145996094 454.9809265136719 222.44419860839844 0.69424397 1.7170889 0.7130973 -5.61965 1.4288325 24.42947 -0.05360482633113861 0.2232905477285385
Pedestrian 0.0 0 -2.2184386253356934 889.5350341796875 135.54368591308594 927.3465576171875 190.1468963623047 1.285273 1.8711764 0.5604995 10.652207 0.33211932 24.915882 -1.814429759979248 0.18377193808555603
Pedestrian 0.0 0 2.325566053390503 556.1807250976562 168.19900512695312 580.8715209960938 195.43214416503906 1.7832509 1.769785 0.56547 -2.4057827 0.9717181 46.80649 2.2742128372192383 0.11684300750494003
Cyclist 0.0 0 -3.0496256351470947 682.5925903320312 163.0205841064453 720.1849975585938 196.3789520263672 1.9055244 1.7311217 0.71408683 5.0702324 0.82545024 37.249622 -2.914341926574707 0.5952682495117188
Cyclist 0.0 0 -1.129108190536499 355.9589538574219 178.53790283203125 384.7499694824219 218.00198364257812 1.7378551 1.6885148 0.51220423 -10.339163 1.606041 31.140417 -1.4496740102767944 0.528925895690918
Cyclist 0.0 0 -0.22091044485569 622.8448486328125 164.28839111328125 657.3118896484375 196.2661590576172 1.8895503 1.8154279 0.60556674 2.003207 0.8964545 40.594967 -0.1716042459011078 0.5136037468910217
Cyclist 0.0 0 2.5878870487213135 555.4909057617188 167.80580139160156 582.61181640625 195.1748504638672 1.7599958 1.7845074 0.5662336 -2.3756707 0.9581541 46.82881 2.5371994972229004 0.31669604778289795
Cyclist 0.0 0 -2.141648530960083 888.9429321289062 134.95970153808594 927.1900024414062 189.24363708496094 1.4505059 1.8598955 0.54132074 10.663504 0.30111063 24.980413 -1.7381912469863892 0.22200307250022888
Cyclist 0.0 0 -2.1182780265808105 1044.511962890625 115.9722900390625 1100.89599609375 200.7333984375 0.99837154 1.878432 0.64890254 10.642643 0.45001608 16.17436 -1.536303162574768 0.10781172662973404
Car 0.0 0 -1.4688760042190552 501.0785217285156 174.90589904785156 543.8189086914062 209.1061553955078 3.640663 1.4798727 1.5855534 -3.7488024 1.239285 32.420254 -1.583996295928955 0.8731253743171692
Car 0.0 0 2.463958978652954 1035.931396484375 132.5376434326172 1224.0 195.43357849121094 4.0297327 1.5588136 1.6487995 13.693813 0.3717103 18.419577 3.1032471656799316 0.648285984992981
Car 0.0 0 2.6545372009277344 907.6419067382812 149.3285369873047 983.8046264648438 173.17454528808594 4.4593754 1.5955206 1.6985976 23.486845 -0.5141678 48.812656 3.1030020713806152 0.29270070791244507
Car 0.0 0 2.1123642921447754 369.3072509765625 178.4607391357422 409.6685485839844 197.72970581054688 3.6231828 1.5489295 1.5683783 -17.857113 1.3862348 58.779182 1.817425012588501 0.2067946195602417
