Pedestrian 0.0 0 -1.690131664276123 335.6233215332031 151.3578643798828 429.2914733886719 374.0 0.8055294 1.6467166 0.5772471 -1.7253011 1.4403887 5.4341106 -1.9975603818893433 0.6618857383728027
Pedestrian 0.0 0 0.8243147134780884 416.1950378417969 162.71560668945312 494.61944580078125 301.6117248535156 0.7355721 1.6914734 0.66474235 -1.9199412 1.4640584 9.229373 0.6192147731781006 0.6487405300140381
Pedestrian 0.0 0 1.8559993505477905 649.0025024414062 166.650146484375 672.4921264648438 222.64517211914062 0.69870263 1.7799009 0.58640385 1.8986745 1.308974 23.26217 1.9374395608901978 0.6294536590576172
Pedestrian 0.0 0 1.755311131477356 302.91064453125 160.3722686767578 361.708251953125 286.5578308105469 0.9583678 1.7569166 0.6453061 -3.9678392 1.4640688 10.527221 1.3948649168014526 0.6281382441520691
Pedestrian 0.0 0 -2.040451765060425 213.7382049560547 163.68234252929688 272.1365661621094 260.6055603027344 0.8213749 1.6534508 0.62173456 -6.40322 1.3507738 12.745707 -2.5060036182403564 0.6216609477996826
Pedestrian 0.0 0 -1.470327615737915 156.2616424560547 172.5749969482422 223.7135467529297 318.422607421875 0.80289364 1.6620169 0.6329218 -4.9965286 1.5616618 8.679055 -1.992687463760376 0.5173519849777222
Pedestrian 0.0 0 -2.3612754344940186 198.54931640625 169.03924560546875 314.0951843261719 359.90423583984375 0.7805025 1.6808069 0.59940404 -3.2730844 1.5724562 6.732621 -2.81378436088562 0.5136883854866028
Pedestrian 0.0 0 -2.9272892475128174 667.8637084960938 174.84884643554688 694.2556762695312 224.9817352294922 0.79538095 1.7259308 0.6727702 2.7710505 1.4980203 25.173065 -2.81765079498291 0.4669650197029114
Pedestrian 0.0 0 -1.5005183219909668 915.8489379882812 166.22637939453125 950.6873168945312 236.58245849609375 0.89236623 1.6943642 0.7273474 8.224436 1.32773 17.862932 -1.0690336227416992 0.41945546865463257
Pedestrian 0.0 0 -2.4817378520965576 251.15066528320312 167.59898376464844 339.52960205078125 319.85418701171875 0.69406855 1.6686492 0.63310313 -3.5565515 1.517656 8.263464 -2.888169050216675 0.4057311415672302
Pedestrian 0.0 0 -2.639738082885742 608.7822265625 159.32919311523438 651.3345947265625 229.9241485595703 0.91024226 1.7999302 0.65903217 0.71947736 1.2358288 18.829107 -2.601545810699463 0.35435718297958374
Pedestrian 0.0 0 -1.96751868724823 418.8555908203125 164.8161163330078 444.73516845703125 216.4619140625 0.68467635 1.7817069 0.6726692 -5.9888506 1.207205 25.253664 -2.2003650665283203 0.3379218876361847
Pedestrian 0.0 0 -1.1181726455688477 263.66094970703125 167.08251953125 313.1856994628906 252.9782257080078 0.74407595 1.7488437 0.6948239 -6.5665884 1.4565436 15.008444 -1.5306051969528198 0.3098948299884796
Pedestrian 0.0 0 -1.6086300611495972 583.6802368164062 176.41302490234375 605.4029541015625 229.7605743408203 0.8615937 1.7671193 0.69869846 -0.26335332 1.5997007 24.239275 -1.6194943189620972 0.291483610868454
Pedestrian 0.0 0 -1.5409958362579346 375.81439208984375 153.30091857910156 448.3876953125 348.96881103515625 0.6543523 1.67435 0.6077547 -1.7615803 1.4344329 6.5328765 -1.8043800592422485 0.2879762649536133
Pedestrian 0.0 0 1.7346247434616089 509.6982421875 169.15040588378906 522.06884765625 197.79782104492188 1.6816655 1.7601404 0.5037293 -5.344948 1.0021023 44.98442 1.6163614988327026 0.12036862969398499
Cyclist 0.0 0 1.4149857759475708 477.33489990234375 165.7259979248047 509.0690612792969 223.77088928222656 1.8213692 1.7744354 0.72278166 -3.4990783 1.2933401 22.934265 1.2635834217071533 0.7699362635612488
Cyclist 0.0 0 -0.40175580978393555 526.1469116210938 167.1859130859375 576.3472900390625 214.0259552001953 1.907702 1.8021487 0.5605761 -1.9907964 1.2524407 28.318268 -0.47194111347198486 0.4031681716442108
Cyclist 0.0 0 1.7346247434616089 509.6982421875 169.15040588378906 522.06884765625 197.79782104492188 1.6816655 1.7601404 0.5037293 -5.344948 1.0021023 44.98442 1.6163614988327026 0.2726692259311676
Cyclist 0.0 0 1.749648094177246 301.6873474121094 163.3490753173828 359.8747863769531 290.338623046875 1.0109308 1.7525055 0.62681615 -3.9660053 1.5033367 10.464837 1.3873893022537231 0.24178019165992737
Cyclist 0.0 0 -1.5077210664749146 914.9920654296875 165.62806701660156 949.9532470703125 236.40025329589844 1.0238507 1.7034726 0.73064315 8.228607 1.3226342 17.91148 -1.0770742893218994 0.16454656422138214
Cyclist 0.0 0 -1.548926830291748 220.8953857421875 163.71224975585938 262.3343200683594 262.4499206542969 0.9497625 1.6753453 0.636198 -6.415776 1.3748115 12.751336 -2.015087604522705 0.14074943959712982
Cyclist 0.0 0 -1.6169328689575195 338.92462158203125 155.19552612304688 425.1076354980469 374.0 0.87729925 1.6469945 0.57714266 -1.7420025 1.4667441 5.469661 -1.9252605438232422 0.1238056868314743
Car 0.0 0 1.758042335510254 336.08062744140625 183.59732055664062 447.3173522949219 265.651123046875 3.628498 1.4676198 1.5379004 -4.219907 1.5175728 14.817073 1.4805878400802612 0.5099381804466248
