Pedestrian 0.0 0 -1.9507120847702026 81.40325927734375 128.5522003173828 147.08787536621094 237.26234436035156 0.87231725 1.7868677 0.6494568 -8.551286 1.0590373 12.368918 -2.5556108951568604 0.4269494414329529
Pedestrian 0.0 0 1.7701445817947388 799.57470703125 122.70057678222656 858.18994140625 259.8811950683594 0.77913564 1.8346286 0.65016586 3.0320673 1.1642436 10.143669 2.060603141784668 0.3397604525089264
Pedestrian 0.0 0 -2.41499662399292 191.26255798339844 158.24574279785156 232.23683166503906 226.98583984375 0.7078302 1.7849826 0.63517445 -10.596759 1.4060065 19.120825 -2.9210586547851562 0.2063366025686264
Pedestrian 0.0 0 2.083418607711792 721.4952392578125 145.53253173828125 752.8402099609375 212.1792449951172 0.7249026 1.8731366 0.611782 3.6124058 1.1056123 20.750618 2.2557778358459473 0.1874837577342987
Cyclist 0.0 0 -1.1376564502716064 48.152645111083984 158.29539489746094 120.58637237548828 250.4948272705078 1.7659397 1.749542 0.49053767 -10.644975 1.4736413 14.602764 -1.7675617933273315 0.29363006353378296
Cyclist 0.0 0 -2.0660600662231445 73.59601593017578 129.95846557617188 149.0580596923828 239.16815185546875 1.0198443 1.7937354 0.65739065 -8.601252 1.0895473 12.371669 -2.6735827922821045 0.10942897200584412
Car 0.0 0 1.8406821489334106 324.1009521484375 186.78697204589844 468.6771545410156 282.1429138183594 4.060059 1.5029209 1.6349669 -3.9931052 1.8130189 14.001101 1.5628585815429688 0.9059734344482422
Car 0.0 0 -1.564115285873413 625.9710693359375 171.5072479248047 679.5792846679688 221.08499145507812 3.5064666 1.4905565 1.6127039 1.3531257 1.4504243 23.491674 -1.5065786838531494 0.8462953567504883
Car 0.0 0 1.7406387329101562 480.0662841796875 174.65060424804688 537.206787109375 215.28541564941406 4.0600495 1.5244685 1.6332983 -4.079593 1.6029139 29.30314 1.6023075580596924 0.7950103878974915
Car 0.0 0 2.3301491737365723 0.0 182.5288543701172 113.94965362548828 375.0 3.9948523 1.4500531 1.5962278 -3.67779 1.5134697 2.5843248 1.371877908706665 0.37117794156074524
