Pedestrian 0.0 0 -1.7187281847000122 481.2344665527344 165.4156036376953 511.27099609375 232.80654907226562 0.89156055 1.7824183 0.68137854 -2.8971062 1.3581703 19.5222 -1.866053581237793 0.6945197582244873
Pedestrian 0.0 0 1.588882327079773 558.781005859375 171.51499938964844 572.9066162109375 207.58636474609375 0.9629822 1.7968105 0.69662863 -1.7993898 1.3003124 36.271774 1.5393143892288208 0.39222437143325806
Pedestrian 0.0 0 -1.5553498268127441 789.7501831054688 153.89227294921875 809.8063354492188 205.9423370361328 0.75589365 1.7949939 0.668664 6.946824 0.843985 25.226349 -1.286630630493164 0.35438430309295654
Pedestrian 0.0 0 -1.2460827827453613 671.3465576171875 170.68605041503906 705.2164916992188 236.05247497558594 0.93913215 1.8058254 0.69394994 2.4449685 1.5082299 20.415318 -1.1268889904022217 0.3490711450576782
Pedestrian 0.0 0 -2.0761165618896484 774.2879638671875 155.7440948486328 799.1864013671875 204.3645782470703 0.7883233 1.8284245 0.61627364 7.0618176 0.8608771 27.47001 -1.8244915008544922 0.34275633096694946
Pedestrian 0.0 0 -1.8127715587615967 846.029296875 173.7643585205078 905.0665893554688 290.65869140625 0.7449597 1.6861017 0.6639919 4.0489874 1.575835 10.767647 -1.45309579372406 0.3262151777744293
Pedestrian 0.0 0 1.4607895612716675 817.1007080078125 146.0706024169922 842.531005859375 210.1075439453125 0.8556203 1.8592904 0.62718445 6.746595 0.8317454 21.334745 1.7670650482177734 0.3118046522140503
Pedestrian 0.0 0 2.9017086029052734 730.2450561523438 168.25881958007812 812.3860473632812 300.57220458984375 0.95549667 1.7477309 0.6860486 2.2619581 1.5741559 9.835491 3.1277573108673096 0.3021693825721741
Pedestrian 0.0 0 0.11981046199798584 336.4096984863281 179.29197692871094 365.7023620605469 244.01611328125 0.6814817 1.7180758 0.6165031 -6.800501 1.6606302 19.439602 -0.2167103886604309 0.2810957133769989
Pedestrian 0.0 0 1.5495269298553467 803.7246704101562 147.65914916992188 825.3656616210938 205.5910186767578 0.83350116 1.8504229 0.6568234 6.918917 0.7706 23.43038 1.8366633653640747 0.25654685497283936
Pedestrian 0.0 0 -1.8385015726089478 967.4381713867188 125.47715759277344 1030.0087890625 245.02664184570312 0.70333666 1.8371054 0.7099333 6.278177 0.9775096 11.460218 -1.337330937385559 0.2532345652580261
Pedestrian 0.0 0 2.473904609680176 90.56925201416016 129.5757293701172 161.375732421875 233.58389282226562 0.9089198 1.8341063 0.60014963 -8.756051 0.9197349 13.190051 1.8878631591796875 0.23732198774814606
Pedestrian 0.0 0 -2.2964465618133545 370.6545104980469 164.0470733642578 420.1300048828125 253.63304138183594 0.7612061 1.8009659 0.6447141 -4.3142705 1.4513503 14.914054 -2.578035593032837 0.22783280909061432
Pedestrian 0.0 0 -2.2935903072357178 372.35064697265625 161.3585662841797 398.13067626953125 209.14280700683594 0.7788438 1.821909 0.5889595 -8.398522 1.0549847 27.841421 -2.5865652561187744 0.22388611733913422
Pedestrian 0.0 0 -1.7593475580215454 710.6531372070312 176.16830444335938 767.9428100585938 290.6963806152344 1.3407046 1.7403387 0.65920043 2.154313 1.6606237 11.584906 -1.5754890441894531 0.18234677612781525
Pedestrian 0.0 0 -2.1870954036712646 1039.67724609375 137.79922485351562 1201.803955078125 287.35040283203125 1.7989622 1.6913573 0.73217565 6.3755693 1.1984724 9.021307 -1.571871280670166 0.10190151631832123
Cyclist 0.0 0 1.9463937282562256 637.4368286132812 171.48822021484375 660.1143798828125 205.8709716796875 1.9299414 1.7998098 0.547757 2.551659 1.2765808 38.589016 2.0124216079711914 0.6627174019813538
Cyclist 0.0 0 -1.7023042440414429 710.38623046875 173.35879516601562 765.6419067382812 290.6351318359375 1.7484286 1.7539012 0.6422796 2.1346111 1.6334541 11.629469 -1.5207730531692505 0.4136955738067627
Cyclist 0.0 0 -1.2443177700042725 74.94478607177734 186.28060913085938 204.5084686279297 374.0 1.8017364 1.7074767 0.5516074 -4.6371303 1.7634698 7.267391 -1.8122631311416626 0.29566052556037903
Cyclist 0.0 0 -1.15700101852417 412.298828125 172.90438842773438 465.2036437988281 244.62637329101562 1.8892958 1.7504597 0.62594193 -4.194831 1.5418652 18.516085 -1.3797909021377563 0.26367220282554626
Cyclist 0.0 0 -2.1494462490081787 1137.954833984375 127.23805236816406 1238.0 264.7085876464844 1.7839041 1.7462171 0.5403118 8.308745 1.0582901 10.038705 -1.4580589532852173 0.22339172661304474
Cyclist 0.0 0 -2.1870954036712646 1039.67724609375 137.79922485351562 1201.803955078125 287.35040283203125 1.7989622 1.6913573 0.73217565 6.3755693 1.1984724 9.021307 -1.571871280670166 0.22052405774593353
Cyclist 0.0 0 -0.4777858853340149 661.941162109375 171.51649475097656 704.28955078125 235.6844024658203 0.9936582 1.7756982 0.6747291 2.2822137 1.5005801 20.368544 -0.36620527505874634 0.20048291981220245
Cyclist 0.0 0 -1.6790879964828491 481.5680847167969 165.68630981445312 510.6880187988281 233.4597625732422 0.9516751 1.7917855 0.6819973 -2.90313 1.3748726 19.53527 -1.826617956161499 0.129291370511055
Cyclist 0.0 0 -1.5431267023086548 789.9034423828125 154.2373504638672 810.1727905273438 206.2926025390625 0.8958502 1.7930014 0.6641734 6.967698 0.85503054 25.26531 -1.2740343809127808 0.11000274866819382
Car 0.0 0 -1.4015181064605713 759.2813110351562 154.7639617919922 856.0477294921875 226.4097900390625 3.708609 1.5183281 1.6252507 5.0050564 0.952965 17.243467 -1.1190226078033447 0.28272244334220886
Car 0.0 0 2.3433890342712402 672.698974609375 181.3549346923828 767.056640625 222.16610717773438 3.766315 1.5640566 1.6333828 4.8447075 1.559519 29.300877 2.5072500705718994 0.2340722680091858
