Pedestrian 0.0 0 -3.376934051513672 1006.8475341796875 158.59222412109375 1108.21728515625 323.55816650390625 0.8315219 1.7347615 0.5859117 4.979459 1.4952273 7.9612575 -2.8180031776428223 0.7047206163406372
Pedestrian 0.0 0 0.12416073679924011 761.5552978515625 162.32215881347656 834.5012817382812 295.50592041015625 0.933426 1.808888 0.6206343 2.7577686 1.5497403 10.217495 0.3877854347229004 0.6658130288124084
Pedestrian 0.0 0 1.6712168455123901 494.23699951171875 179.67477416992188 516.2857666015625 230.6778106689453 0.9491159 1.7963452 0.6947336 -3.467082 1.73312 25.783245 1.537548303604126 0.6524063348770142
Pedestrian 0.0 0 -2.447908878326416 327.3422546386719 182.46697998046875 364.5032653808594 248.5311279296875 0.6981632 1.7534331 0.6479733 -6.963496 1.7814077 19.499435 -2.7909059524536133 0.6057478189468384
Pedestrian 0.0 0 -2.3988513946533203 299.6773376464844 183.33697509765625 363.3518371582031 276.6566162109375 1.0163052 1.8240879 0.68007725 -5.5060587 1.8638598 14.5628805 -2.760327100753784 0.5801882743835449
Pedestrian 0.0 0 -1.7862123250961304 604.0887451171875 178.0765838623047 631.5174560546875 233.06045532226562 0.93013114 1.7875668 0.72744495 0.5117637 1.6773624 23.877459 -1.7647826671600342 0.576270580291748
Pedestrian 0.0 0 -1.8450254201889038 241.927734375 172.23040771484375 332.8242492675781 350.7052917480469 0.7484807 1.6933408 0.6669141 -3.2526157 1.6067662 7.3137684 -2.263484001159668 0.5534980893135071
Pedestrian 0.0 0 -1.6772369146347046 579.3299560546875 180.93067932128906 602.3457641601562 235.16798400878906 0.83493376 1.7612438 0.67493975 -0.38195804 1.74385 23.779394 -1.693298101425171 0.5405662059783936
Pedestrian 0.0 0 0.7645217180252075 271.5814208984375 180.118408203125 331.1944580078125 279.899169921875 0.83994263 1.8381605 0.63799685 -5.7484818 1.8139734 13.678906 0.3666861057281494 0.5253040790557861
Pedestrian 0.0 0 -3.074453353881836 621.4309692382812 173.93423461914062 662.797607421875 256.47528076171875 0.90957993 1.8506998 0.60499525 0.90348303 1.6822795 16.459171 -3.01961612701416 0.4547445774078369
Pedestrian 0.0 0 -1.8111510276794434 1038.487060546875 160.4417724609375 1087.1351318359375 242.14903259277344 0.7976307 1.7468271 0.7318949 10.128594 1.29785 15.850242 -1.2425346374511719 0.3606046736240387
Pedestrian 0.0 0 -1.4648758172988892 983.9122924804688 159.7887420654297 1033.382568359375 263.4043273925781 1.7400666 1.7472783 0.60140556 7.3447623 1.3824431 12.993441 -0.9503870010375977 0.2150176614522934
Cyclist 0.0 0 -1.4648758172988892 983.9122924804688 159.7887420654297 1033.382568359375 263.4043273925781 1.7400666 1.7472783 0.60140556 7.3447623 1.3824431 12.993441 -0.9503870010375977 0.4068056643009186
Cyclist 0.0 0 -2.4158549308776855 298.654296875 184.27940368652344 364.6375732421875 277.12457275390625 1.0934026 1.813782 0.6543183 -5.503137 1.8733014 14.560805 -2.7772021293640137 0.168454110622406
Cyclist 0.0 0 1.6589419841766357 494.4429016113281 179.5384063720703 516.1082763671875 231.20774841308594 0.9859996 1.8177592 0.6885171 -3.4655385 1.7498096 25.777 1.5253002643585205 0.16343529522418976
Cyclist 0.0 0 -1.786899209022522 603.9459228515625 177.77316284179688 631.6707153320312 233.36529541015625 1.0069853 1.8045828 0.71993166 0.5111593 1.6846994 23.878975 -1.7654962539672852 0.11328467726707458
Cyclist 0.0 0 -1.6810921430587769 579.0704956054688 180.77691650390625 602.0266723632812 235.56268310546875 0.8971608 1.7750951 0.66227347 -0.3917173 1.7527612 23.75877 -1.697577953338623 0.11307188868522644
Car 0.0 0 2.3198394775390625 0.0 134.7326202392578 327.1677551269531 374.0 3.9505801 1.490332 1.6115233 -2.5407846 1.4547516 2.566215 1.5394208431243896 0.666554868221283
Car 0.0 0 1.7640495300292969 373.2301330566406 170.3982696533203 470.8147277832031 244.7789764404297 4.503399 1.802821 1.7463934 -4.7958937 1.5349342 19.697355 1.5252175331115723 0.5780349373817444
Car 0.0 0 1.7208364009857178 433.2480163574219 182.0119171142578 495.4799499511719 229.98020935058594 4.016957 1.6068226 1.6393248 -4.921772 1.6279145 26.139055 1.5347235202789307 0.4918854832649231
