Pedestrian 0.0 0 -1.2467771768569946 918.9610595703125 166.15109252929688 1008.69482421875 324.290771484375 0.75947696 1.5800214 0.6505152 3.7897835 1.4383513 7.557736 -0.7819747924804688 0.7023354768753052
Pedestrian 0.0 0 0.3100484311580658 144.27516174316406 139.3920440673828 281.67657470703125 326.4889831542969 1.0808564 1.7719083 0.57739246 -3.9419749 1.3842915 7.0804954 -0.197952538728714 0.6160173416137695
Pedestrian 0.0 0 2.904130458831787 630.2318725585938 169.71095275878906 689.0370483398438 269.1011047363281 0.96459115 1.7740908 0.58489853 0.951297 1.5831511 12.983089 2.977271795272827 0.22900719940662384
Pedestrian 0.0 0 -1.5698935985565186 839.2896728515625 174.70143127441406 866.6051025390625 245.3088836669922 0.7761779 1.7356887 0.6372174 6.2202477 1.5947446 17.84736 -1.2345335483551025 0.18726827204227448
Pedestrian 0.0 0 -2.2482383251190186 1108.93212890625 192.06777954101562 1224.0 370.0 0.6890557 1.6487656 0.65407 4.3054442 1.7430489 5.3076177 -1.566716194152832 0.14201068878173828
Pedestrian 0.0 0 -0.772041916847229 982.9465942382812 193.24891662597656 1123.291748046875 370.0 0.65995616 1.6191629 0.59103924 3.2712135 1.7225597 5.275033 -0.21695131063461304 0.12299659848213196
Pedestrian 0.0 0 -0.7086486220359802 50.5980224609375 191.8985137939453 107.0051498413086 253.00186157226562 1.1880962 1.6903304 0.62683064 -15.232528 2.0320208 20.444687 -1.3489809036254883 0.11540941148996353
Pedestrian 0.0 0 -2.3182287216186523 1141.5670166015625 156.40586853027344 1224.0 260.4490051269531 1.5912285 1.6710358 0.5163668 10.081551 1.2857143 12.159576 -1.6259918212890625 0.10267351567745209
Cyclist 0.0 0 -2.3182287216186523 1141.5670166015625 156.40586853027344 1224.0 260.4490051269531 1.5912285 1.6710358 0.5163668 10.081551 1.2857143 12.159576 -1.6259918212890625 0.16113120317459106
Cyclist 0.0 0 0.32998448610305786 142.0537872314453 139.11520385742188 287.55096435546875 327.28448486328125 1.1563566 1.7850239 0.5685912 -3.9238682 1.3941343 7.083359 -0.17589080333709717 0.15182282030582428
Cyclist 0.0 0 3.644473075866699 36.31604766845703 193.03604125976562 106.41964721679688 255.82135009765625 1.46746 1.7526836 0.6760127 -15.37334 2.1229112 20.348131 2.997451066970825 0.15164987742900848
Cyclist 0.0 0 -2.0323266983032227 0.0 177.99354553222656 57.42295455932617 262.34246826171875 1.8115774 1.6151949 0.6391739 -11.939816 1.5688328 14.188237 -2.7318825721740723 0.14657507836818695
Cyclist 0.0 0 3.5107343196868896 218.47921752929688 164.46865844726562 313.4825744628906 257.8785095214844 1.5343671 1.7509043 0.6089633 -6.547623 1.4520442 13.612401 3.0623984336853027 0.11946322023868561
Car 0.0 0 1.9611444473266602 52.827178955078125 185.98367309570312 146.91268920898438 228.85494995117188 3.7877991 1.4509917 1.5363117 -18.798426 1.6733885 26.459333 1.3434295654296875 0.21320250630378723
Car 0.0 0 3.0900931358337402 584.7103271484375 179.929931640625 680.874755859375 215.40577697753906 3.881091 1.4293822 1.5826602 1.0880044 1.4079062 29.302393 3.127206325531006 0.14756837487220764
