Pedestrian 0.0 0 1.5805296897888184 1018.317138671875 153.29501342773438 1041.89404296875 208.27247619628906 1.2309653 1.8665293 0.6966045 14.632999 1.2028441 25.201094 2.1065993309020996 0.253176212310791
Pedestrian 0.0 0 -0.4289892613887787 792.1094360351562 164.0797882080078 833.55078125 227.99742126464844 0.9773022 1.8035129 0.6189088 5.7767735 1.556296 20.7385 -0.15732276439666748 0.2181520164012909
Pedestrian 0.0 0 -3.5395326614379883 1140.4471435546875 175.58213806152344 1178.204345703125 235.41549682617188 0.69083095 1.7065382 0.61015886 15.927403 1.7877222 20.992722 -2.890479803085327 0.18525484204292297
Pedestrian 0.0 0 0.09819535911083221 773.8749389648438 145.266357421875 810.43212890625 223.16461181640625 0.82101977 1.8731003 0.5787806 4.438034 1.2101007 17.757591 0.34310173988342285 0.17530936002731323
Cyclist 0.0 0 1.5774662494659424 1018.6382446289062 152.84902954101562 1041.77783203125 207.66586303710938 1.3366125 1.8609297 0.683457 14.658268 1.182156 25.241375 2.1035914421081543 0.15719902515411377
Cyclist 0.0 0 -0.4289892613887787 792.1094360351562 164.0797882080078 833.55078125 227.99742126464844 0.9773022 1.8035129 0.6189088 5.7767735 1.556296 20.7385 -0.15732276439666748 0.10075998306274414
Car 0.0 0 -1.9850420951843262 0.0 197.37086486816406 130.709228515625 273.42431640625 3.7304394 1.4953026 1.6139468 -13.124993 2.12096 16.805708 -2.6480801105499268 0.7823649048805237
Car 0.0 0 1.4055417776107788 478.9458923339844 182.9650421142578 553.459716796875 237.17227172851562 4.018213 1.455168 1.6247135 -3.0362892 1.7987645 22.331717 1.2704073190689087 0.772843599319458
Car 0.0 0 -2.219848871231079 158.84584045410156 176.13125610351562 400.2677917480469 285.6820068359375 4.3342123 1.7267395 1.7622931 -6.1692834 1.795521 13.269551 -2.655040979385376 0.7496623992919922
Car 0.0 0 1.4782708883285522 399.2212219238281 180.6611328125 461.0692443847656 232.57960510253906 3.5762155 1.4533216 1.5495112 -5.7720313 1.7206211 22.723827 1.2295236587524414 0.7279865145683289
Car 0.0 0 0.20344531536102295 35.1019287109375 187.68670654296875 153.13339233398438 225.085693359375 3.8270013 1.445713 1.5931253 -21.785295 2.1056516 30.581364 -0.415535569190979 0.4277689754962921
