Pedestrian 0.0 0 -3.2973222732543945 875.5383911132812 162.2177734375 949.9059448242188 329.07305908203125 0.6385002 1.6757224 0.5596028 3.112373 1.569261 7.5896945 -2.9081575870513916 0.16587015986442566
Pedestrian 0.0 0 -1.62904953956604 488.9720458984375 177.79112243652344 501.2940979003906 210.69590759277344 0.8804265 1.731455 0.59963554 -6.1860423 1.9993873 38.607533 -1.7879279851913452 0.15145348012447357
Pedestrian 0.0 0 -1.464774250984192 438.4122314453125 176.48365783691406 455.3573303222656 219.3726043701172 1.229069 1.6541324 0.5296793 -6.4953847 1.8014767 28.57527 -1.6882842779159546 0.11202386766672134
Pedestrian 0.0 0 -3.4976258277893066 936.1782836914062 192.4727783203125 996.9906616210938 258.0821228027344 1.406589 1.798532 0.63762563 10.017468 2.3640869 20.39625 -3.0410890579223633 0.11079138517379761
Cyclist 0.0 0 -3.5406382083892822 934.5120849609375 192.1211395263672 1000.3056640625 257.52099609375 1.5280694 1.7956282 0.66738033 10.045795 2.3511016 20.408146 -3.083214282989502 0.2513580024242401
Cyclist 0.0 0 -1.5334715843200684 439.0076599121094 177.60894775390625 453.9172668457031 220.98379516601562 1.4666042 1.6583027 0.52306575 -6.4993696 1.8516995 28.52074 -1.7575277090072632 0.17955057322978973
Cyclist 0.0 0 0.12446398288011551 607.8125 163.97552490234375 630.9180908203125 187.91615295410156 1.7439997 1.844382 0.49381834 0.7025552 1.1607432 55.94811 0.13702058792114258 0.1423608660697937
Car 0.0 0 -1.5330458879470825 530.3846435546875 178.2039794921875 563.967041015625 208.2018280029297 3.636147 1.4447693 1.5936006 -3.2388 1.7352085 37.264786 -1.6197412014007568 0.721282958984375
Car 0.0 0 -1.592220664024353 584.1629028320312 178.95518493652344 623.7744750976562 215.71218872070312 3.3657804 1.4330803 1.5773373 -0.33636737 1.7049834 30.403042 -1.6032837629318237 0.6599985957145691
Car 0.0 0 1.7823418378829956 448.29150390625 176.4266357421875 477.85809326171875 195.6262664794922 3.8692608 1.497622 1.591461 -11.987885 1.7994783 58.94545 1.5817055702209473 0.17253433167934418
Car 0.0 0 1.7523109912872314 522.2789306640625 168.350830078125 550.6642456054688 188.2906951904297 3.8009305 1.5511733 1.615415 -5.907981 1.2012174 58.086548 1.6509495973587036 0.16021665930747986
Car 0.0 0 1.8383824825286865 99.69774627685547 181.77297973632812 148.9053955078125 207.35060119628906 4.0027385 1.5104122 1.6168047 -31.101519 2.1092951 46.262867 1.2465050220489502 0.15439970791339874
Car 0.0 0 1.712758183479309 81.19036102294922 177.66941833496094 128.13900756835938 208.24197387695312 3.905044 1.609459 1.6365979 -28.513868 1.8959441 40.758663 1.1023154258728027 0.15016280114650726
Car 0.0 0 1.9291311502456665 216.05772399902344 187.73574829101562 274.85003662109375 218.26512145996094 3.9947956 1.5270448 1.6239456 -20.25406 2.3990037 40.18298 1.462252140045166 0.13313990831375122
