Pedestrian 0.0 0 -2.5670719146728516 424.7601013183594 146.36891174316406 524.9774169921875 311.28680419921875 0.921031 1.7259433 0.59240836 -1.445427 1.3596418 7.9657083 -2.746574878692627 0.7305305004119873
Pedestrian 0.0 0 -2.088193416595459 611.6099243164062 144.07769775390625 713.0462646484375 345.6094970703125 0.79974586 1.6235315 0.55348617 0.46347773 1.3234502 6.264202 -2.0143396854400635 0.7047919631004333
Pedestrian 0.0 0 -1.5711339712142944 342.6211853027344 168.5784454345703 397.30877685546875 294.8559265136719 0.86024344 1.6247792 0.67767346 -3.1881306 1.4598533 9.75418 -1.8870360851287842 0.6265490055084229
Pedestrian 0.0 0 -1.7874621152877808 488.41253662109375 149.88958740234375 527.9833984375 247.294677734375 0.8075442 1.7167345 0.5536013 -1.7532973 1.1608851 13.13195 -1.9201910495758057 0.5254948139190674
Pedestrian 0.0 0 -2.601045846939087 553.6280517578125 163.2276611328125 633.052490234375 289.1192626953125 0.8933634 1.7395065 0.7652397 -0.15670353 1.4883493 10.478062 -2.616000175476074 0.5166529417037964
Pedestrian 0.0 0 0.9868510961532593 412.56494140625 157.16087341308594 478.6242370605469 267.6702575683594 0.869106 1.6941738 0.6685461 -2.5526083 1.322343 11.552318 0.7693846225738525 0.509921669960022
Pedestrian 0.0 0 0.8037700653076172 367.8511657714844 167.6231689453125 419.5528259277344 257.41949462890625 0.79163307 1.7256297 0.60651875 -4.1616135 1.4602116 14.261557 0.5198471546173096 0.506207287311554
Pedestrian 0.0 0 2.203975200653076 392.20794677734375 163.02505493164062 426.9266052246094 225.9562530517578 0.7144273 1.7481534 0.6586647 -5.47556 1.2360923 20.404175 1.9417972564697266 0.5008864998817444
Pedestrian 0.0 0 2.999433994293213 589.0042724609375 161.0927276611328 670.4772338867188 329.427490234375 0.78873295 1.7141507 0.5716996 0.23887637 1.5077089 7.6399193 3.0306906700134277 0.4866226613521576
Pedestrian 0.0 0 -0.9316750764846802 273.3622131347656 159.37428283691406 338.9668884277344 250.9047393798828 0.9933894 1.7463034 0.76655 -5.8912926 1.325425 14.277975 -1.3230080604553223 0.431265264749527
Pedestrian 0.0 0 1.6683461666107178 666.357666015625 160.95228576660156 684.4583740234375 209.19927978515625 0.8561453 1.7950419 0.60287976 2.7859254 1.0315949 27.202568 1.7704044580459595 0.3834184408187866
Pedestrian 0.0 0 -2.2649388313293457 460.04705810546875 159.4208984375 535.7740478515625 295.33526611328125 0.8022605 1.6835048 0.6054354 -1.4016101 1.41136 9.387979 -2.413142442703247 0.36798566579818726
Pedestrian 0.0 0 1.7523126602172852 631.0781860351562 142.73641967773438 656.0983276367188 204.5403594970703 0.842215 1.8049295 0.6058053 1.2366208 0.67400676 21.456589 1.809882640838623 0.3554399609565735
Pedestrian 0.0 0 -2.045520067214966 503.3330078125 166.89395141601562 569.8477172851562 291.46026611328125 0.7589525 1.6959023 0.67346317 -0.97924864 1.4983723 10.278293 -2.1405067443847656 0.34022751450538635
Pedestrian 0.0 0 -1.2370903491973877 551.0607299804688 161.60008239746094 564.853515625 191.5858917236328 0.90318006 1.8834554 0.6135819 -2.7521863 0.634233 45.63482 -1.2973263263702393 0.32389092445373535
Pedestrian 0.0 0 0.673370361328125 0.0 160.86703491210938 66.58753967285156 273.2841796875 0.88090765 1.6979582 0.5248327 -8.954742 1.3876213 11.111769 -0.004945181310176849 0.314076691865921
Pedestrian 0.0 0 1.4407763481140137 515.93798828125 161.096923828125 534.358642578125 202.11753845214844 1.9183161 1.7828684 0.5738924 -3.4457426 0.8970542 32.217903 1.3342301845550537 0.10922584682703018
Cyclist 0.0 0 1.4612507820129395 516.1795043945312 161.71470642089844 533.8757934570312 202.7759246826172 1.8953209 1.7785887 0.5788383 -3.4383435 0.9225395 32.100147 1.3545446395874023 0.6641501784324646
Cyclist 0.0 0 0.3695647120475769 546.7330322265625 166.30072021484375 624.3450927734375 289.80682373046875 0.9180756 1.7100822 0.7630415 -0.2649777 1.5009513 10.4576 0.34423184394836426 0.18080727756023407
Cyclist 0.0 0 -0.9530745148658752 275.9471435546875 160.0689239501953 341.24688720703125 251.08624267578125 1.0359399 1.7428796 0.7472513 -5.867594 1.3337544 14.342051 -1.341416597366333 0.1337936669588089
Cyclist 0.0 0 -1.2370903491973877 551.0607299804688 161.60008239746094 564.853515625 191.5858917236328 0.90318006 1.8834554 0.6135819 -2.7521863 0.634233 45.63482 -1.2973263263702393 0.11604578047990799
Cyclist 0.0 0 1.6799236536026 665.9075317382812 161.60333251953125 684.7495727539062 209.53085327148438 1.0020972 1.7806888 0.6070113 2.7878535 1.0424882 27.239775 1.7819135189056396 0.10985361039638519
Cyclist 0.0 0 1.7523126602172852 631.0781860351562 142.73641967773438 656.0983276367188 204.5403594970703 0.842215 1.8049295 0.6058053 1.2366208 0.67400676 21.456589 1.809882640838623 0.10551660507917404
Cyclist 0.0 0 0.7828978300094604 366.5277099609375 167.2900848388672 423.06158447265625 258.3055114746094 0.9298616 1.7462088 0.5945406 -4.141272 1.4748346 14.263121 0.500319242477417 0.10189750790596008
Car 0.0 0 1.6494208574295044 412.44866943359375 172.74295043945312 493.73291015625 242.4230194091797 4.164079 1.5089887 1.6287909 -3.5710623 1.3205717 17.718323 1.4505388736724854 0.6488068699836731
