Pedestrian 0.0 0 1.6529083251953125 807.149169921875 156.50588989257812 847.6944580078125 260.0165710449219 0.8348632 1.8360714 0.6522742 3.9653952 1.5464464 13.303278 1.9425995349884033 0.32281434535980225
Pedestrian 0.0 0 1.0940775871276855 688.3019409179688 164.0110321044922 708.343017578125 205.32785034179688 0.83926314 1.8374175 0.5764376 3.9442537 1.4445161 32.578854 1.2145590782165527 0.31589606404304504
Pedestrian 0.0 0 -1.1723716259002686 0.0 16.454635620117188 116.69886779785156 318.82452392578125 1.1889216 1.8168514 0.5635907 -4.014777 0.8774517 4.9819345 -1.850679874420166 0.13300807774066925
Pedestrian 0.0 0 1.573707103729248 835.7688598632812 141.54501342773438 877.7116088867188 264.8672180175781 0.9935485 1.898298 0.6162399 3.9362354 1.4167168 11.6734495 1.8989295959472656 0.10172070562839508
Cyclist 0.0 0 -1.3856465816497803 529.199462890625 188.9988555908203 541.6129760742188 223.72842407226562 1.6171547 1.731103 0.35307148 -3.9118924 2.589976 37.545326 -1.489463210105896 0.22135144472122192
Cyclist 0.0 0 -1.8051507472991943 764.5687866210938 154.6030731201172 805.4344482421875 236.61029052734375 1.685925 1.781417 0.524615 3.9323642 1.3853157 16.514105 -1.5713826417922974 0.21232859790325165
Cyclist 0.0 0 -1.669089913368225 701.5785522460938 145.3922882080078 720.4077758789062 196.9197998046875 1.6752298 1.856405 0.5276417 3.7026012 0.86738735 26.839645 -1.5320024490356445 0.18830473721027374
Cyclist 0.0 0 -1.1723716259002686 0.0 16.454635620117188 116.69886779785156 318.82452392578125 1.1889216 1.8168514 0.5635907 -4.014777 0.8774517 4.9819345 -1.850679874420166 0.12785562872886658
Car 0.0 0 -1.7608857154846191 683.1663818359375 194.24169921875 790.248291015625 275.052490234375 3.8399036 1.468938 1.6126932 2.63388 2.0036395 16.082333 -1.5985521078109741 0.8908511400222778
Car 0.0 0 1.8445208072662354 506.304443359375 187.1329345703125 554.9437255859375 218.30099487304688 3.827879 1.5151694 1.6364039 -4.2619295 2.3263714 38.94833 1.7355291843414307 0.11619690805673599
Car 0.0 0 1.7590055465698242 482.5044860839844 179.22837829589844 535.976806640625 216.604736328125 4.219868 1.5620639 1.6630167 -4.57667 1.8732766 33.034702 1.6213406324386597 0.11344537138938904
