Pedestrian 0.0 0 3.4245126247406006 181.63995361328125 135.30105590820312 227.37985229492188 215.60577392578125 0.80963486 1.8626124 0.60874736 -9.660681 0.9919559 17.121723 2.9108059406280518 0.27353253960609436
Pedestrian 0.0 0 -2.308011054992676 167.68264770507812 174.42333984375 198.65956115722656 222.97686767578125 0.7168502 1.7526668 0.67189956 -15.715116 1.8115897 26.497065 -2.8433334827423096 0.2143324762582779
Pedestrian 0.0 0 2.1368918418884277 296.14508056640625 138.5353240966797 331.9405517578125 200.8262176513672 0.9604955 1.9225826 0.63076556 -9.3867 0.8637093 22.795143 1.7462674379348755 0.21258167922496796
Cyclist 0.0 0 1.9514095783233643 0.0 142.1689453125 39.78504943847656 218.17828369140625 1.5971853 1.717315 0.5030543 -14.2486925 1.024391 17.136536 1.2577658891677856 0.2510252892971039
Cyclist 0.0 0 2.1368918418884277 296.14508056640625 138.5353240966797 331.9405517578125 200.8262176513672 0.9604955 1.9225826 0.63076556 -9.3867 0.8637093 22.795143 1.7462674379348755 0.11081426590681076
Car 0.0 0 -2.7420711517333984 209.2705078125 176.76922607421875 429.9566345214844 249.40585327148438 4.290352 1.5355434 1.6856178 -6.4620914 1.6288143 16.233204 -3.120919942855835 0.8409886956214905
Car 0.0 0 3.751224994659424 0.0 188.91607666015625 238.0530242919922 317.8847351074219 3.7518544 1.4176302 1.5664634 -6.9919267 1.6383722 9.021899 3.0919179916381836 0.784870445728302
Car 0.0 0 -0.5556981563568115 883.5965576171875 167.38230895996094 1242.0 294.9640808105469 4.4493356 1.6579489 1.7413139 6.388753 1.5872009 10.248311 0.0017466545104980469 0.7152047753334045
Car 0.0 0 0.8224082589149475 0.0 189.1045379638672 177.6781005859375 372.6912841796875 3.9968123 1.4288338 1.5812783 -6.495598 1.5992244 6.658507 0.04939413070678711 0.6161827445030212
Car 0.0 0 3.2414937019348145 322.90826416015625 164.5983428955078 480.77935791015625 231.6897735595703 4.301803 1.8570532 1.7641995 -6.0323534 1.6288992 21.21628 2.964477300643921 0.27268490195274353
Car 0.0 0 -2.75396728515625 425.4257507324219 174.8532257080078 508.1490173339844 205.6107635498047 3.8107986 1.5137619 1.621994 -7.3206925 1.619352 36.817623 -2.9502439498901367 0.2563203275203705
Car 0.0 0 -1.6012799739837646 642.8880615234375 159.80560302734375 678.672119140625 195.53163146972656 3.7778409 1.6970161 1.6650763 2.4618099 1.0775645 36.18966 -1.533359408378601 0.22858941555023193
