Pedestrian 0.0 0 -1.6933770179748535 968.71630859375 141.18016052246094 1001.3696899414062 213.0123291015625 0.8075814 1.8527488 0.67121583 9.871379 1.0361514 19.10285 -1.2164201736450195 0.41348421573638916
Car 0.0 0 -1.8141579627990723 693.628173828125 185.51438903808594 795.760009765625 257.30279541015625 3.3761275 1.4555162 1.5661882 3.004791 1.7842916 16.976831 -1.6389786005020142 0.889204740524292
Car 0.0 0 3.4660329818725586 252.4359130859375 175.4871826171875 448.06298828125 246.1488037109375 3.961609 1.553255 1.6539135 -5.9758453 1.6180184 16.783741 3.123978853225708 0.8060066103935242
Car 0.0 0 0.5302504897117615 0.0 185.96682739257812 324.2360534667969 312.2901306152344 4.2481303 1.4692308 1.6388716 -6.2680836 1.6593947 9.511826 -0.05241028219461441 0.7052668929100037
Car 0.0 0 0.4685492515563965 196.24481201171875 185.7764892578125 426.12188720703125 266.1625671386719 3.98276 1.4795405 1.6236674 -5.9757943 1.7579218 14.554541 0.07895612716674805 0.7010196447372437
Car 0.0 0 -2.6263949871063232 87.13348388671875 179.14059448242188 355.81597900390625 273.896728515625 3.6585672 1.4580692 1.5557549 -6.399096 1.5705136 12.035738 -3.1150600910186768 0.6883974671363831
Car 0.0 0 3.4101076126098633 316.9855041503906 174.909912109375 466.3155822753906 229.98097229003906 3.9891088 1.5804373 1.6716938 -6.5085144 1.6450129 21.652388 3.1181085109710693 0.6641684770584106
Car 0.0 0 3.7953126430511475 0.0 182.6157989501953 201.48556518554688 346.1796875 3.6869943 1.4505688 1.5683222 -6.5553136 1.5636321 7.416412 3.0714681148529053 0.6443612575531006
Car 0.0 0 -2.3426594734191895 919.0517578125 180.98593139648438 1242.0 375.0 3.8249538 1.4484714 1.5708951 3.086347 1.5095465 3.4416707 -1.6116381883621216 0.5977121591567993
Car 0.0 0 -0.2189837098121643 696.5805053710938 179.74327087402344 786.2166748046875 212.4962158203125 3.975205 1.5166421 1.6461169 6.2337656 1.8569107 34.69305 -0.04119744151830673 0.5362563133239746
Car 0.0 0 -0.301774263381958 749.68701171875 182.37710571289062 881.7305908203125 229.4969482421875 3.9901538 1.5161374 1.654745 6.857284 1.8509529 24.454441 -0.028384868055582047 0.44814613461494446
