Pedestrian 0.0 0 -0.629340410232544 0.5867890119552612 196.17929077148438 55.5941047668457 262.68328857421875 0.84737396 1.719934 0.8057566 -15.7902775 2.3683743 19.531384 -1.3092166185379028 0.19046328961849213
Cyclist 0.0 0 0.46807360649108887 0.0 200.32681274414062 53.898067474365234 269.58734130859375 0.9456449 1.7831516 0.74774617 -15.750092 2.5403347 19.408659 -0.21363919973373413 0.18978670239448547
Car 0.0 0 -1.388559341430664 885.7491455078125 163.5210418701172 959.1382446289062 214.5285186767578 3.8777304 1.6133407 1.647232 10.792114 1.3185021 24.887878 -0.9794023036956787 0.28558000922203064
Car 0.0 0 -1.1952309608459473 315.8529968261719 171.46900939941406 400.2325134277344 217.80923461914062 3.8110926 1.5565233 1.5988599 -9.073987 1.5103611 26.170301 -1.528988242149353 0.22137250006198883
Car 0.0 0 1.709578514099121 0.0 201.24447631835938 47.48167037963867 234.71307373046875 3.8179655 1.4896519 1.7141637 -30.797869 3.0556602 37.711445 1.024754285812378 0.20505841076374054
Car 0.0 0 0.7716841101646423 0.0 166.26719665527344 193.074951171875 250.55262756347656 3.6186452 1.5150352 1.5794346 -10.348664 1.3969951 13.9928 0.13489127159118652 0.18025565147399902
Car 0.0 0 -1.2559250593185425 370.6808166503906 174.68128967285156 450.3094177246094 221.4622344970703 3.9606206 1.5544508 1.6301165 -7.1672254 1.6261398 26.146914 -1.5234670639038086 0.17180433869361877
Car 0.0 0 1.7693054676055908 444.56182861328125 182.19351196289062 479.5483703613281 206.3409881591797 3.968935 1.5233681 1.5790199 -10.037583 2.1842556 49.040413 1.5674141645431519 0.1547287106513977
Car 0.0 0 2.036165237426758 0.0 187.52346801757812 96.67919158935547 248.4434814453125 3.5875404 1.505397 1.5404042 -16.493004 1.964833 20.663359 1.3625373840332031 0.15427830815315247
Car 0.0 0 1.5702831745147705 501.02056884765625 179.78175354003906 525.1849975585938 204.040283203125 3.6291327 1.5393811 1.559443 -6.581844 2.0263293 48.77374 1.4361469745635986 0.149820014834404
