Pedestrian 0.0 0 -1.4496091604232788 630.20849609375 181.42587280273438 647.9458618164062 222.52223205566406 0.8638301 1.7186028 0.6596084 1.2069193 2.0911822 30.849977 -1.4105068445205688 0.2641083002090454
Pedestrian 0.0 0 -3.248762845993042 793.4546508789062 174.6303253173828 819.6603393554688 232.0689239501953 0.7106803 1.7382097 0.664631 6.005982 1.7942706 22.239859 -2.984999895095825 0.23459340631961823
Pedestrian 0.0 0 1.478389859199524 617.5035400390625 135.7998809814453 638.4325561523438 195.3676300048828 1.4604659 1.8480301 0.53401834 0.52003026 0.6988212 23.129349 1.500869631767273 0.10422486066818237
Cyclist 0.0 0 1.478389859199524 617.5035400390625 135.7998809814453 638.4325561523438 195.3676300048828 1.4604659 1.8480301 0.53401834 0.52003026 0.6988212 23.129349 1.500869631767273 0.2099274843931198
Car 0.0 0 1.783898949623108 331.1855773925781 192.46165466308594 444.9837341308594 274.4383239746094 3.9452443 1.4956334 1.6198952 -4.8618383 1.9904749 16.163195 1.4917112588882446 0.9130635857582092
Car 0.0 0 1.7481768131256104 420.44970703125 188.83047485351562 484.82977294921875 238.57774353027344 3.530926 1.4810622 1.5279864 -5.2916536 2.0619 24.421377 1.5347942113876343 0.8970947861671448
Car 0.0 0 1.2532837390899658 686.517578125 165.73123168945312 828.9625244140625 254.9483184814453 4.2032213 1.6229115 1.6789373 2.8912091 1.493702 15.315675 1.439862608909607 0.7417516112327576
Car 0.0 0 1.6692874431610107 449.29681396484375 184.07960510253906 494.7930603027344 222.55674743652344 3.6607623 1.48872 1.5625287 -5.892058 1.9994993 30.91201 1.480939269065857 0.7103043794631958
Car 0.0 0 1.5217269659042358 565.7775268554688 178.72378540039062 593.7091674804688 204.69114685058594 3.921389 1.5870302 1.6212441 -2.04007 1.9865649 47.03857 1.478384017944336 0.3730847239494324
Car 0.0 0 1.7366541624069214 517.956298828125 179.13951110839844 542.8494262695312 196.71531677246094 4.2523923 1.5704516 1.660736 -7.5051427 2.1837542 68.19008 1.6270332336425781 0.26468706130981445
