Pedestrian 0.0 0 0.6346977949142456 269.17633056640625 176.86990356445312 327.619384765625 266.3168640136719 0.84975815 1.7775103 0.6998844 -6.313122 1.7070012 14.481102 0.22358417510986328 0.3848699629306793
Pedestrian 0.0 0 3.6046924591064453 114.88817596435547 111.64824676513672 210.9813232421875 249.77011108398438 0.9495816 1.850508 0.63812 -6.173048 0.92972827 9.831609 3.0440263748168945 0.31711557507514954
Pedestrian 0.0 0 -1.446954607963562 790.1339111328125 163.148681640625 804.9037475585938 197.38995361328125 0.7529723 1.8042836 0.6733555 10.264949 0.8913988 37.72787 -1.1813063621520996 0.28255629539489746
Pedestrian 0.0 0 1.157166600227356 877.2953491210938 153.2032470703125 905.1305541992188 191.96237182617188 1.7952238 1.7883208 0.54452896 13.537756 0.5303219 33.52315 1.5409729480743408 0.13695982098579407
Cyclist 0.0 0 1.137361764907837 877.7466430664062 152.63829040527344 906.1031494140625 191.0485076904297 1.7680635 1.769403 0.54864085 13.546791 0.48738337 33.46226 1.5220317840576172 0.5098628997802734
Cyclist 0.0 0 -1.905900239944458 974.6563110351562 138.26632690429688 1025.4130859375 210.93801879882812 1.9181461 1.8137932 0.56172806 10.342445 0.7612894 18.635015 -1.3992259502410889 0.424047589302063
Cyclist 0.0 0 -0.03546804189682007 771.3869018554688 157.6425018310547 801.6058349609375 189.75010681152344 1.6595687 1.821951 0.5534695 10.396644 0.5262843 40.56435 0.21543121337890625 0.41571539640426636
Cyclist 0.0 0 0.6228610277175903 264.382080078125 176.96023559570312 327.5342712402344 266.1510314941406 0.97715825 1.7762841 0.6765239 -6.3750067 1.7074165 14.508513 0.20885896682739258 0.15983952581882477
Cyclist 0.0 0 0.5595616698265076 113.49409484863281 109.9017562866211 217.00668334960938 248.77613830566406 1.0466723 1.8673404 0.63072896 -6.1341496 0.9197298 9.818136 0.0011224746704101562 0.10039990395307541
Car 0.0 0 -0.2869977056980133 797.468017578125 161.30531311035156 943.9552612304688 211.03921508789062 4.346322 1.6215428 1.7505436 8.911868 0.9972565 24.068047 0.0676267147064209 0.7907390594482422
Car 0.0 0 1.860250473022461 286.7067565917969 179.91253662109375 348.53289794921875 215.74794006347656 4.4847145 1.729094 1.7413496 -14.71907 1.7021902 36.425415 1.4762250185012817 0.7187899351119995
Car 0.0 0 -0.7962798476219177 0.0 212.0968017578125 290.4264831542969 370.0 3.9763966 1.4220308 1.5928723 -3.2210407 1.6613452 3.3203351 -1.5664997100830078 0.6951084733009338
Car 0.0 0 1.4285507202148438 432.1320495605469 173.85903930664062 468.9411926269531 199.7499542236328 4.101013 1.5044056 1.6286011 -9.50384 1.1199054 43.284348 1.2124128341674805 0.5834460258483887
Car 0.0 0 1.8876311779022217 384.85638427734375 171.74087524414062 424.5159606933594 193.79055786132812 3.9457073 1.5259693 1.6006495 -14.370755 0.9210889 50.931576 1.6126223802566528 0.29103899002075195
