Pedestrian 0.0 0 1.175018548965454 792.3783569335938 180.3002166748047 830.1434326171875 254.6873016357422 0.8757183 1.8055911 0.6197435 4.9845657 1.9974425 18.079397 1.4440393447875977 0.2626761198043823
Pedestrian 0.0 0 -1.2301809787750244 170.38674926757812 197.4295654296875 196.87063598632812 241.29397583007812 0.93070966 1.7268397 0.6606071 -17.469473 2.7499788 29.50579 -1.7647486925125122 0.1737217754125595
Cyclist 0.0 0 -2.4542107582092285 160.2702178955078 196.03233337402344 202.95777893066406 240.90000915527344 1.3551018 1.7799882 0.718786 -17.580908 2.7444077 29.551304 -2.9908926486968994 0.19244502484798431
Cyclist 0.0 0 -1.5551726818084717 773.9171752929688 193.94007873535156 794.005615234375 243.473388671875 1.9955938 1.7617956 0.7195071 6.6279864 2.6001272 27.61571 -1.3196202516555786 0.16487905383110046
Cyclist 0.0 0 1.513136863708496 673.4990844726562 173.08140563964844 682.4033813476562 201.1456756591797 1.7722987 1.7813145 0.47006288 4.361756 1.7966732 46.703583 1.6062591075897217 0.14445923268795013
Car 0.0 0 1.8273696899414062 509.3365783691406 181.7266845703125 538.02392578125 199.11676025390625 4.0159163 1.4647847 1.6013685 -7.7609153 2.2904546 65.01382 1.7085585594177246 0.37250274419784546
Car 0.0 0 2.1863198280334473 232.29812622070312 191.7222442626953 285.5854797363281 215.449951171875 3.6385355 1.5344353 1.6292804 -25.098555 2.9359405 51.650894 1.7339941263198853 0.2725223898887634
Car 0.0 0 1.2585066556930542 741.3093872070312 186.59194946289062 813.2206420898438 228.50503540039062 4.0525618 1.5040406 1.668541 6.666488 2.103175 29.353498 1.481829047203064 0.15931224822998047
Car 0.0 0 2.163646697998047 25.340091705322266 191.08657836914062 166.94923400878906 248.7597198486328 3.9137013 1.5043362 1.6021117 -15.550345 2.11155 22.03933 1.5491905212402344 0.1581074744462967
Car 0.0 0 1.949387550354004 196.34701538085938 198.1852569580078 241.92391967773438 220.49356079101562 3.6873548 1.474164 1.7622588 -29.221931 3.4384668 54.00425 1.453399658203125 0.14759646356105804
Car 0.0 0 1.1261509656906128 675.6860961914062 188.16514587402344 725.9784545898438 214.3153533935547 3.7724123 1.4990057 1.7060097 5.684666 2.5155935 45.828083 1.2495638132095337 0.13900676369667053
