Pedestrian 0.0 0 -1.9655708074569702 1195.2066650390625 181.48733520507812 1242.0 251.0011749267578 1.4027257 1.7564505 0.626556 16.21758 1.995486 19.181646 -1.2637102603912354 0.135659858584404
Cyclist 0.0 0 -1.5525883436203003 474.1481628417969 170.4586639404297 484.537109375 204.42860412597656 1.8155956 1.7166415 0.49944767 -6.802446 1.5959531 37.3957 -1.73252534866333 0.23073036968708038
Cyclist 0.0 0 1.7250264883041382 434.2731628417969 168.35006713867188 446.9442443847656 197.23538208007812 1.7370489 1.778625 0.51591057 -10.662687 1.5016507 45.312027 1.493914246559143 0.15337927639484406
Cyclist 0.0 0 -0.1069379672408104 602.6077270507812 161.56402587890625 623.9815063476562 185.98080444335938 1.6591555 1.9341525 0.49552402 0.2353672 1.0401852 57.484837 -0.10284356772899628 0.15334291756153107
Cyclist 0.0 0 -1.9623808860778809 1193.7596435546875 182.0904083251953 1242.0 251.70704650878906 1.4990227 1.7535571 0.6509675 16.228008 2.0101473 19.200733 -1.2606937885284424 0.14556904137134552
Cyclist 0.0 0 -1.2580687999725342 364.99664306640625 172.55203247070312 386.3785400390625 211.6445770263672 1.4257405 1.7319869 0.5089949 -10.642151 1.7189667 32.67823 -1.572901964187622 0.1197652593255043
Car 0.0 0 2.1256165504455566 92.2925033569336 177.72732543945312 202.17465209960938 223.53932189941406 3.6357028 1.4590774 1.5419348 -16.065582 1.6419603 25.1941 1.557956337928772 0.8662340641021729
Car 0.0 0 -1.4570717811584473 532.1290893554688 175.88778686523438 563.1497192382812 199.74636840820312 3.6242788 1.4430572 1.568314 -3.9638464 1.6442847 45.93791 -1.5431456565856934 0.4958976209163666
Car 0.0 0 -1.5759750604629517 586.0543212890625 176.66549682617188 618.6784057617188 204.94937133789062 4.265636 1.3988162 1.6402191 -0.45763147 1.6134105 38.40689 -1.5878897905349731 0.45584484934806824
Car 0.0 0 1.6460216045379639 829.24365234375 174.7173614501953 861.6602172851562 201.4088897705078 3.8687623 1.5684432 1.6284739 14.616781 1.6898919 44.787876 1.9614793062210083 0.17213542759418488
Car 0.0 0 1.1519993543624878 1013.2815551757812 193.56100463867188 1094.762451171875 233.22134399414062 3.475112 1.4586532 1.6286787 18.485676 2.3802993 30.271505 1.700222134590149 0.11971840262413025
