Pedestrian 0.0 0 -1.5969759225845337 702.9518432617188 165.1211395263672 718.6187133789062 206.06402587890625 0.8583633 1.7577424 0.6520933 4.3458314 1.4261166 31.43671 -1.4596059322357178 0.5520121455192566
Pedestrian 0.0 0 1.5898399353027344 505.43878173828125 173.940673828125 526.881591796875 239.48545837402344 1.7969083 1.8237599 0.5896577 -2.768697 1.8571887 21.03022 1.458939552307129 0.18109218776226044
Pedestrian 0.0 0 1.6538753509521484 528.65087890625 174.8511962890625 543.4330444335938 212.9950408935547 1.8844169 1.7956231 0.5617974 -3.617639 1.89552 35.01052 1.5509107112884521 0.10420212894678116
Pedestrian 0.0 0 1.7168588638305664 469.9309387207031 174.47320556640625 500.8467102050781 242.653076171875 1.8264278 1.8416553 0.60768044 -3.5601823 1.8899822 20.451849 1.5445095300674438 0.10254866629838943
Cyclist 0.0 0 1.7142720222473145 527.968505859375 174.76385498046875 545.034912109375 213.14683532714844 1.891912 1.7992697 0.5584211 -3.5800133 1.894472 34.872448 1.6119701862335205 0.7410598397254944
Cyclist 0.0 0 1.802079200744629 466.4433898925781 174.59506225585938 502.6500549316406 243.23788452148438 1.8346158 1.8469718 0.6069833 -3.5709388 1.8987951 20.39235 1.6287251710891724 0.6841626167297363
Cyclist 0.0 0 1.5694557428359985 505.6488342285156 173.73370361328125 526.8654174804688 239.965087890625 1.8065923 1.8377947 0.5857193 -2.7761738 1.8648708 20.977503 1.4378798007965088 0.593454122543335
Cyclist 0.0 0 -1.6094800233840942 702.583984375 165.1721954345703 718.4931640625 205.87417602539062 0.8997288 1.7451638 0.64994484 4.331634 1.4161519 31.413954 -1.4724552631378174 0.14035680890083313
Car 0.0 0 -1.9623351097106934 775.6998291015625 178.6565399169922 1154.122314453125 375.0 3.513281 1.4688846 1.56646 2.5817692 1.5340328 6.2953916 -1.573148250579834 0.900137186050415
Car 0.0 0 2.064382791519165 88.28479766845703 185.21315002441406 356.925048828125 325.5797424316406 3.778615 1.4806656 1.5727246 -4.996897 1.6825056 9.852181 1.5950021743774414 0.8993104696273804
Car 0.0 0 1.657744288444519 425.64447021484375 183.83839416503906 482.750732421875 231.4241485595703 4.1382036 1.4826698 1.6261381 -5.49324 1.9059963 25.627096 1.4465868473052979 0.6993030309677124
Car 0.0 0 1.8132610321044922 502.5383605957031 180.5552978515625 543.9381713867188 207.4692840576172 4.0154815 1.5328355 1.6120198 -5.3152156 2.029231 44.379692 1.6940619945526123 0.5074508786201477
Car 0.0 0 -1.4867140054702759 642.1417846679688 177.68643188476562 672.8206176757812 202.48883056640625 4.122691 1.5010968 1.6412283 3.080651 1.828507 46.669174 -1.4207992553710938 0.4413362145423889
