Pedestrian 0.0 0 1.6116054058074951 832.8734130859375 125.75055694580078 902.72412109375 304.4539489746094 0.84578294 1.7381656 0.6483881 2.7425692 1.1972873 7.4988866 1.9622244834899902 0.7516164183616638
Pedestrian 0.0 0 2.0243585109710693 584.5661010742188 169.22377014160156 655.0623779296875 298.14508056640625 0.94514287 1.7557313 0.67239225 0.23335 1.5898691 10.354222 2.046891450881958 0.7506861686706543
Pedestrian 0.0 0 -1.371614933013916 546.0652465820312 166.5693359375 572.7847900390625 225.77679443359375 0.8272919 1.7990812 0.6788942 -1.3238224 1.3465163 22.281677 -1.4309582710266113 0.6277172565460205
Pedestrian 0.0 0 1.7243733406066895 354.76123046875 147.7091522216797 423.61334228515625 305.6803894042969 0.9245082 1.7900426 0.66432124 -2.5767953 1.4084946 8.640248 1.4345396757125854 0.5709067583084106
Pedestrian 0.0 0 1.219026803970337 22.878013610839844 156.094482421875 119.5333251953125 325.9517822265625 0.74002033 1.6864015 0.6012277 -5.6449056 1.4355352 7.58336 0.5791318416595459 0.56191486120224
Pedestrian 0.0 0 1.3407927751541138 580.2510375976562 169.3764190673828 605.9732055664062 227.7728271484375 0.80055237 1.755685 0.6218648 -0.2888582 1.392313 22.057438 1.32769775390625 0.5592933893203735
Pedestrian 0.0 0 -1.893532156944275 569.1829223632812 169.30101013183594 594.4441528320312 224.2039794921875 0.7691154 1.7369183 0.6008229 -0.66396785 1.3520931 23.187193 -1.9221594333648682 0.5334940552711487
Pedestrian 0.0 0 -2.121795415878296 513.53955078125 170.54991149902344 542.5192260742188 223.61383056640625 0.7873595 1.7262908 0.64003 -2.4672546 1.371152 23.873606 -2.224776268005371 0.5321028232574463
Pedestrian 0.0 0 2.3755714893341064 709.2528686523438 142.61416625976562 747.1740112304688 207.2794647216797 0.95564044 1.9033983 0.63218087 3.7969584 0.75993925 21.670353 2.549025297164917 0.480791836977005
Pedestrian 0.0 0 -1.361850619316101 404.9677429199219 180.53489685058594 458.59783935546875 294.3879089355469 0.92893326 1.7231907 0.6487604 -2.7049248 1.7098883 11.342028 -1.5959644317626953 0.41295111179351807
Pedestrian 0.0 0 0.2642916440963745 485.6340637207031 165.71145629882812 512.2424926757812 216.29501342773438 0.79510856 1.7503599 0.60395724 -3.6148026 1.2050911 25.202227 0.12183141708374023 0.405681848526001
Pedestrian 0.0 0 -1.711398959159851 935.1416625976562 113.36614227294922 1025.5660400390625 315.5252380371094 0.82206595 1.774749 0.6402979 3.5059276 1.1779861 6.7971663 -1.2351973056793213 0.3389446437358856
Pedestrian 0.0 0 -1.8170026540756226 437.2471923828125 185.0692596435547 475.0468444824219 262.91180419921875 0.79782224 1.711944 0.66670525 -3.348101 1.7968812 16.345325 -2.019043207168579 0.3117474317550659
Pedestrian 0.0 0 2.9686100482940674 503.9272155761719 175.72286987304688 516.2089233398438 201.8060302734375 0.75675625 1.8100839 0.6188544 -6.3805237 1.4098133 50.25468 2.8423218727111816 0.299317866563797
Pedestrian 0.0 0 -1.525339126586914 593.6947021484375 167.8255615234375 613.432861328125 221.06871032714844 0.7219891 1.7346716 0.6228203 0.05007392 1.2902479 23.776264 -1.5232330560684204 0.28647008538246155
Pedestrian 0.0 0 -1.2159010171890259 53.92167282104492 214.13668823242188 229.42633056640625 374.0 0.6949046 1.5627316 0.7741595 -3.0064585 1.7966268 4.69255 -1.785701870918274 0.27934694290161133
Pedestrian 0.0 0 -1.5952060222625732 566.3013916015625 171.7355499267578 578.39453125 206.1693115234375 0.7524502 1.7576727 0.60403913 -1.5095446 1.2601129 37.059895 -1.6359161138534546 0.2665766477584839
Pedestrian 0.0 0 -2.503340244293213 284.9362487792969 181.96343994140625 389.2626953125 294.6053771972656 1.3820509 1.6648395 0.6855589 -4.134155 1.6736567 11.140559 -2.8586788177490234 0.20332428812980652
Pedestrian 0.0 0 1.750920057296753 691.0762329101562 154.4775848388672 712.0010375976562 202.17762756347656 1.6594611 1.7575523 0.50200295 3.7995434 0.76292646 27.33171 1.8890507221221924 0.13175290822982788
Cyclist 0.0 0 1.7859469652175903 445.58709716796875 163.2136993408203 511.4066162109375 294.4194641113281 1.7723353 1.7543195 0.5869859 -1.8020762 1.5111443 10.500584 1.6159858703613281 0.8196203112602234
Cyclist 0.0 0 -2.437075138092041 280.16973876953125 180.80172729492188 395.9454040527344 293.8861999511719 1.6491115 1.6644396 0.6666794 -4.135995 1.6554717 11.165953 -2.7918167114257812 0.4389047920703888
Cyclist 0.0 0 1.750920057296753 691.0762329101562 154.4775848388672 712.0010375976562 202.17762756347656 1.6594611 1.7575523 0.50200295 3.7995434 0.76292646 27.33171 1.8890507221221924 0.36229053139686584
Cyclist 0.0 0 0.2893415093421936 479.2105712890625 165.8986053466797 511.60009765625 216.56063842773438 1.001953 1.7539837 0.58131677 -3.7419696 1.2149107 25.225725 0.1420760154724121 0.1713976263999939
Cyclist 0.0 0 -1.8302836418151855 514.5173950195312 170.19476318359375 540.9425048828125 224.0677947998047 0.94532436 1.7481703 0.65072393 -2.4799254 1.382411 23.864618 -1.933828353881836 0.1569705456495285
Cyclist 0.0 0 -1.3682067394256592 404.7076416015625 179.96893310546875 458.2705078125 295.5755615234375 0.9933452 1.7427895 0.6389358 -2.706188 1.7210138 11.332986 -1.602605938911438 0.1304076910018921
Cyclist 0.0 0 1.6116054058074951 832.8734130859375 125.75055694580078 902.72412109375 304.4539489746094 0.84578294 1.7381656 0.6483881 2.7425692 1.1972873 7.4988866 1.9622244834899902 0.11409638077020645
Cyclist 0.0 0 -1.8692647218704224 569.275146484375 169.21583557128906 595.074951171875 225.62232971191406 0.87530786 1.7791488 0.5990685 -0.6529311 1.3927916 23.165413 -1.8974428176879883 0.10359588265419006
