Pedestrian 0.0 0 1.174230933189392 867.3272094726562 122.82486724853516 921.721923828125 225.41578674316406 0.94339675 1.8943336 0.650997 5.374022 0.9709072 13.800149 1.5455814599990845 0.24378560483455658
Pedestrian 0.0 0 -1.3696248531341553 193.41397094726562 125.90402221679688 263.1515808105469 273.8540344238281 1.1915618 1.781922 0.57451373 -4.9653697 1.2168105 9.340287 -1.858237862586975 0.13949425518512726
Pedestrian 0.0 0 -3.0930540561676025 789.842529296875 137.47293090820312 820.83984375 210.95152282714844 0.7548257 1.8780326 0.58992386 5.055191 0.974089 18.835209 -2.830842971801758 0.13244155049324036
Cyclist 0.0 0 -0.8438865542411804 0.0 95.35113525390625 132.07876586914062 305.1139221191406 1.5371317 1.706843 0.5169279 -5.2628255 1.076559 6.650562 -1.513321876525879 0.2112748771905899
Cyclist 0.0 0 -1.3696248531341553 193.41397094726562 125.90402221679688 263.1515808105469 273.8540344238281 1.1915618 1.781922 0.57451373 -4.9653697 1.2168105 9.340287 -1.858237862586975 0.12226846069097519
Car 0.0 0 -1.8573435544967651 726.975341796875 173.24745178222656 982.4060668945312 338.51531982421875 4.331381 1.5261045 1.6418618 2.5615597 1.5324669 8.83971 -1.575290322303772 0.8384969830513
Car 0.0 0 -1.0096769332885742 0.0 183.4744110107422 349.3645324707031 375.0 4.0243793 1.469459 1.6060494 -3.0355406 1.5631115 4.281887 -1.6263684034347534 0.8180770874023438
Car 0.0 0 -1.6603479385375977 652.9923706054688 179.14553833007812 705.7882080078125 223.40882873535156 3.4735506 1.4453076 1.5584067 2.3727849 1.6857274 25.789965 -1.5686020851135254 0.8158100843429565
Car 0.0 0 1.604474663734436 649.4891357421875 180.10177612304688 689.9486694335938 218.7106170654297 3.8527362 1.4925623 1.5850618 2.5468829 1.820962 30.649292 1.6873817443847656 0.1832289695739746
Car 0.0 0 -1.6726640462875366 652.8807983398438 166.37779235839844 692.824951171875 199.08609008789062 3.741603 1.5609885 1.6200863 3.0747406 1.252272 36.31692 -1.5882012844085693 0.17038731276988983
Car 0.0 0 1.5137373208999634 678.9257202148438 166.9241485595703 707.0457153320312 191.8455047607422 3.7191737 1.548065 1.5919061 5.3052144 1.1800725 46.71897 1.6268088817596436 0.13541366159915924
