Pedestrian 0.0 0 -2.265197992324829 977.40576171875 148.28099060058594 1050.908935546875 233.8191680908203 1.4120494 1.8050623 0.668437 8.869907 1.2868704 15.979427 -1.7584607601165771 0.20972034335136414
Pedestrian 0.0 0 -3.546093702316284 1005.8076171875 124.8993148803711 1045.441650390625 194.98684692382812 0.76788366 1.8873596 0.5951376 11.330929 0.59636486 19.76726 -3.0256004333496094 0.2001899778842926
Pedestrian 0.0 0 -1.5944502353668213 919.0046997070312 131.37347412109375 949.4539184570312 215.49270629882812 0.69416237 1.8735542 0.6167886 7.35973 0.95003295 16.506916 -1.175046682357788 0.1901489496231079
Cyclist 0.0 0 -2.1817409992218018 976.204833984375 149.50389099121094 1050.5501708984375 233.94308471679688 1.582183 1.7778434 0.6444203 8.862895 1.2865713 16.009611 -1.676139235496521 0.2689897119998932
Cyclist 0.0 0 -0.31419163942337036 933.4926147460938 171.88082885742188 963.8641967773438 198.2436981201172 1.7518494 1.7919208 0.710751 23.197529 1.72613 49.502205 0.12403512001037598 0.16772808134555817
Cyclist 0.0 0 -1.860602617263794 713.862548828125 180.58702087402344 730.4822998046875 211.6461181640625 1.5084091 1.7039026 0.5158805 6.292803 2.1494374 40.752678 -1.7073981761932373 0.16173280775547028
Car 0.0 0 -1.54180908203125 590.4011840820312 179.2126922607422 616.6112060546875 203.5431365966797 4.0381265 1.5139198 1.6289713 -0.4261245 1.9551766 47.99237 -1.5506879091262817 0.45804521441459656
Car 0.0 0 1.3885011672973633 428.8397521972656 184.56602478027344 466.728759765625 211.8046417236328 3.677907 1.4960235 1.5734315 -9.815354 2.2324939 43.34644 1.1658167839050293 0.2182837575674057
Car 0.0 0 2.00974702835083 477.5009460449219 182.5195770263672 513.404296875 200.57485961914062 3.9152038 1.4697181 1.5880071 -9.995015 2.3432934 63.081993 1.8526084423065186 0.2107246369123459
Car 0.0 0 1.5599058866500854 930.0118408203125 168.58071899414062 956.3416748046875 192.1942596435547 4.0437927 1.6085857 1.6392344 23.64106 1.3178405 51.32967 1.991517424583435 0.16535112261772156
Car 0.0 0 1.3678216934204102 710.4923095703125 176.5811309814453 749.7116088867188 205.1396026611328 3.5404394 1.5744237 1.5649499 6.9176354 1.8012807 42.04538 1.5308886766433716 0.15560287237167358
