Pedestrian 0.0 0 2.3350775241851807 837.444580078125 129.58937072753906 886.5323486328125 217.84164428710938 0.80744714 1.8888001 0.64213824 5.503625 0.96319604 15.909645 2.6681220531463623 0.4121944010257721
Pedestrian 0.0 0 0.7420297265052795 203.46368408203125 125.49498748779297 251.28143310546875 202.4346160888672 0.90570277 1.895371 0.5862613 -9.679456 0.7290626 18.168972 0.2525293827056885 0.3572990894317627
Pedestrian 0.0 0 -1.5738658905029297 1192.57373046875 105.91657257080078 1242.0 264.7741394042969 1.8107104 1.7748857 0.5129911 7.4971123 1.0273643 8.918101 -0.8748178482055664 0.10487520694732666
Cyclist 0.0 0 -1.5738658905029297 1192.57373046875 105.91657257080078 1242.0 264.7741394042969 1.8107104 1.7748857 0.5129911 7.4971123 1.0273643 8.918101 -0.8748178482055664 0.4642220735549927
Cyclist 0.0 0 0.7420297265052795 203.46368408203125 125.49498748779297 251.28143310546875 202.4346160888672 0.90570277 1.895371 0.5862613 -9.679456 0.7290626 18.168972 0.2525293827056885 0.11022473871707916
Car 0.0 0 -0.43086767196655273 791.1915893554688 180.6259765625 1040.049072265625 269.6825866699219 4.045218 1.5668039 1.6793684 5.6542006 1.7255074 13.775177 -0.04137413203716278 0.8359963297843933
Car 0.0 0 -1.6930615901947021 640.0956420898438 182.2844696044922 693.521484375 222.49107360839844 3.9527853 1.4097419 1.5982194 2.110328 1.805693 28.252335 -1.618504285812378 0.8285961747169495
Car 0.0 0 3.644719123840332 0.0 164.82423400878906 274.5125732421875 319.29010009765625 3.8588507 1.5784539 1.6540297 -6.2872577 1.4967574 8.452243 3.0051612854003906 0.790677011013031
Car 0.0 0 -2.812129020690918 313.200439453125 180.86537170410156 473.0643005371094 235.34716796875 4.3150563 1.5574619 1.7028083 -6.5248446 1.8106561 21.83374 -3.1025233268737793 0.755841851234436
Car 0.0 0 -2.3003287315368652 0.0 216.44668579101562 182.03858947753906 375.0 3.8963597 1.4534072 1.6094147 -5.9945064 1.8686154 5.957442 -3.0888280868530273 0.7337493300437927
Car 0.0 0 -2.669724464416504 136.56600952148438 184.33407592773438 382.8448791503906 266.3625183105469 3.8794477 1.4231018 1.5850053 -6.5232306 1.6530774 13.5895605 -3.1172587871551514 0.7088174819946289
Car 0.0 0 3.580336332321167 15.06230640411377 188.3920135498047 329.0321960449219 296.906494140625 3.7810585 1.4679719 1.5955487 -6.5272913 1.7265711 11.013381 3.0453245639801025 0.6314741373062134
Car 0.0 0 1.624000072479248 621.4696655273438 176.40345764160156 643.9666748046875 195.9734344482422 3.7780712 1.4417757 1.5426224 1.7598411 1.7262672 55.808945 1.6555229425430298 0.43022218346595764
Car 0.0 0 1.4715688228607178 633.0795288085938 177.544189453125 672.3201293945312 208.2862091064453 4.0587106 1.4855545 1.6332226 2.1315732 1.7434578 37.555786 1.5282654762268066 0.36254411935806274
