Pedestrian 0.0 0 -2.4635987281799316 89.48023986816406 180.7117462158203 134.07200622558594 236.8859100341797 0.96031904 1.7530601 0.6719837 -15.91177 2.0078232 22.988094 -3.0690534114837646 0.48688098788261414
Pedestrian 0.0 0 -1.4264118671417236 656.7117919921875 171.88124084472656 679.3659057617188 226.41952514648438 0.9111237 1.6843679 0.59027153 1.7934891 1.6546835 22.79087 -1.3478803634643555 0.35485485196113586
Pedestrian 0.0 0 -1.5813473463058472 1042.3057861328125 135.84120178222656 1079.97802734375 225.15899658203125 0.76428235 1.834777 0.66366667 9.51811 1.0748134 15.318011 -1.025364637374878 0.2391580492258072
Pedestrian 0.0 0 -1.7551337480545044 668.359130859375 158.4636688232422 698.1557006835938 221.86148071289062 1.5914832 1.7807842 0.57915866 2.077925 1.3769317 21.082254 -1.6568883657455444 0.13401514291763306
Pedestrian 0.0 0 -2.22743821144104 677.7606201171875 165.3362274169922 726.8096313476562 224.95526123046875 1.688174 1.7303799 0.55085135 2.722881 1.5125427 21.806194 -2.1032137870788574 0.1223701536655426
Cyclist 0.0 0 -2.408834457397461 671.5007934570312 161.97222900390625 740.2491455078125 232.33973693847656 1.916723 1.7969809 0.59624064 2.497366 1.5194504 19.344475 -2.280444860458374 0.4213410019874573
Cyclist 0.0 0 -2.188159942626953 676.9091796875 164.10484313964844 725.872314453125 224.43972778320312 1.7510189 1.7534841 0.5576593 2.7022672 1.4995697 21.86993 -2.0652222633361816 0.2710850238800049
Cyclist 0.0 0 -1.569220781326294 659.265869140625 172.149169921875 676.9903564453125 226.90037536621094 1.1708264 1.6822649 0.5433436 1.7879499 1.6609668 22.77219 -1.4908668994903564 0.24303850531578064
Cyclist 0.0 0 -1.7551337480545044 668.359130859375 158.4636688232422 698.1557006835938 221.86148071289062 1.5914832 1.7807842 0.57915866 2.077925 1.3769317 21.082254 -1.6568883657455444 0.2290494292974472
Cyclist 0.0 0 -2.4018046855926514 88.33328247070312 180.94383239746094 134.33372497558594 237.5775604248047 1.0263944 1.7658491 0.6656177 -15.939919 2.028658 23.007061 -3.0077004432678223 0.14908631145954132
Car 0.0 0 -1.3571076393127441 375.7050476074219 171.84654235839844 514.802734375 275.2503356933594 3.9613612 1.6141744 1.65421 -2.8849263 1.5988053 13.242102 -1.5716159343719482 0.903362512588501
Car 0.0 0 2.0672152042388916 141.86480712890625 190.91354370117188 261.60272216796875 246.63987731933594 3.810787 1.471513 1.575446 -12.455458 2.0757978 22.209333 1.5561022758483887 0.8745341897010803
Car 0.0 0 2.2348520755767822 0.0 198.0364990234375 92.11382293701172 254.2801513671875 3.5462816 1.4672576 1.5459987 -18.010006 2.305081 22.20629 1.5534205436706543 0.37467241287231445
Car 0.0 0 1.9713616371154785 375.1146240234375 178.206298828125 418.9022521972656 199.88760375976562 4.109817 1.5142254 1.6470584 -15.784895 1.9278865 53.579052 1.6848576068878174 0.36944353580474854
Car 0.0 0 1.5523022413253784 586.4169921875 172.8035888671875 612.5743408203125 197.7771759033203 3.907091 1.5508627 1.6161711 -0.7473066 1.5480899 46.785084 1.5363304615020752 0.3185269832611084
Car 0.0 0 1.4154777526855469 481.3292236328125 184.31231689453125 517.492919921875 211.8808135986328 3.7494004 1.533795 1.6048313 -6.794156 2.2629137 43.85792 1.2617865800857544 0.2522958517074585
