Pedestrian 0.0 0 0.269669771194458 286.7440490722656 144.14205932617188 383.6098937988281 288.37078857421875 1.0399092 1.7834638 0.6160593 -3.4969656 1.3355575 9.095183 -0.09739085286855698 0.7485790252685547
Pedestrian 0.0 0 -1.6770302057266235 839.3952026367188 173.30429077148438 870.05517578125 243.86605834960938 0.7769948 1.7361523 0.64838564 6.2571235 1.5607011 17.844181 -1.339773416519165 0.23023788630962372
Pedestrian 0.0 0 -3.2740492820739746 755.5433349609375 172.5445098876953 792.9933471679688 259.6269226074219 0.65680915 1.7133512 0.6074666 3.3596892 1.5584569 14.241026 -3.0423691272735596 0.158279687166214
Pedestrian 0.0 0 -0.4283977746963501 820.88818359375 185.55857849121094 869.084228515625 275.9040832519531 0.6831695 1.7326198 0.67042637 4.6891766 1.8368332 13.964872 -0.1044435128569603 0.1451404094696045
Pedestrian 0.0 0 -2.029999256134033 1117.01171875 192.39166259765625 1224.0 370.0 0.67042863 1.6615506 0.6570607 4.3159847 1.7590314 5.2893796 -1.345594882965088 0.1316625475883484
Pedestrian 0.0 0 -0.7941355109214783 984.1365356445312 194.1630859375 1123.4853515625 370.0 0.6657371 1.6246663 0.5781732 3.2787225 1.7353724 5.2761292 -0.23811055719852448 0.11440147459506989
Pedestrian 0.0 0 -3.195272922515869 636.7053833007812 173.77288818359375 694.1455078125 271.6550598144531 1.0174417 1.7554522 0.62599254 1.0547793 1.6364477 13.00223 -3.1143271923065186 0.11436456441879272
Pedestrian 0.0 0 -1.7573447227478027 840.9781494140625 144.9483184814453 889.2161254882812 248.97879028320312 1.1695527 1.7589358 0.59267443 4.5621066 1.1594805 12.574547 -1.4093083143234253 0.11376563459634781
Pedestrian 0.0 0 -0.4469231367111206 748.9654541015625 143.14041137695312 814.060791015625 248.50106811523438 0.92936593 1.7877586 0.62015355 3.0406556 1.1554896 12.390907 -0.20628410577774048 0.11163894832134247
Pedestrian 0.0 0 1.7847769260406494 525.3800048828125 166.13626098632812 566.5695190429688 263.6920166015625 0.74611586 1.7358556 0.6120663 -1.1183616 1.4819175 12.984969 1.6988615989685059 0.10465231537818909
Cyclist 0.0 0 -2.255399465560913 0.0 177.85568237304688 76.84342193603516 260.5378112792969 1.9212449 1.5995196 0.71284443 -11.792961 1.5499967 14.207581 -2.948195219039917 0.25264599919319153
Cyclist 0.0 0 -1.252325415611267 66.79869842529297 154.6371307373047 132.07565307617188 251.5298614501953 1.6645712 1.6899108 0.4974723 -9.441834 1.2404802 13.195294 -1.8734086751937866 0.15373212099075317
Cyclist 0.0 0 0.6454541087150574 31.389982223510742 192.88035583496094 108.58177185058594 254.80564880371094 1.7175846 1.7414156 0.6652438 -15.4159155 2.1052144 20.34718 -0.0029211752116680145 0.13717520236968994
Cyclist 0.0 0 0.2963007390499115 284.3798522949219 144.31849670410156 385.23455810546875 288.4589538574219 1.0787462 1.7840362 0.62503576 -3.5016437 1.3378937 9.096295 -0.07116694003343582 0.13532713055610657
Cyclist 0.0 0 -1.607653021812439 873.4130859375 180.58531188964844 925.857177734375 304.3747863769531 1.9924026 1.6389103 0.623405 4.2502365 1.6419449 10.399952 -1.2196877002716064 0.13056963682174683
Cyclist 0.0 0 -1.7746684551239014 844.0328979492188 139.9760284423828 895.3259887695312 245.6195831298828 1.3961134 1.7469925 0.56529474 4.5801845 1.078512 12.419617 -1.421356439590454 0.10839275270700455
Car 0.0 0 -1.2732455730438232 483.20086669921875 143.8035430908203 580.9268188476562 208.92770385742188 4.2483034 1.7282252 1.7071491 -2.068711 0.75598174 21.009401 -1.3713951110839844 0.11784347891807556
Car 0.0 0 2.1711926460266113 0.0 185.0335235595703 118.81110382080078 235.20948791503906 4.076715 1.5054963 1.6159105 -18.42136 1.6721739 23.66936 1.5098373889923096 0.11247624456882477
Car 0.0 0 1.3403990268707275 1181.776123046875 194.66038513183594 1224.0 370.0 3.8250268 1.4792684 1.5780247 5.932415 1.6369131 5.7466063 2.1417055130004883 0.10470721870660782
