Pedestrian 0.0 0 -2.1013343334198 1133.357421875 175.44284057617188 1230.4857177734375 306.7854919433594 0.8507143 1.6554328 0.66953903 7.507299 1.6918327 9.576208 -1.4364548921585083 0.3896787464618683
Pedestrian 0.0 0 1.3834171295166016 1189.174560546875 127.21878814697266 1242.0 233.3120574951172 0.81496567 1.8655471 0.70607615 11.089255 1.063454 13.21286 2.081653118133545 0.28098082542419434
Pedestrian 0.0 0 -0.6308616399765015 737.3766479492188 182.44126892089844 778.839111328125 252.810302734375 0.7407771 1.7320329 0.73915684 3.7197769 1.9831803 18.381096 -0.43118852376937866 0.24501393735408783
Pedestrian 0.0 0 1.79176926612854 924.0474243164062 116.1182632446289 972.1658325195312 206.51321411132812 1.6672451 1.843867 0.5916443 7.256208 0.68693495 15.555743 2.2282307147979736 0.13388800621032715
Cyclist 0.0 0 -3.1436681747436523 644.4411010742188 186.83303833007812 675.65771484375 221.0444793701172 1.7618958 1.9168398 0.7122527 2.8191378 2.7230122 41.17622 -3.0753097534179688 0.5172094106674194
Cyclist 0.0 0 1.79176926612854 924.0474243164062 116.1182632446289 972.1658325195312 206.51321411132812 1.6672451 1.843867 0.5916443 7.256208 0.68693495 15.555743 2.2282307147979736 0.32023942470550537
Cyclist 0.0 0 -1.6683518886566162 689.5609741210938 161.01171875 704.3695678710938 204.7200927734375 1.7828906 1.7981876 0.44770828 3.6354175 1.3113477 30.577639 -1.5500160455703735 0.27239859104156494
Cyclist 0.0 0 -1.509533405303955 994.6051635742188 174.07872009277344 1019.9314575195312 234.94253540039062 1.7092987 1.6788381 0.5388471 11.417345 1.7159787 20.801153 -1.0075502395629883 0.23421916365623474
Cyclist 0.0 0 -2.0294888019561768 1133.083251953125 173.6619873046875 1230.3917236328125 306.5357971191406 0.9325686 1.6665694 0.6649774 7.5022244 1.6782427 9.577898 -1.3650233745574951 0.1742970049381256
Car 0.0 0 1.73777437210083 462.8886413574219 187.72503662109375 528.9564208984375 244.00650024414062 3.48155 1.6287711 1.5713179 -3.6903887 2.150675 23.552755 1.5823519229888916 0.8920648097991943
Car 0.0 0 1.8109123706817627 549.7902221679688 187.61521911621094 581.0158081054688 208.739501953125 3.9567082 1.5709846 1.6419827 -3.611779 2.8145752 58.674534 1.7494337558746338 0.3590116798877716
Car 0.0 0 1.4140074253082275 1105.806640625 182.36993408203125 1148.060302734375 208.21844482421875 3.9748192 1.5761446 1.6651049 34.10137 2.234333 47.726788 2.034406900405884 0.3385651409626007
Car 0.0 0 1.2960344552993774 1082.362548828125 187.93943786621094 1128.1260986328125 210.08067321777344 4.0371695 1.4582613 1.7179368 36.06765 2.605946 52.686764 1.8963278532028198 0.27327480912208557
Car 0.0 0 -1.5217217206954956 646.1279296875 189.5933380126953 677.0518188476562 218.2362823486328 3.5223973 1.5355644 1.6560299 3.053883 2.5691795 42.687183 -1.4503023624420166 0.26368799805641174
