Pedestrian 0.0 0 -0.4682218134403229 779.484375 146.10598754882812 900.3416137695312 320.7453308105469 1.0441794 1.7436864 0.6072718 2.402535 1.4019737 7.435474 -0.15569311380386353 0.7412583231925964
Pedestrian 0.0 0 2.5125656127929688 54.5712776184082 191.1896209716797 101.96155548095703 252.06060791015625 0.8833672 1.6985544 0.65352005 -15.243088 2.0168386 20.425339 1.8714475631713867 0.2392641305923462
Pedestrian 0.0 0 0.6657024621963501 247.51075744628906 170.7860107421875 304.4138488769531 263.4984436035156 0.74009204 1.7290226 0.6646321 -6.3590364 1.5495005 13.588355 0.22799992561340332 0.18802639842033386
Pedestrian 0.0 0 -1.5237419605255127 840.0653686523438 174.8079833984375 868.4322509765625 244.51133728027344 0.7667822 1.7124399 0.64161205 6.258572 1.5741986 17.84121 -1.1863608360290527 0.18681345880031586
Pedestrian 0.0 0 -2.147817850112915 1111.6365966796875 189.98194885253906 1224.0 370.0 0.67855227 1.6672872 0.6619198 4.3167596 1.7452862 5.311731 -1.4653903245925903 0.15430673956871033
Pedestrian 0.0 0 -0.19786271452903748 633.9391479492188 169.8226318359375 695.198486328125 268.9798583984375 1.015976 1.7685626 0.6209564 1.0391111 1.5797638 12.974005 -0.11794152855873108 0.12647639214992523
Pedestrian 0.0 0 1.569282054901123 967.467041015625 128.97421264648438 1011.2791137695312 246.50283813476562 1.676885 1.7792183 0.5900024 6.240788 1.0008506 11.576981 2.0636940002441406 0.1162765622138977
Cyclist 0.0 0 1.569282054901123 967.467041015625 128.97421264648438 1011.2791137695312 246.50283813476562 1.676885 1.7792183 0.5900024 6.240788 1.0008506 11.576981 2.0636940002441406 0.2813904881477356
Cyclist 0.0 0 -2.3511621952056885 0.0 175.18678283691406 86.25371551513672 258.38311767578125 1.9732584 1.6162603 0.76082855 -11.694844 1.5146722 14.209628 -3.0397844314575195 0.2799585163593292
Cyclist 0.0 0 -0.4613510072231293 777.0136108398438 146.1680145263672 903.9058837890625 321.7068786621094 1.1096627 1.7523878 0.6128382 2.4081566 1.411349 7.438438 -0.1482546627521515 0.19253984093666077
Cyclist 0.0 0 3.5915474891662598 42.97642135620117 191.3035888671875 103.27828979492188 253.52854919433594 1.2161458 1.7394593 0.6766916 -15.339008 2.0591722 20.366377 2.946031093597412 0.1481257826089859
Car 0.0 0 1.6508448123931885 55.88054275512695 188.33009338378906 117.98585510253906 232.32818603515625 3.8111143 1.4542227 1.5497779 -19.076187 1.7674567 26.115326 1.0199673175811768 0.23574216663837433
