Pedestrian 0.0 0 -2.1876437664031982 228.3512725830078 185.33255004882812 287.4335021972656 288.0795593261719 0.709005 1.7365127 0.6475966 -6.2733808 1.9653649 12.755673 -2.644718647003174 0.43130335211753845
Pedestrian 0.0 0 -2.897447109222412 457.68505859375 182.34378051757812 482.7298889160156 230.38314819335938 0.7760555 1.7497222 0.66270113 -5.2245474 2.1067753 26.767038 -3.090209484100342 0.3710843324661255
Pedestrian 0.0 0 -2.346979856491089 1023.1685180664062 173.23353576660156 1240.342041015625 375.0 1.6447841 1.6771852 0.5506694 4.452846 1.6813571 6.3916683 -1.73849618434906 0.12239673733711243
Cyclist 0.0 0 -1.7815757989883423 890.0985717773438 126.5771713256836 950.5794677734375 238.6700897216797 1.9210119 1.8060576 0.57063156 5.3351293 1.0607963 12.619801 -1.3816051483154297 0.297150582075119
Cyclist 0.0 0 -2.346979856491089 1023.1685180664062 173.23353576660156 1240.342041015625 375.0 1.6447841 1.6771852 0.5506694 4.452846 1.6813571 6.3916683 -1.73849618434906 0.2863251566886902
Car 0.0 0 -1.9654767513275146 807.3759765625 190.2955780029297 1229.505615234375 375.0 3.457766 1.4576886 1.5297265 2.695403 1.6400751 5.767758 -1.5283111333847046 0.9162153005599976
Car 0.0 0 -1.8402595520019531 715.6559448242188 169.89088439941406 909.0794677734375 300.9148864746094 4.217623 1.6080966 1.6688616 2.7476816 1.5720873 10.981352 -1.595080018043518 0.8575370907783508
Car 0.0 0 1.6991770267486572 503.12225341796875 179.594970703125 568.7044067382812 227.4263916015625 4.5718355 1.5024499 1.7389786 -2.5726278 1.763788 25.622347 1.599106788635254 0.802575409412384
Car 0.0 0 -1.7019606828689575 657.9552001953125 176.37371826171875 705.200439453125 212.8463134765625 3.9859715 1.542775 1.6243454 3.1628292 1.7136303 32.92844 -1.6062028408050537 0.6502742171287537
Car 0.0 0 1.4974077939987183 651.9248046875 178.1085968017578 687.2445068359375 208.5074005126953 3.8626413 1.518132 1.5957603 3.1072657 1.8139923 38.637516 1.5776560306549072 0.5133809447288513
Car 0.0 0 -1.715863823890686 675.3182373046875 164.8458251953125 744.0743408203125 223.69244384765625 4.5325193 1.8909998 1.7393175 3.3667176 1.6340201 25.461298 -1.5843976736068726 0.3657782971858978
