Car 0.0 0 -2.5578126907348633 0.0 195.04478454589844 326.1204833984375 316.061767578125 3.722749 1.429937 1.5708116 -6.0271163 1.7531807 9.662316 -3.1155309677124023 0.8410871028900146
Car 0.0 0 3.5112061500549316 88.5968246459961 170.48016357421875 358.7645263671875 268.6756896972656 3.7077065 1.527283 1.6034052 -6.411371 1.4907191 12.225953 3.028224468231201 0.8331333994865417
Car 0.0 0 -0.7724974155426025 989.6475830078125 176.0228271484375 1242.0 335.9713439941406 3.7038424 1.5146637 1.6008129 6.318227 1.5537263 7.8394003 -0.0941341295838356 0.8065388202667236
Car 0.0 0 -0.3635355234146118 751.4429931640625 180.66329956054688 947.4640502929688 249.10470581054688 4.2326336 1.5670817 1.7035649 5.723141 1.7693497 17.694668 -0.05071635916829109 0.7978240847587585
Car 0.0 0 -1.6906720399856567 636.5598754882812 180.16375732421875 682.3901977539062 215.28443908691406 3.6763802 1.4241625 1.5817211 2.0913846 1.7669182 31.916454 -1.6252387762069702 0.776797890663147
Car 0.0 0 -2.781583786010742 248.729736328125 183.35989379882812 432.7265930175781 245.4684600830078 3.8504868 1.4056623 1.56783 -6.441407 1.6708283 17.390026 -3.1363227367401123 0.7355881929397583
Car 0.0 0 -2.871713161468506 358.80364990234375 179.53073120117188 490.400146484375 226.00230407714844 4.229122 1.5775481 1.702782 -6.5590925 1.8234448 25.63967 -3.1221601963043213 0.7238673567771912
Car 0.0 0 0.5762635469436646 0.0 199.74696350097656 275.6142272949219 375.0 4.0775266 1.4415078 1.6078647 -5.81787 1.7487966 7.22559 -0.10162539035081863 0.7232204675674438
Car 0.0 0 -2.6439948081970215 175.94384765625 184.49530029296875 394.9132995605469 260.0987854003906 3.8411121 1.4341829 1.5780768 -6.661171 1.690196 14.907826 -3.064204216003418 0.5542128086090088
Car 0.0 0 1.7501957416534424 621.358642578125 175.6109161376953 649.0891723632812 193.9402618408203 4.012839 1.4482193 1.6074284 2.1009476 1.6851418 59.779423 1.7853262424468994 0.42472365498542786
