Pedestrian 0.0 0 3.140836238861084 280.79168701171875 172.5857391357422 314.371337890625 232.97337341308594 0.9022309 1.7529619 0.59233344 -9.15039 1.5247911 20.971684 2.7294156551361084 0.6706674695014954
Pedestrian 0.0 0 -2.3147387504577637 400.9935607910156 158.51905822753906 437.8460388183594 224.20004272460938 0.75122297 1.7820739 0.65580547 -5.1938057 1.1872618 19.657427 -2.573051691055298 0.45645228028297424
Pedestrian 0.0 0 -1.1501681804656982 9.703267097473145 153.0023651123047 37.13444137573242 198.73013305664062 0.6440507 1.9516063 0.7167043 -25.167543 0.77951807 30.576473 -1.8388376235961914 0.3858562111854553
Pedestrian 0.0 0 1.7836744785308838 543.8780517578125 165.6201171875 573.5274658203125 224.39749145507812 1.4731828 1.7776862 0.6330948 -1.4683425 1.329213 22.154251 1.7174931764602661 0.29698875546455383
Pedestrian 0.0 0 0.23227450251579285 382.4967956542969 174.6143798828125 410.54010009765625 230.54847717285156 0.7215877 1.7282624 0.62012124 -6.564012 1.5479635 22.171188 -0.05556410551071167 0.27032899856567383
Cyclist 0.0 0 -0.34212255477905273 969.3286743164062 141.38848876953125 1054.4320068359375 211.9330291748047 1.7900517 1.7683934 0.6271462 10.403218 0.7895499 18.185835 0.17749238014221191 0.7281827330589294
Cyclist 0.0 0 -0.5932461023330688 731.0767822265625 160.68173217773438 773.0289916992188 198.27999877929688 1.8411475 1.7130445 0.6865728 6.8218007 0.8115477 32.875984 -0.38864850997924805 0.7223168611526489
Cyclist 0.0 0 -0.4183303415775299 895.8320922851562 145.1641082763672 959.1400756835938 200.28919982910156 1.8157215 1.7947874 0.59200203 10.594269 0.6458505 23.31881 0.008112668991088867 0.5197235941886902
Cyclist 0.0 0 -1.0308551788330078 216.29605102539062 179.36293029785156 263.5343933105469 232.87794494628906 1.7691201 1.7560537 0.61031866 -12.446056 1.7202845 24.098358 -1.5075911283493042 0.4120752215385437
Cyclist 0.0 0 -0.35160139203071594 278.6701965332031 168.65945434570312 358.9129943847656 237.1795196533203 1.9298424 1.773643 0.59861755 -7.772039 1.4687393 19.16705 -0.7368311882019043 0.40669503808021545
Cyclist 0.0 0 -1.465267300605774 840.0162353515625 155.75083923339844 857.42578125 198.5251922607422 1.8326335 1.7676837 0.5142013 10.383237 0.74639195 30.153389 -1.1336371898651123 0.3954356908798218
Cyclist 0.0 0 1.788181185722351 543.9673461914062 165.35389709472656 573.0696411132812 223.87850952148438 1.4212611 1.7726675 0.62119275 -1.4753152 1.3154631 22.160275 1.7217044830322266 0.39167848229408264
Cyclist 0.0 0 -0.9856937527656555 336.30938720703125 178.38034057617188 354.97161865234375 203.05255126953125 1.6179603 1.672107 0.37908795 -17.86964 1.5297649 48.74466 -1.337077021598816 0.3505350947380066
Cyclist 0.0 0 3.244183301925659 278.6210632324219 172.4351043701172 315.1809387207031 233.34805297851562 0.9394289 1.7686073 0.5876514 -9.152233 1.536011 20.947071 2.8322582244873047 0.1109013557434082
Car 0.0 0 -1.3277981281280518 384.11920166015625 179.3251495361328 504.9728088378906 255.9765167236328 3.8679812 1.4272316 1.6163934 -3.3088768 1.4069933 15.115596 -1.5433036088943481 0.8913202285766602
Car 0.0 0 -3.688142776489258 999.9295043945312 156.37449645996094 1110.62841796875 192.90866088867188 3.7757037 1.5489241 1.624095 19.54298 0.52756447 30.818504 -3.1230039596557617 0.4495026171207428
Car 0.0 0 1.7319815158843994 477.485107421875 172.42665100097656 504.9739074707031 191.99058532714844 3.6623995 1.4815998 1.5600898 -8.86389 0.87145597 55.37379 1.5732543468475342 0.3768671751022339
Car 0.0 0 -0.6238740682601929 1097.736328125 142.12564086914062 1224.0 180.27687072753906 4.2368336 1.6245306 1.6987132 24.356607 -0.008634783 31.049524 0.04130911827087402 0.3744172155857086
