Car 0.0 0 1.8202285766601562 435.8658752441406 186.95205688476562 491.568359375 225.29273986816406 3.4733148 1.4776906 1.5264343 -6.237118 2.1161504 30.882511 1.6209464073181152 0.8644415140151978
Car 0.0 0 2.1923842430114746 0.0 210.60702514648438 242.92941284179688 375.0 3.8046687 1.490034 1.6068941 -6.0673575 2.0275378 8.355727 1.5643346309661865 0.8566893339157104
Car 0.0 0 -2.1900813579559326 912.8626098632812 181.7515411376953 1242.0 375.0 3.8860362 1.4331297 1.5945647 2.9416556 1.5021653 3.5728965 -1.5012786388397217 0.7331357598304749
Car 0.0 0 -1.6903696060180664 648.4435424804688 175.15625 691.7833251953125 208.68106079101562 3.838513 1.5007707 1.607542 2.7803235 1.6174849 34.514603 -1.6099882125854492 0.7244294285774231
Car 0.0 0 2.0877246856689453 129.32151794433594 197.3046417236328 204.50791931152344 228.83387756347656 3.9498289 1.4589368 1.6849555 -23.56979 2.8315046 38.489857 1.5382639169692993 0.5906388163566589
Car 0.0 0 1.835404396057129 460.6999816894531 187.196044921875 509.6393127441406 219.4620819091797 3.573005 1.4647385 1.5424702 -6.251484 2.2224507 36.24828 1.6646214723587036 0.49230295419692993
Car 0.0 0 2.0689313411712646 83.73753356933594 197.9370574951172 163.48681640625 229.3735809326172 4.1575966 1.4436374 1.7764384 -26.02009 2.8649557 38.71984 1.4772391319274902 0.4328186810016632
Car 0.0 0 2.245617151260376 0.0 206.80133056640625 88.27324676513672 239.178466796875 3.9805946 1.4684079 1.803467 -30.526657 3.3936834 38.911797 1.5803935527801514 0.4245719611644745
Car 0.0 0 1.7283939123153687 228.5089874267578 193.4449920654297 279.03692626953125 226.1069793701172 4.147559 1.4881661 1.7522796 -18.689285 2.635162 37.936974 1.2706513404846191 0.39212968945503235
Car 0.0 0 -1.0896990299224854 172.39895629882812 196.26992797851562 245.43923950195312 228.701904296875 3.93914 1.4773583 1.7082322 -20.910212 2.7668204 37.72938 -1.5957729816436768 0.388662189245224
