Pedestrian 0.0 0 2.2468743324279785 1164.434814453125 119.83032989501953 1222.1912841796875 208.7245330810547 0.82682246 1.90244 0.60000217 12.734034 0.76802915 15.82098 2.9245853424072266 0.22099635004997253
Pedestrian 0.0 0 -1.7491438388824463 1221.102783203125 167.7037353515625 1242.0 212.16676330566406 0.8841063 1.6943259 0.6145096 24.193592 1.4984263 28.02936 -1.0370638370513916 0.21683581173419952
Pedestrian 0.0 0 -1.606343150138855 899.7766723632812 179.0316162109375 912.7129516601562 218.16395568847656 1.5495492 1.6681484 0.47016394 13.017413 1.9478734 31.818714 -1.2180064916610718 0.11285675317049026
Cyclist 0.0 0 -1.5937128067016602 899.900634765625 179.2033233642578 911.8978271484375 218.00363159179688 1.5010049 1.6568182 0.45295495 13.013938 1.9443121 31.845547 -1.2057650089263916 0.2237115055322647
Cyclist 0.0 0 -2.183595895767212 1120.651611328125 187.33566284179688 1158.7000732421875 233.88150024414062 1.4893875 1.7140713 0.39400187 20.334091 2.2871068 27.782148 -1.551771879196167 0.21341027319431305
Car 0.0 0 2.0755715370178223 280.0345153808594 186.56158447265625 320.4872131347656 205.32086181640625 3.7712135 1.4911144 1.5764693 -26.656998 2.7095788 62.161186 1.6704556941986084 0.558818519115448
Car 0.0 0 2.0857651233673096 6.988702774047852 179.92819213867188 131.99249267578125 239.7439727783203 4.3901343 1.9524411 1.7077059 -19.60424 2.2337894 26.373096 1.4465385675430298 0.40063270926475525
Car 0.0 0 1.9497995376586914 399.6462707519531 181.20175170898438 433.0914306640625 199.05081176757812 3.8197823 1.4900819 1.568185 -17.176394 2.254856 64.08126 1.6879146099090576 0.38476020097732544
Car 0.0 0 0.6438526511192322 849.280029296875 180.94874572753906 916.11572265625 206.65292358398438 3.7265797 1.5054882 1.6010971 17.119915 2.039008 45.519894 1.0035851001739502 0.31348538398742676
Car 0.0 0 2.0850608348846436 345.24346923828125 182.84518432617188 383.56744384765625 200.20643615722656 3.888459 1.4657423 1.5779212 -22.213564 2.399359 65.338036 1.7573411464691162 0.27120673656463623
Car 0.0 0 1.4606940746307373 1023.2103271484375 186.968994140625 1062.37109375 212.34368896484375 4.0074677 1.451413 1.6969967 27.420599 2.3915768 45.86366 1.9995474815368652 0.27025505900382996
