Pedestrian 0.0 0 -1.4793661832809448 482.0980529785156 174.3323516845703 499.3409423828125 215.57418823242188 0.9951213 1.8036302 0.6706897 -5.3427844 1.8708519 32.11045 -1.6442434787750244 0.5134658813476562
Cyclist 0.0 0 1.589255690574646 504.0135803222656 173.80487060546875 517.1849975585938 212.40162658691406 1.8620505 1.7664695 0.5839085 -4.718262 1.8129368 34.026516 1.4514700174331665 0.586334764957428
Cyclist 0.0 0 -1.487007737159729 482.1607360839844 174.19432067871094 499.0437316894531 215.65756225585938 1.0149521 1.8122454 0.6601127 -5.3463907 1.873228 32.10072 -1.652043342590332 0.2106177806854248
Car 0.0 0 -1.7706825733184814 642.8837280273438 171.9030303955078 707.2266235351562 218.19354248046875 3.4757292 1.4895295 1.5475363 2.1393824 1.4592872 25.02974 -1.6854162216186523 0.8592268228530884
Car 0.0 0 -1.345749020576477 0.0 194.0822296142578 96.35430908203125 262.0665283203125 3.7690055 1.4747375 1.5701307 -14.904579 2.0930493 18.961926 -2.011911392211914 0.8562563061714172
Car 0.0 0 -1.7003108263015747 570.1689453125 175.5898895263672 604.7156372070312 202.2102813720703 3.5980237 1.5282784 1.6338271 -1.4394125 1.7016551 43.720306 -1.7332221269607544 0.7121383547782898
Car 0.0 0 1.3647792339324951 695.0724487304688 174.1717529296875 804.92529296875 250.2984619140625 3.8221116 1.459307 1.574824 2.8773038 1.4921008 15.826599 1.5446168184280396 0.7115575075149536
Car 0.0 0 -1.6022073030471802 428.89410400390625 179.5843963623047 475.6667175292969 222.58338928222656 3.842764 1.4825828 1.6122429 -6.1265326 1.7594708 27.5818 -1.8207809925079346 0.7079365849494934
Car 0.0 0 -1.8250417709350586 724.0243530273438 152.53009033203125 917.5812377929688 293.8668212890625 4.3377237 1.7202439 1.6712302 2.85543 1.4732344 10.948852 -1.5699270963668823 0.6669756174087524
Car 0.0 0 -1.7363957166671753 613.3327026367188 171.1215057373047 660.2266235351562 207.6248321533203 3.2441475 1.5202539 1.5387968 1.0892805 1.4484587 31.755981 -1.702107548713684 0.5826736688613892
Car 0.0 0 -1.6594550609588623 547.7164306640625 175.71890258789062 573.812255859375 196.8854217529297 3.8508391 1.5091919 1.6084887 -3.745337 1.732102 54.020393 -1.728676199913025 0.500652551651001
