Pedestrian 0.0 0 1.9424917697906494 460.84344482421875 181.49249267578125 492.9620666503906 229.9384002685547 1.761143 1.8205011 0.64873874 -5.257819 2.1715963 28.367105 1.759222388267517 0.1955295354127884
Cyclist 0.0 0 1.4948889017105103 488.9775390625 180.98388671875 509.91827392578125 226.37562561035156 1.8208066 1.8252445 0.7301386 -4.700164 2.1782768 30.327896 1.3411338329315186 0.5773452520370483
Cyclist 0.0 0 1.957704782485962 460.1601867675781 181.76052856445312 492.6171875 230.2921905517578 1.7846475 1.8200892 0.6288316 -5.272442 2.1818588 28.338617 1.773756504058838 0.5738577842712402
Car 0.0 0 -1.7927464246749878 644.3054809570312 181.98635864257812 719.8167724609375 236.56475830078125 3.4171164 1.497626 1.5786631 2.0869892 1.8016294 22.192472 -1.698981761932373 0.8739873170852661
Car 0.0 0 -1.9025049209594727 755.9616088867188 151.079833984375 1063.00146484375 359.9492492675781 4.3336124 1.7240742 1.6805474 2.85653 1.5447013 8.12516 -1.5644357204437256 0.8604050874710083
Car 0.0 0 1.2977656126022339 708.1376342773438 180.90396118164062 856.1028442382812 281.6547546386719 3.745242 1.505562 1.5852655 2.8626306 1.6723398 12.999639 1.5145148038864136 0.8173158764839172
Car 0.0 0 -1.5809530019760132 406.82452392578125 186.9040069580078 458.3077392578125 236.49497985839844 3.5272708 1.485351 1.5864118 -6.1104383 2.001807 24.595188 -1.8244632482528687 0.7776527404785156
Car 0.0 0 1.3615788221359253 606.1272583007812 177.67733764648438 665.4071655273438 218.60569763183594 3.9538894 1.5150582 1.6023318 0.92985916 1.725159 29.285957 1.3933191299438477 0.7179946303367615
Car 0.0 0 -1.6845512390136719 566.1934204101562 186.36911010742188 602.2736206054688 215.84234619140625 3.621594 1.526427 1.6419041 -1.541927 2.33131 41.03496 -1.7221095561981201 0.6976717114448547
Car 0.0 0 -1.6976587772369385 540.8665771484375 185.9478302001953 570.1904296875 209.7849578857422 3.70073 1.5554218 1.614555 -3.929402 2.5212524 51.22448 -1.7742183208465576 0.5174513459205627
Car 0.0 0 0.7539093494415283 0.0 0.0 1242.0 375.0 4.076478 1.5129625 1.6357104 2.3996584 1.2038528 1.3412097 1.81504225730896 0.42898574471473694
