Car 0.0 0 -2.1260926723480225 823.1962280273438 201.35865783691406 1242.0 375.0 3.5687346 1.4531056 1.5630888 2.9066393 1.735515 5.3124237 -1.6254479885101318 0.8616130948066711
Car 0.0 0 -3.564016819000244 843.7233276367188 187.86203002929688 1123.1351318359375 278.9509582519531 4.035996 1.4450623 1.6262162 6.314752 1.7268927 12.63425 -3.1005194187164307 0.8499161005020142
Car 0.0 0 3.626492738723755 0.0 177.66737365722656 306.64288330078125 300.7894592285156 3.6624687 1.537963 1.6203645 -6.4394855 1.6117938 10.04828 3.0565736293792725 0.825921356678009
Car 0.0 0 -0.3634684383869171 820.8756713867188 178.79473876953125 1034.31689453125 253.4235076904297 3.7977138 1.4688805 1.5993167 6.518422 1.6017638 15.215925 0.041274070739746094 0.7762251496315002
Car 0.0 0 0.2761584520339966 392.5035095214844 176.88092041015625 500.5018310546875 218.25621032714844 3.900101 1.5886475 1.6745037 -6.5198226 1.7551458 28.82531 0.05371737480163574 0.7392480373382568
Car 0.0 0 -2.764880657196045 263.63232421875 159.7338104248047 439.65667724609375 226.83103942871094 4.0557666 1.6940669 1.698005 -6.805474 1.3631672 19.134018 -3.1066012382507324 0.6965731978416443
Car 0.0 0 3.1825265884399414 431.6166687011719 171.18124389648438 522.3131713867188 208.81192016601562 4.076875 1.703482 1.725923 -6.218099 1.6281174 33.801006 3.000598669052124 0.6227882504463196
Car 0.0 0 2.802135467529297 732.0211181640625 171.14389038085938 889.1293334960938 226.3009796142578 4.518905 1.6888634 1.7813176 6.309949 1.6368597 23.143837 3.0683069229125977 0.6050856709480286
Car 0.0 0 3.4585070610046387 295.0655822753906 179.76649475097656 444.16461181640625 232.63809204101562 3.9310067 1.5096785 1.626757 -7.1702595 1.7251695 21.633635 3.138461112976074 0.46393895149230957
Car 0.0 0 0.8379533886909485 0.0 216.89207458496094 128.5133056640625 375.0 4.0869575 1.479907 1.6256657 -6.0316644 1.8426765 5.0496287 -0.03583493456244469 0.4525635838508606
