Pedestrian 0.0 0 1.9344755411148071 55.41878890991211 162.7741241455078 102.7707748413086 242.13233947753906 0.8549172 1.7687213 0.6134933 -12.229833 1.5444213 16.572918 1.2987370491027832 0.24916581809520721
Pedestrian 0.0 0 -1.410136342048645 447.3052978515625 154.2755126953125 460.8883361816406 186.17933654785156 0.5692218 1.9752735 0.74679923 -9.747684 0.82537377 44.97403 -1.6235753297805786 0.22370022535324097
Pedestrian 0.0 0 -2.4362456798553467 446.3854064941406 175.42681884765625 476.7027282714844 230.49649047851562 0.6794428 1.7395743 0.68149024 -4.8362174 1.8246526 23.29478 -2.6409473419189453 0.21215005218982697
Pedestrian 0.0 0 -1.7992746829986572 867.0404052734375 152.7266845703125 912.8890380859375 241.51739501953125 0.9531857 1.7607123 0.67641115 5.685599 1.3619471 14.823806 -1.4330334663391113 0.20743151009082794
Car 0.0 0 1.8232226371765137 358.4552917480469 182.16908264160156 488.8200378417969 263.1558532714844 4.3302765 1.4455788 1.661331 -3.8719285 1.6747392 15.548052 1.5791572332382202 0.8709343671798706
Car 0.0 0 -1.0883055925369263 0.0 183.46548461914062 393.7216491699219 375.0 4.1705275 1.458258 1.590323 -3.2113414 1.5761639 5.891905 -1.5873351097106934 0.8541308045387268
Car 0.0 0 -1.6442238092422485 650.6725463867188 174.53555297851562 705.129638671875 219.53909301757812 3.729598 1.4435523 1.6028174 2.2525659 1.5069257 25.159166 -1.554929256439209 0.8301731944084167
Car 0.0 0 -1.774672031402588 688.019287109375 178.5094451904297 799.9544677734375 260.5980224609375 3.3541756 1.4515114 1.5576077 2.5496597 1.5803756 14.691246 -1.6028339862823486 0.8221306800842285
Car 0.0 0 -1.9506117105484009 794.0162353515625 186.3902587890625 1218.4345703125 375.0 4.3539686 1.4599339 1.6358608 2.934642 1.6260016 6.6243687 -1.5335882902145386 0.8216938376426697
Car 0.0 0 3.341625452041626 415.0703430175781 172.12908935546875 508.8288879394531 211.74085998535156 3.8717608 1.7345437 1.6904944 -6.641988 1.7031589 32.441322 3.1396777629852295 0.6117370128631592
