Pedestrian 0.0 0 2.6663529872894287 765.5126953125 140.5877685546875 817.5333862304688 222.51560974121094 1.0218625 1.8750465 0.59921217 4.2015376 1.1369416 16.919758 2.9097511768341064 0.22219443321228027
Pedestrian 0.0 0 1.1789913177490234 849.9378662109375 159.64059448242188 892.857666015625 244.8533477783203 0.8159785 1.8234318 0.620338 5.6846857 1.5410416 15.85943 1.5231670141220093 0.21387602388858795
Pedestrian 0.0 0 -0.7473325729370117 399.69158935546875 184.9593963623047 417.25970458984375 213.12913513183594 0.8944906 1.7662678 0.6311522 -12.948422 2.5518506 46.254066 -1.0202867984771729 0.1508958786725998
Pedestrian 0.0 0 -1.9777522087097168 866.9006958007812 148.4618682861328 910.9818115234375 238.76759338378906 0.736956 1.7962358 0.5943551 5.633702 1.3114195 14.729611 -1.6124446392059326 0.12234940379858017
Car 0.0 0 1.5711240768432617 193.11416625976562 193.91952514648438 231.16929626464844 225.18006896972656 4.1936646 1.5138654 1.7750552 -22.224514 2.7557182 40.256332 1.0666892528533936 0.666460394859314
Car 0.0 0 1.685434341430664 287.1908874511719 190.1221160888672 319.0877380371094 212.4175262451172 4.144727 1.4797893 1.71789 -22.763071 2.8157392 53.573418 1.2836527824401855 0.16954661905765533
Car 0.0 0 1.8189339637756348 108.5726547241211 195.26553344726562 157.9781494140625 220.6783447265625 4.122034 1.4602569 1.7633384 -31.431114 3.0098534 47.638573 1.2357122898101807 0.167012020945549
Car 0.0 0 1.7060189247131348 246.13601684570312 195.30206298828125 288.3809509277344 224.61854553222656 3.569135 1.4541094 1.6896677 -19.330616 2.782873 40.73894 1.2629787921905518 0.14487910270690918
Car 0.0 0 1.7680673599243164 289.1346435546875 188.7289276123047 319.1413879394531 207.84664916992188 3.9126408 1.5393217 1.7047764 -26.960224 2.9860842 63.650196 1.3674097061157227 0.1414479911327362
Car 0.0 0 1.5232672691345215 145.49441528320312 196.98358154296875 189.3568115234375 228.59542846679688 4.170344 1.4694256 1.8279775 -24.112442 2.8552833 39.1899 0.9716939926147461 0.12231229990720749
