Pedestrian 0.0 0 -1.6208488941192627 733.3152465820312 162.4985809326172 754.5755615234375 218.62110900878906 1.7319167 1.7603217 0.590579 4.309135 1.4358749 23.525908 -1.4396915435791016 0.1783316433429718
Pedestrian 0.0 0 2.2336485385894775 66.65977478027344 192.3468017578125 112.25911712646484 237.1710968017578 1.7390009 1.7049531 0.5352995 -20.99999 2.514888 29.085289 1.6083002090454102 0.10721533745527267
Cyclist 0.0 0 -1.6079134941101074 733.0909423828125 161.48703002929688 752.7059326171875 218.5992889404297 1.7715168 1.796819 0.560844 4.2920895 1.4395589 23.614317 -1.428118348121643 0.6598532795906067
Cyclist 0.0 0 2.265551805496216 65.3873519897461 192.40652465820312 112.87309265136719 237.6224822998047 1.7655541 1.7158812 0.54870343 -20.991089 2.5280697 29.056234 1.6399303674697876 0.5208983421325684
Car 0.0 0 2.035994529724121 216.47048950195312 189.30166625976562 309.0345764160156 233.88153076171875 4.036592 1.5396383 1.6488495 -13.607702 2.2349653 28.451002 1.5898690223693848 0.8695343136787415
Car 0.0 0 2.258424758911133 0.0 195.65924072265625 84.55679321289062 238.5787811279297 4.2561374 1.4807142 1.7053875 -23.782907 2.474307 29.289505 1.5764129161834717 0.3321361243724823
Car 0.0 0 2.128831148147583 188.62574768066406 190.42469787597656 256.533203125 219.7509307861328 3.9406338 1.5294932 1.6522417 -22.535042 2.6036217 42.070747 1.6370748281478882 0.22328422963619232
Car 0.0 0 2.086695909500122 298.46734619140625 192.25100708007812 351.2457275390625 216.45411682128906 3.9516244 1.5124614 1.7082144 -19.915722 2.925994 50.48935 1.710979700088501 0.16967260837554932
Car 0.0 0 0.860377311706543 1091.5023193359375 185.00550842285156 1242.0 375.0 3.7408085 1.4317033 1.5728054 6.9307423 1.5902106 7.4902873 1.6069942712783813 0.1197977140545845
Car 0.0 0 1.6523383855819702 657.916259765625 177.6328125 696.6595458984375 210.8933563232422 4.0695524 1.5558323 1.6269652 3.4175303 1.8122288 36.510437 1.7456706762313843 0.11297761648893356
