Pedestrian 0.0 0 0.4882134795188904 1183.4759521484375 134.2941131591797 1242.0 259.9920959472656 0.7876205 1.8006908 0.6143587 9.174921 1.2486576 10.813179 1.1918327808380127 0.24969737231731415
Pedestrian 0.0 0 -3.617074728012085 1034.595947265625 122.48950958251953 1097.680908203125 214.6383819580078 0.9166826 1.8551897 0.6192131 9.336929 0.8415829 14.871105 -3.0564234256744385 0.20454174280166626
Pedestrian 0.0 0 1.2478185892105103 860.8977661132812 140.21563720703125 890.0274658203125 193.60458374023438 1.3974669 1.8486329 0.5554624 9.393224 0.7188631 25.68717 1.5983912944793701 0.11843213438987732
Pedestrian 0.0 0 -1.6656652688980103 810.370849609375 158.97970581054688 824.4819946289062 195.9859619140625 0.98728496 1.8951648 0.6123553 10.7361 1.1849923 37.489983 -1.3867571353912354 0.1026364415884018
Cyclist 0.0 0 1.2014217376708984 855.9094848632812 141.35610961914062 886.866455078125 194.9188232421875 1.4433514 1.8526312 0.5488753 9.24514 0.7635377 25.681868 1.5469658374786377 0.18183600902557373
Car 0.0 0 1.758447527885437 657.5093994140625 174.24913024902344 682.2237548828125 191.06060791015625 4.0053205 1.5354928 1.617669 5.6868596 1.6722627 68.40177 1.8413958549499512 0.21718762814998627
Car 0.0 0 1.4360496997833252 492.6079406738281 176.6298370361328 524.5513305664062 202.67115783691406 3.574914 1.5894098 1.5675597 -6.6054378 1.8433902 46.52966 1.295030117034912 0.12334667146205902
Car 0.0 0 2.1562368869781494 346.7636413574219 181.51516723632812 398.31494140625 205.73182678222656 3.713826 1.5378852 1.5485389 -16.179718 2.1533194 49.241882 1.8387736082077026 0.11403534561395645
Car 0.0 0 1.8997076749801636 390.88079833984375 178.46710205078125 426.1953125 198.48214721679688 3.718385 1.4874085 1.5508007 -15.780688 1.9427598 56.584175 1.6277297735214233 0.1137089803814888
Car 0.0 0 -2.310533285140991 354.19354248046875 172.9646759033203 459.20330810546875 215.52012634277344 4.0207043 1.5518724 1.649805 -7.9807315 1.5568079 28.078089 -2.58746337890625 0.11248370260000229
Car 0.0 0 1.8246750831604004 350.72662353515625 166.78445434570312 432.6986999511719 218.6272735595703 3.947377 1.5556751 1.626285 -7.087767 1.3739011 23.65145 1.5335156917572021 0.11017844825983047
Car 0.0 0 1.867479681968689 292.9968566894531 176.03465270996094 397.1169128417969 238.75291442871094 3.6539388 1.4694525 1.5580938 -6.8752713 1.5616028 18.956055 1.5195400714874268 0.10813848674297333
Car 0.0 0 2.238929271697998 0.0 166.6826934814453 207.2673797607422 269.7501525878906 3.7755432 1.5643083 1.5810612 -9.152136 1.4710009 12.873403 1.6209030151367188 0.10794390738010406
Car 0.0 0 -1.3304736614227295 115.68287658691406 182.19390869140625 231.583984375 252.9132537841797 3.6757004 1.4926926 1.5981168 -10.622247 1.7485636 17.74474 -1.8698734045028687 0.103404700756073
