Pedestrian 0.0 0 -1.261269450187683 366.2392883300781 164.3051300048828 410.2510986328125 254.32518005371094 0.71770746 1.7219467 0.6392931 -4.393311 1.5587777 14.160793 -1.5620983839035034 0.4429750442504883
Cyclist 0.0 0 -2.0820677280426025 827.6649169921875 119.04199981689453 897.1005859375 213.9044952392578 1.7844148 1.7957516 0.5083516 5.009598 0.7774456 14.579323 -1.7510969638824463 0.4050168991088867
Car 0.0 0 -1.8903707265853882 728.8316040039062 176.14125061035156 958.35205078125 321.85174560546875 3.6182153 1.4318799 1.569539 2.5810754 1.48168 9.010173 -1.611379623413086 0.9076309204101562
Car 0.0 0 -1.2947641611099243 344.8207092285156 179.59388732910156 522.2200927734375 296.1927795410156 4.185069 1.4784775 1.6181118 -2.6206703 1.6064312 11.524926 -1.5183537006378174 0.8819832801818848
Car 0.0 0 -1.2280488014221191 47.53675842285156 182.7889862060547 453.9586486816406 375.0 4.354529 1.4909521 1.626461 -2.6360486 1.6103599 6.430823 -1.6170676946640015 0.8707007765769958
Car 0.0 0 -1.711035966873169 660.2958374023438 171.828857421875 723.1720581054688 217.51205444335938 3.865688 1.4515113 1.6095841 2.6910775 1.4192971 24.880949 -1.6032966375350952 0.8000485301017761
Car 0.0 0 -2.107825994491577 814.4220581054688 176.41653442382812 1242.0 375.0 3.907481 1.4275582 1.5884049 2.3103504 1.4559871 3.7137625 -1.5513111352920532 0.6861534714698792
Car 0.0 0 1.59409499168396 544.586181640625 172.29147338867188 576.2060546875 201.628173828125 3.8068302 1.4855822 1.5956682 -2.6389906 1.4574548 38.47276 1.5256085395812988 0.5470939874649048
Car 0.0 0 -1.4006677865982056 418.1251220703125 181.24215698242188 514.4472045898438 255.19761657714844 3.5012536 1.4615437 1.5702385 -3.2039504 1.6734388 16.425518 -1.5933082103729248 0.5360642075538635
Car 0.0 0 -1.7342740297317505 643.5338745117188 172.68370056152344 687.2431640625 205.02505493164062 3.9728339 1.5896899 1.6297385 2.7853386 1.5816771 37.514553 -1.660163164138794 0.5243613719940186
