Pedestrian 0.0 0 -1.91945219039917 1084.7279052734375 164.34185791015625 1150.2864990234375 278.1144714355469 0.735175 1.7791027 0.6572635 8.172728 1.6463531 11.7199745 -1.3105182647705078 0.2529522180557251
Pedestrian 0.0 0 2.435213327407837 1111.993896484375 97.24577331542969 1229.9169921875 280.2814025878906 0.8399436 1.8648158 0.53526586 5.8645196 1.0948571 7.6373844 3.0900535583496094 0.23857249319553375
Pedestrian 0.0 0 -3.579242706298828 975.6690673828125 157.45968627929688 1008.32080078125 212.0048370361328 0.77715176 1.8230387 0.6451397 12.895002 1.3088795 24.453594 -3.0939743518829346 0.16353805363178253
Pedestrian 0.0 0 2.1966679096221924 166.5714569091797 183.10072326660156 194.13291931152344 214.78958129882812 1.6552674 1.7883688 0.51054376 -25.096573 2.3988369 42.112095 1.6592339277267456 0.11712630838155746
Pedestrian 0.0 0 -3.1709394454956055 1016.7388305664062 168.30056762695312 1071.878662109375 233.7063751220703 1.2693151 1.731977 0.60383177 11.776043 1.6117582 19.677208 -2.631652355194092 0.10587702691555023
Cyclist 0.0 0 2.168332576751709 164.99684143066406 185.10525512695312 193.09034729003906 216.6101531982422 1.7567166 1.7645744 0.5041938 -25.101835 2.4931738 41.99536 1.629584789276123 0.47510167956352234
Cyclist 0.0 0 -3.1695446968078613 1014.803466796875 168.00953674316406 1082.4674072265625 233.621337890625 1.5523814 1.726458 0.6923843 11.879164 1.5993425 19.66703 -2.6261789798736572 0.16244521737098694
Cyclist 0.0 0 1.5899165868759155 712.4564208984375 129.63580322265625 730.5506591796875 186.46719360351562 1.5440631 1.84307 0.57364017 3.7050881 0.4418408 24.206656 1.7417985200881958 0.13372477889060974
Car 0.0 0 -1.5729924440383911 587.773681640625 179.33984375 617.9073486328125 208.85244750976562 4.066705 1.5793986 1.6505499 -0.454351 1.9716766 41.55357 -1.5839260816574097 0.48063376545906067
Car 0.0 0 1.7804080247879028 395.2458801269531 182.93255615234375 463.0520935058594 229.28163146972656 3.9795427 1.5118178 1.612296 -6.573101 1.9094901 26.425402 1.536613941192627 0.15676891803741455
Car 0.0 0 -1.715186595916748 697.3628540039062 155.75912475585938 760.2109375 205.51394653320312 3.7813673 1.6274805 1.6457199 4.0715346 1.0686653 25.50072 -1.5568593740463257 0.14790552854537964
Car 0.0 0 1.761927604675293 346.5216369628906 175.5692138671875 431.12109375 233.6578826904297 4.139567 1.54193 1.6433344 -6.510549 1.6312468 21.49371 1.4678080081939697 0.11290100961923599
