Pedestrian 0.0 0 -0.7555831670761108 975.9641723632812 179.85829162597656 1016.0609130859375 243.8399658203125 0.6981409 1.6781602 0.64612263 10.333713 1.8709251 19.414227 -0.2664499282836914 0.1591070592403412
Cyclist 0.0 0 1.9559321403503418 776.11376953125 180.03790283203125 793.2529907226562 206.84339904785156 1.648785 1.7489394 0.5373292 11.680428 2.238882 48.343845 2.193000316619873 0.18059176206588745
Cyclist 0.0 0 -1.4228214025497437 398.3448181152344 176.50833129882812 425.2305908203125 235.3348846435547 1.7094119 1.6734201 0.5300251 -5.940723 1.787205 21.512518 -1.6922582387924194 0.129665806889534
Car 0.0 0 2.186648368835449 76.81053924560547 193.9410858154297 184.83523559570312 234.20953369140625 4.383457 1.5125817 1.7272738 -20.893965 2.502593 31.641838 1.603047490119934 0.7893478274345398
Car 0.0 0 1.4916390180587769 205.5360565185547 192.8162384033203 234.1553192138672 214.0305938720703 3.5699356 1.4698145 1.6596688 -30.1154 3.0625632 55.605392 0.995274543762207 0.24596278369426727
Car 0.0 0 -1.230858564376831 754.2076416015625 183.36183166503906 846.6083984375 237.6731719970703 3.8434987 1.4952952 1.6198063 6.016729 1.855999 22.697195 -0.9717316627502441 0.21150876581668854
Car 0.0 0 1.2889485359191895 0.0 203.9593048095703 72.96951293945312 242.70016479492188 4.0202923 1.5416893 1.663315 -26.741652 3.0658123 33.50401 0.6153287887573242 0.1714533269405365
Car 0.0 0 1.870044231414795 97.55693054199219 175.1126708984375 145.2162322998047 199.09805297851562 3.711136 1.515042 1.600803 -32.4437 1.6718265 47.959835 1.2752809524536133 0.14817236363887787
Car 0.0 0 1.8222706317901611 268.1280212402344 174.97811889648438 323.592041015625 206.55099487304688 3.8923614 1.4585774 1.5937376 -15.483098 1.5699294 35.653168 1.4125745296478271 0.13105428218841553
Car 0.0 0 2.0236709117889404 61.66337585449219 195.34796142578125 125.49200439453125 223.4281005859375 3.8060796 1.4962035 1.6424989 -31.210434 2.9212017 43.682095 1.4032859802246094 0.12977129220962524
