Pedestrian 0.0 0 -1.632302165031433 505.054443359375 166.30548095703125 535.7864990234375 231.0472412109375 0.91351956 1.7661269 0.7977706 -2.3072333 1.3527839 20.112705 -1.7465181350708008 0.5752873420715332
Pedestrian 0.0 0 -1.40310800075531 674.2275390625 177.15133666992188 701.4579467773438 235.33128356933594 0.7845815 1.6802801 0.67867213 2.5287578 1.5558246 21.215595 -1.2844743728637695 0.4051932096481323
Pedestrian 0.0 0 -1.252962350845337 298.76361083984375 193.94888305664062 413.0445861816406 374.0 0.78740185 1.6143095 0.6978145 -2.0769308 1.7269266 6.017314 -1.5853180885314941 0.2749621272087097
Pedestrian 0.0 0 0.4795033037662506 0.0 155.39840698242188 68.37741088867188 290.30914306640625 0.71152097 1.6555133 0.6368528 -7.4405704 1.3365556 9.1951885 -0.20081070065498352 0.22651833295822144
Pedestrian 0.0 0 -1.027472972869873 0.0 142.60609436035156 136.88648986816406 356.17950439453125 0.7125423 1.7081523 0.6804477 -4.5710917 1.3984722 6.1302676 -1.6681902408599854 0.21172970533370972
Pedestrian 0.0 0 -1.5382457971572876 655.851806640625 167.7960662841797 674.0000610351562 210.89144897460938 1.2309357 1.7241116 0.70202374 2.588018 1.1768615 29.388897 -1.450411319732666 0.19643673300743103
Pedestrian 0.0 0 -1.366259217262268 700.5513305664062 166.83750915527344 717.5366821289062 204.0951690673828 0.9041746 1.7406482 0.6277186 5.100814 1.0565475 34.090137 -1.2177338600158691 0.19504427909851074
Pedestrian 0.0 0 0.5152336955070496 300.4413146972656 200.1842041015625 412.6202087402344 374.0 0.793689 1.6154312 0.7003673 -2.4137056 1.8096136 6.9939923 0.1829206943511963 0.18764418363571167
Pedestrian 0.0 0 1.6810736656188965 342.0968322753906 137.28790283203125 374.38604736328125 216.0567169189453 1.592722 1.8061514 0.5687942 -5.8760996 0.79358774 17.307564 1.353774070739746 0.17341890931129456
Pedestrian 0.0 0 0.5761440396308899 40.12845993041992 152.59588623046875 156.5044708251953 335.4407958984375 0.709104 1.6829734 0.59673834 -4.873467 1.4183062 6.9206247 -0.03739162161946297 0.17131832242012024
Cyclist 0.0 0 1.6810736656188965 342.0968322753906 137.28790283203125 374.38604736328125 216.0567169189453 1.592722 1.8061514 0.5687942 -5.8760996 0.79358774 17.307564 1.353774070739746 0.4834601581096649
Cyclist 0.0 0 -2.8874099254608154 511.3332214355469 171.5211944580078 561.3475952148438 216.2130584716797 1.8123482 1.6825486 0.60694885 -2.5055938 1.3078989 27.487839 -2.978311538696289 0.20629754662513733
Cyclist 0.0 0 -1.5216286182403564 655.5056762695312 167.64324951171875 673.381103515625 210.6675262451172 1.4503162 1.7186458 0.6621133 2.5753973 1.1661267 29.455397 -1.434416651725769 0.1646443009376526
Cyclist 0.0 0 1.0875428915023804 728.73193359375 147.49166870117188 760.6336059570312 193.7128448486328 1.6271807 1.7866169 0.5502808 5.6745124 0.47308883 28.621876 1.2832627296447754 0.15696154534816742
Cyclist 0.0 0 -1.47816002368927 676.9086303710938 175.83807373046875 703.1966552734375 236.1842498779297 1.1923833 1.7053132 0.65600634 2.5648286 1.5464587 20.94904 -1.3563345670700073 0.133092001080513
Cyclist 0.0 0 -1.640674352645874 504.81536865234375 165.89175415039062 536.007568359375 231.075439453125 0.9637715 1.7762222 0.79996836 -2.3087108 1.3520627 20.118622 -1.754929542541504 0.13009688258171082
Cyclist 0.0 0 0.32565003633499146 268.2905578613281 199.08355712890625 401.11822509765625 374.0 0.85661316 1.5878314 0.7382528 -2.255556 1.7462454 6.029846 -0.032300882041454315 0.10017053782939911
Car 0.0 0 -2.2806289196014404 968.3629760742188 115.10883331298828 1238.0 374.0 3.9270196 1.4674604 1.5688789 3.096367 1.3815848 2.972156 -1.474765658378601 0.5128782391548157
Car 0.0 0 -1.6664739847183228 714.8052978515625 185.876708984375 806.146728515625 266.6395263671875 3.2451365 1.47974 1.5314484 3.1848116 1.5829523 15.04089 -1.4578124284744263 0.20201654732227325
Car 0.0 0 2.985785961151123 461.3106689453125 171.78671264648438 531.6276245117188 198.08999633789062 3.9368577 1.5168896 1.6444695 -6.260662 0.9575174 42.792213 2.840512752532959 0.1821812391281128
Car 0.0 0 2.893038034439087 532.3053588867188 164.29214477539062 611.456787109375 192.65476989746094 4.549095 1.6775098 1.7546452 -1.8155481 0.6605177 43.974125 2.8517746925354004 0.17971719801425934
