Pedestrian 0.0 0 -1.8498706817626953 1170.7041015625 149.41262817382812 1206.8126220703125 210.31390380859375 0.80812407 1.8670217 0.6857559 18.089096 1.1487485 22.622057 -1.1753602027893066 0.3109404742717743
Pedestrian 0.0 0 -1.6424793004989624 587.7887573242188 153.292236328125 602.6130981445312 192.7225341796875 0.54467535 1.970774 0.70900595 -0.7859975 0.9934112 36.36477 -1.6640901565551758 0.2788797616958618
Pedestrian 0.0 0 -1.3642470836639404 450.9176940917969 155.45260620117188 464.0729675292969 186.24366760253906 0.63902 1.9298556 0.69685364 -9.655179 0.8395666 45.540577 -1.5731661319732666 0.23276183009147644
Pedestrian 0.0 0 2.1198017597198486 876.9169311523438 150.1608428955078 906.6725463867188 206.7692413330078 0.7603415 1.8552637 0.6218355 9.376544 1.1118842 24.122381 2.490535259246826 0.2116730511188507
Pedestrian 0.0 0 1.1401444673538208 1173.7486572265625 103.8711166381836 1242.0 225.41607666015625 0.79828244 1.8387722 0.6364673 9.411429 0.79553425 11.380518 1.8311198949813843 0.19914881885051727
Pedestrian 0.0 0 -2.2064197063446045 1095.642578125 167.56509399414062 1138.604248046875 228.24009704589844 0.9305361 1.7879512 0.6278332 15.215933 1.6324575 21.732195 -1.5955888032913208 0.1826067417860031
Pedestrian 0.0 0 -1.9211394786834717 1205.6480712890625 184.75018310546875 1242.0 272.46484375 0.84431076 1.6745001 0.5894117 12.382985 1.9206406 14.405818 -1.211108684539795 0.1682031750679016
Pedestrian 0.0 0 1.4200553894042969 906.3617553710938 174.44271850585938 957.95166015625 271.4136962890625 1.0878781 1.8073659 0.76055956 6.2188354 1.84013 14.090419 1.835694432258606 0.16347384452819824
Pedestrian 0.0 0 -2.9207701683044434 918.5742797851562 169.65126037597656 970.5371704101562 215.77719116210938 1.7728038 1.7664307 0.57333386 13.113773 1.6441368 28.395626 -2.4881272315979004 0.13468578457832336
Pedestrian 0.0 0 -1.8038655519485474 1011.1702270507812 163.2646942138672 1034.3055419921875 210.23416137695312 0.90919924 1.7810097 0.58002216 15.895465 1.4177561 27.874668 -1.2856100797653198 0.1269455850124359
Cyclist 0.0 0 -2.9207701683044434 918.5742797851562 169.65126037597656 970.5371704101562 215.77719116210938 1.7728038 1.7664307 0.57333386 13.113773 1.6441368 28.395626 -2.4881272315979004 0.23508507013320923
Cyclist 0.0 0 -1.9189025163650513 945.763671875 168.25790405273438 971.6207885742188 209.0911407470703 1.6264069 1.6996491 0.46620274 14.860434 1.5086988 30.863176 -1.4701690673828125 0.17388978600502014
Cyclist 0.0 0 -1.024179220199585 939.1851806640625 182.09524536132812 990.4351806640625 235.92852783203125 1.803369 1.7454934 0.72961944 11.989496 2.0692844 24.457428 -0.5683870315551758 0.15318873524665833
Car 0.0 0 -1.7384361028671265 679.1282958984375 181.29681396484375 771.4368286132812 247.6650390625 3.9565 1.4497778 1.6337547 2.743485 1.6871392 18.258951 -1.5892975330352783 0.8756232261657715
