Pedestrian 0.0 0 1.9335274696350098 2.345651388168335 123.05917358398438 72.49897003173828 238.82569885253906 0.92406005 1.837789 0.62757844 -9.541204 1.0476559 11.987292 1.2612650394439697 0.42538580298423767
Pedestrian 0.0 0 2.179089069366455 213.0566864013672 176.77069091796875 274.3137512207031 283.2181396484375 0.8356991 1.8161438 0.600155 -6.533881 1.8884442 12.795892 1.7069790363311768 0.3098776638507843
Pedestrian 0.0 0 3.1608946323394775 340.56683349609375 183.37330627441406 369.6710510253906 253.6075439453125 0.69794786 1.7625881 0.6596396 -6.631159 2.0411303 18.655035 2.819362163543701 0.30765044689178467
Pedestrian 0.0 0 -0.26397842168807983 738.4476318359375 173.67657470703125 776.522216796875 250.75265502929688 0.75548106 1.7899688 0.5833346 3.434578 1.8101577 17.076319 -0.0654955506324768 0.29869434237480164
Pedestrian 0.0 0 2.2991538047790527 281.4104309082031 176.59002685546875 330.641845703125 263.77630615234375 0.74926573 1.8066105 0.6340309 -6.5493855 1.8893152 15.444227 1.898073673248291 0.28821635246276855
Pedestrian 0.0 0 2.748563528060913 770.501220703125 174.70555114746094 813.9647827148438 263.9908142089844 0.68015 1.7680128 0.5891379 3.6403217 1.8068258 14.641095 2.9922592639923096 0.2838023900985718
Pedestrian 0.0 0 -0.8621188998222351 0.0 132.82818603515625 47.428245544433594 240.78553771972656 0.917507 1.7913293 0.5818063 -10.398446 1.1275413 12.431926 -1.5586824417114258 0.19281218945980072
Pedestrian 0.0 0 -1.3853663206100464 867.1382446289062 148.8648223876953 903.5128784179688 228.02294921875 0.7836506 1.8542122 0.68920636 6.600081 1.2926439 17.41262 -1.0230584144592285 0.18557922542095184
Cyclist 0.0 0 -3.3120298385620117 785.6746215820312 176.75286865234375 883.7265014648438 262.4530029296875 1.8925596 1.7557106 0.67904747 4.6768823 1.8410995 15.277007 -3.014950752258301 0.2130020409822464
Cyclist 0.0 0 1.9794363975524902 0.0 123.13672637939453 69.74774169921875 241.4327850341797 1.0954906 1.8609244 0.64771396 -9.637004 1.079176 11.962024 1.3012700080871582 0.10726757347583771
Car 0.0 0 -1.5115317106246948 451.44012451171875 185.2793731689453 502.3150634765625 231.8413848876953 3.376568 1.5189601 1.6236476 -4.8262205 2.0021029 26.25757 -1.6933058500289917 0.8618214726448059
Car 0.0 0 3.350142240524292 173.41383361816406 180.343994140625 366.2806396484375 246.8430633544922 4.547222 1.682136 1.7934153 -9.266576 1.903932 19.944967 2.915207624435425 0.7907659411430359
Car 0.0 0 1.671809434890747 477.0926513671875 182.69493103027344 521.0963745117188 219.19081115722656 3.8400593 1.5044279 1.5956894 -5.0151606 1.9782641 32.754543 1.5198760032653809 0.7392148971557617
