Pedestrian 0.0 0 -1.3619657754898071 750.929931640625 162.2369842529297 809.2932739257812 286.8427429199219 0.7601695 1.662851 0.65554005 2.338647 1.5215257 10.109074 -1.1346237659454346 0.5854840874671936
Pedestrian 0.0 0 -0.14063382148742676 791.23974609375 130.9568634033203 876.0777587890625 288.2863464355469 0.8450859 1.7180742 0.601927 2.4783478 1.2609057 8.237935 0.15159869194030762 0.46794506907463074
Pedestrian 0.0 0 0.6298820376396179 173.21621704101562 182.94677734375 200.87132263183594 229.9795379638672 0.6687024 1.692899 0.56630725 -15.526467 2.067229 26.418032 0.09853911399841309 0.2967369556427002
Pedestrian 0.0 0 -1.2731393575668335 69.15506744384766 171.60499572753906 156.7678680419922 330.39019775390625 0.73539 1.6696296 0.61623347 -5.5600934 1.6568542 8.0280485 -1.8788703680038452 0.22243255376815796
Pedestrian 0.0 0 -2.6370930671691895 834.7315063476562 117.56720733642578 1035.75927734375 325.37921142578125 1.599407 1.6710011 0.5662736 2.8587089 1.226802 6.6050186 -2.2286272048950195 0.11562611162662506
Cyclist 0.0 0 -2.665184736251831 828.2000122070312 117.70191955566406 1040.3140869140625 328.8211669921875 1.6954721 1.6867731 0.56240475 2.8394291 1.246484 6.595598 -2.2586617469787598 0.5585565567016602
Cyclist 0.0 0 -2.33830189704895 787.507568359375 141.82693481445312 926.6793823242188 291.0977478027344 1.8256799 1.7171198 0.5669011 3.0445235 1.3605613 9.242734 -2.0200986862182617 0.5430266857147217
Car 0.0 0 2.155033588409424 0.0 198.4490203857422 187.63607788085938 297.4037780761719 3.9467657 1.4340109 1.5712165 -9.824227 1.9844687 13.498206 1.5258811712265015 0.8304485082626343
Car 0.0 0 1.8596128225326538 390.1961975097656 185.4571533203125 445.89166259765625 217.3755645751953 4.0412283 1.4256306 1.5906203 -9.507513 2.088478 35.881733 1.6005969047546387 0.6877415180206299
Car 0.0 0 1.5563127994537354 601.0889892578125 174.22315979003906 627.636474609375 199.7314910888672 4.0744376 1.5672491 1.639657 0.21691771 1.6599069 46.593773 1.560968279838562 0.4782424569129944
Car 0.0 0 2.557321071624756 26.282737731933594 189.93861389160156 106.5122299194336 215.61447143554688 3.9279876 1.4935533 1.6154089 -35.28911 2.6549973 46.912586 1.9123936891555786 0.23053894937038422
