Pedestrian 0.0 0 1.0551344156265259 774.3448486328125 159.08607482910156 796.122802734375 202.62554931640625 0.76909614 1.8614379 0.6184565 7.5571747 1.2731774 31.299854 1.2920446395874023 0.3225584924221039
Car 0.0 0 -2.4002492427825928 762.1718139648438 178.1177215576172 902.4271850585938 235.52978515625 3.705675 1.4453264 1.5834162 6.1617675 1.6100025 20.524681 -2.10859751701355 0.892784059047699
Car 0.0 0 -1.8044543266296387 626.7334594726562 176.38107299804688 677.427978515625 211.52867126464844 3.3440866 1.4868824 1.5488745 1.8121442 1.6556289 32.661827 -1.7490291595458984 0.8657211065292358
Car 0.0 0 -2.585289716720581 35.25301742553711 176.43699645996094 302.5724182128906 277.7124938964844 3.4023662 1.5263314 1.557491 -7.0842996 1.5889226 11.728969 -3.128645420074463 0.833231508731842
Car 0.0 0 -2.654383420944214 136.00047302246094 186.04286193847656 362.9806213378906 268.0218811035156 3.5902538 1.4502869 1.5582045 -6.861239 1.7191103 13.856432 -3.114156723022461 0.649282693862915
Car 0.0 0 0.3435370922088623 201.4135284423828 157.2241973876953 430.343017578125 243.15673828125 4.414223 1.8101594 1.7591276 -6.4854097 1.4812773 16.159412 -0.038123417645692825 0.6240102052688599
Car 0.0 0 0.2803767919540405 368.9217529296875 177.12185668945312 481.8419189453125 217.75157165527344 4.003541 1.5375637 1.645793 -7.2430115 1.7109798 28.371643 0.030425071716308594 0.3963635563850403
Car 0.0 0 -1.6133016347885132 610.49658203125 175.1916961669922 641.2748413085938 202.0657958984375 4.043458 1.4884676 1.6264223 0.85586613 1.6326674 42.355015 -1.593097448348999 0.37480953335762024
Car 0.0 0 -1.6690157651901245 379.010498046875 180.27142333984375 439.7310485839844 229.28988647460938 3.7292087 1.4754492 1.6010115 -6.879248 1.7470787 24.357357 -1.9442763328552246 0.3716760277748108
Car 0.0 0 1.6762919425964355 493.63287353515625 177.9833221435547 524.5604858398438 202.6502227783203 3.9964888 1.5057372 1.5808003 -6.5478935 1.8539529 46.906822 1.5375945568084717 0.33724310994148254
