Pedestrian 0.0 0 -0.8420077562332153 781.6312866210938 170.63978576660156 810.97412109375 213.9188232421875 0.9577276 1.7077597 0.67719746 7.4504204 1.6207461 29.016521 -0.590672492980957 0.469009131193161
Pedestrian 0.0 0 -1.7444190979003906 1087.600830078125 159.70639038085938 1177.4637451171875 331.631591796875 0.6328113 1.6938907 0.6567533 5.375721 1.5647118 7.533323 -1.1246289014816284 0.4212176203727722
Pedestrian 0.0 0 -0.48522499203681946 966.0291748046875 173.8221435546875 1007.9805908203125 244.42266845703125 0.7570081 1.7671221 0.59197766 9.5393505 1.792524 18.36373 -0.006125390529632568 0.3434182405471802
Pedestrian 0.0 0 1.4012037515640259 760.1473388671875 179.6128692626953 773.7113647460938 210.65924072265625 0.8229376 1.7886908 0.64407116 9.1359 2.1881502 42.177868 1.6145126819610596 0.21760788559913635
Pedestrian 0.0 0 1.4069843292236328 897.5079956054688 143.85614013671875 921.3331298828125 199.6440887451172 0.87596667 1.9125556 0.63334143 10.418983 0.918792 25.231615 1.7985905408859253 0.18897511065006256
Cyclist 0.0 0 -0.7893941402435303 779.93798828125 170.85235595703125 810.7730712890625 214.44393920898438 1.0186304 1.7195098 0.6816157 7.411044 1.6409111 29.01296 -0.5393029451370239 0.1251978725194931
Car 0.0 0 -1.6222282648086548 599.3401489257812 180.46363830566406 628.5911865234375 206.59347534179688 3.9823647 1.5415413 1.644742 0.18017893 2.046065 45.77383 -1.618291974067688 0.4135700762271881
Car 0.0 0 1.854036569595337 338.6249084472656 181.84494018554688 433.6982727050781 240.08639526367188 4.0876403 1.53588 1.6458759 -6.6483707 1.8324583 21.714378 1.5569255352020264 0.23232342302799225
Car 0.0 0 2.203638792037964 0.0 187.09808349609375 97.93411254882812 253.41026306152344 3.8428304 1.5131581 1.5794171 -15.798112 1.9326153 19.265596 1.5168111324310303 0.20250287652015686
Car 0.0 0 2.0475893020629883 99.49342346191406 186.91114807128906 204.95704650878906 235.705322265625 3.7016485 1.4941021 1.5701358 -15.833477 2.0208278 25.103752 1.4848861694335938 0.17589884996414185
