Pedestrian 0.0 0 1.5426958799362183 860.5087280273438 116.14192962646484 952.2276000976562 348.99151611328125 0.81994134 1.7466114 0.6468442 2.3945317 1.2655702 5.7968106 1.934424877166748 0.20627887547016144
Pedestrian 0.0 0 0.9894776344299316 758.1758422851562 119.10304260253906 815.4342041015625 226.61085510253906 0.9222666 1.9123676 0.6217324 3.3152452 0.82187057 13.109642 1.237170696258545 0.19734908640384674
Pedestrian 0.0 0 -2.0875515937805176 822.0635375976562 164.09686279296875 843.08056640625 202.52197265625 0.85282576 1.7365662 0.56944704 10.4142065 0.9967121 32.42471 -1.7767775058746338 0.17391285300254822
Pedestrian 0.0 0 -1.5631184577941895 932.2421875 176.34463500976562 998.039794921875 324.7025146484375 0.7153997 1.6805699 0.676594 4.264385 1.635184 8.476985 -1.0970301628112793 0.1680728644132614
Pedestrian 0.0 0 -2.4294676780700684 60.05547332763672 156.16390991210938 105.04931640625 226.91368103027344 0.70560706 1.8124688 0.62884915 -13.6625595 1.1906172 18.448097 -3.0669219493865967 0.11647991836071014
Cyclist 0.0 0 -0.7776375412940979 423.8426818847656 174.29855346679688 445.90704345703125 197.81719970703125 1.8050729 1.7291185 0.45492348 -12.702755 1.2744564 52.86441 -1.013456106185913 0.43107935786247253
Cyclist 0.0 0 -1.9204859733581543 1116.4622802734375 116.50437927246094 1181.1302490234375 211.50363159179688 1.6704346 1.7550149 0.4584114 10.62986 0.5743988 13.922621 -1.2684035301208496 0.18718676269054413
Car 0.0 0 -1.3851573467254639 557.6015625 166.9448699951172 581.9679565429688 183.85171508789062 3.764296 1.5249777 1.5973922 -3.2194514 0.30348548 65.74349 -1.434088110923767 0.3140687644481659
Car 0.0 0 2.1030285358428955 42.86328125 146.27975463867188 197.22650146484375 215.29095458984375 4.401898 1.8027759 1.7193453 -13.999656 0.9104297 20.715271 1.5087203979492188 0.16426262259483337
Car 0.0 0 1.856084942817688 390.6455078125 176.0684356689453 424.9696044921875 195.9988555908203 3.782177 1.4991057 1.5768267 -15.305976 1.1670398 55.079227 1.5850337743759155 0.15472102165222168
