Pedestrian 0.0 0 1.861518144607544 519.0687255859375 176.4442138671875 534.6524047851562 213.39779663085938 0.7688883 1.8380569 0.586168 -4.228523 2.021681 36.39934 1.7458661794662476 0.2580113708972931
Pedestrian 0.0 0 0.5825945138931274 26.302974700927734 121.3211441040039 157.9251708984375 306.7597351074219 0.88033277 1.792192 0.63324904 -5.2704325 1.294505 7.3056173 -0.04236435145139694 0.1971837282180786
Pedestrian 0.0 0 1.825393795967102 87.28947448730469 134.1378936767578 163.44802856445312 285.888916015625 0.83542126 1.8055785 0.60673594 -6.1268406 1.3452805 9.077163 1.231662631034851 0.16610461473464966
Pedestrian 0.0 0 1.1588068008422852 1089.93603515625 118.19617462158203 1242.0 375.0 1.7236407 1.7386372 0.5802193 3.6433053 1.4616734 4.565701 1.832310438156128 0.15551213920116425
Pedestrian 0.0 0 -1.8089534044265747 673.5816040039062 167.25094604492188 687.2177124023438 197.19775390625 0.6855685 1.8604228 0.70797336 4.376547 1.5126952 45.21161 -1.7124526500701904 0.14304327964782715
Pedestrian 0.0 0 -0.4638698101043701 749.9417114257812 152.9319305419922 792.4273681640625 233.1522674560547 0.76505226 1.8283622 0.63222986 3.7072303 1.3746614 16.842472 -0.24721264839172363 0.12678469717502594
Cyclist 0.0 0 1.1588068008422852 1089.93603515625 118.19617462158203 1242.0 375.0 1.7236407 1.7386372 0.5802193 3.6433053 1.4616734 4.565701 1.832310438156128 0.4311826229095459
Cyclist 0.0 0 -1.219585657119751 495.8695373535156 185.3578338623047 518.37890625 231.14512634277344 1.601126 1.7037429 0.34064385 -4.039449 2.2054827 28.11115 -1.3623043298721313 0.21712251007556915
Cyclist 0.0 0 -1.2722874879837036 507.7379150390625 187.86953735351562 526.6467895507812 228.04507446289062 1.6854784 1.7353262 0.37231308 -4.231888 2.4335494 32.669533 -1.401106357574463 0.1730920821428299
Cyclist 0.0 0 -0.7356005907058716 0.0 178.73631286621094 150.69496154785156 375.0 1.3901638 1.6472664 0.47902942 -4.9468417 1.7063437 6.4728756 -1.3881542682647705 0.13899630308151245
Cyclist 0.0 0 -0.7576282620429993 932.1142578125 172.65206909179688 1131.1258544921875 370.7333984375 1.5730491 1.7479461 0.7384622 3.9586475 1.7465221 6.908138 -0.23726731538772583 0.12591348588466644
Car 0.0 0 1.8609364032745361 305.01214599609375 176.4540557861328 461.5221862792969 279.9305419921875 3.5858123 1.4781758 1.5394684 -3.700092 1.5485044 12.225258 1.5670413970947266 0.906973123550415
Car 0.0 0 -1.5506035089492798 659.7308349609375 183.42037963867188 698.5990600585938 220.76400756835938 3.5982442 1.4693949 1.5845062 2.995234 1.9561014 31.32972 -1.455289602279663 0.38983121514320374
Car 0.0 0 1.6597106456756592 641.01318359375 184.32150268554688 666.7703857421875 205.67796325683594 3.8616319 1.539295 1.6687844 3.4264781 2.4655442 56.22082 1.720582127571106 0.1276947557926178
