Pedestrian 0.0 0 0.15813547372817993 460.33489990234375 146.72850036621094 507.5550537109375 241.80877685546875 0.80365735 1.767308 0.5840374 -2.4369984 1.282057 13.707988 -0.01780575141310692 0.35567018389701843
Pedestrian 0.0 0 -3.1113646030426025 644.35888671875 141.31980895996094 673.10302734375 209.84706115722656 0.74272555 1.7817754 0.60541636 1.246905 0.9622139 19.094654 -3.0461559295654297 0.16987363994121552
Pedestrian 0.0 0 -0.7813099026679993 886.6994018554688 141.5111846923828 922.1312255859375 206.63919067382812 0.73726255 1.8354867 0.5966049 8.417307 0.952518 20.749569 -0.39593225717544556 0.14567117393016815
Pedestrian 0.0 0 -3.2083845138549805 669.6746826171875 139.74203491210938 707.8782958984375 234.44467163085938 0.6886317 1.7808688 0.6170621 1.4565854 1.158561 13.886955 -3.1038777828216553 0.12053381651639938
Cyclist 0.0 0 -1.720733642578125 184.58680725097656 117.32915496826172 247.51145935058594 242.24037170410156 1.7276436 1.6802061 0.5464069 -5.8399568 0.93368804 10.554175 -2.226130962371826 0.29123586416244507
Cyclist 0.0 0 -1.062058925628662 65.75830078125 171.97555541992188 142.36721801757812 270.0193176269531 1.5768825 1.5968335 0.37203693 -8.813061 1.582884 12.552329 -1.674196720123291 0.26205721497535706
Cyclist 0.0 0 1.8316245079040527 188.28306579589844 145.077880859375 238.8313751220703 233.9967041015625 1.6251158 1.7088779 0.50412965 -8.106764 1.175423 14.713384 1.328029990196228 0.17944760620594025
Cyclist 0.0 0 -1.1075490713119507 79.39583587646484 142.4110565185547 134.59498596191406 214.44618225097656 1.6459824 1.7607503 0.47647542 -12.902801 1.0169934 18.482672 -1.7170004844665527 0.1201021820306778
Car 0.0 0 2.046210527420044 1014.3470458984375 164.5799102783203 1242.0 291.5140380859375 3.7031963 1.518319 1.5870433 7.5946393 1.4197065 10.1519 2.6884946823120117 0.7853535413742065
Car 0.0 0 -0.8266687393188477 751.7225341796875 162.72140502929688 1079.104248046875 311.80487060546875 3.4381669 1.4091336 1.5175704 3.4343903 1.3137184 8.22495 -0.4311186969280243 0.7587393522262573
