Pedestrian 0.0 0 2.1416733264923096 46.838661193847656 154.62109375 283.0243225097656 375.0 1.7340934 1.6680167 0.5659214 -3.0729365 1.5611703 5.1148024 1.6006710529327393 0.11860095709562302
Cyclist 0.0 0 2.1287221908569336 49.828433990478516 154.74583435058594 282.80645751953125 375.0 1.7377006 1.6529582 0.56157726 -3.0673459 1.5466818 5.1200156 1.5889726877212524 0.8317700624465942
Car 0.0 0 -1.716745376586914 657.6705322265625 176.45065307617188 745.282470703125 240.28372192382812 4.108467 1.4251771 1.6008745 2.1634462 1.527705 18.417356 -1.599813461303711 0.8739145398139954
Car 0.0 0 -2.636256217956543 208.9807586669922 182.5760498046875 410.459228515625 254.84129333496094 3.7027037 1.4270229 1.5630243 -6.42053 1.6494597 15.494767 -3.0290868282318115 0.8401671648025513
Car 0.0 0 0.4736725986003876 96.86705780029297 183.1325225830078 358.9125061035156 270.724365234375 3.7877805 1.4243507 1.5641693 -6.641937 1.6172127 12.714048 -0.007741258013993502 0.8055639266967773
Car 0.0 0 -1.7058385610580444 630.6107788085938 174.5 675.2535400390625 207.26112365722656 3.6919982 1.4283175 1.5776757 1.9019248 1.5095521 33.548065 -1.6492066383361816 0.723092257976532
Car 0.0 0 0.4759308695793152 285.62847900390625 178.27499389648438 434.5835876464844 233.16795349121094 3.7208943 1.4755263 1.5721325 -7.143867 1.6388164 20.640898 0.1427323818206787 0.6345261335372925
Car 0.0 0 -3.9460184574127197 1087.50390625 132.99801635742188 1242.0 375.0 3.8424826 1.4852158 1.5902941 5.8409057 1.2472723 5.1836886 -3.101077079772949 0.41318023204803467
Car 0.0 0 -1.6178867816925049 633.5584716796875 166.9507598876953 667.4265747070312 197.9793243408203 3.7042224 1.5777959 1.6242377 2.0833833 1.2779753 38.544956 -1.5638885498046875 0.3777599632740021
Car 0.0 0 -1.3407022953033447 398.21588134765625 178.34141540527344 457.6181335449219 217.9588165283203 3.8127851 1.5434358 1.6108254 -7.6742973 1.790807 30.557907 -1.5867531299591064 0.35479938983917236
