Pedestrian 0.0 0 0.5649231672286987 337.1477966308594 169.7487335205078 374.3240051269531 224.50074768066406 1.0027319 1.8358281 0.65481937 -8.533407 1.4768776 24.133335 0.2250499725341797 0.7142506241798401
Pedestrian 0.0 0 -1.3186023235321045 427.39703369140625 158.48912048339844 450.53466796875 209.0454864501953 0.7396135 1.7660002 0.6357757 -5.910103 0.9986603 25.069487 -1.5501238107681274 0.4677000343799591
Pedestrian 0.0 0 -1.8235126733779907 531.7559814453125 160.2903289794922 558.7489013671875 211.5670928955078 0.9997811 1.796343 0.73629445 -2.1774495 1.0898803 25.358341 -1.9091697931289673 0.44763752818107605
Pedestrian 0.0 0 -2.4290361404418945 351.6675109863281 169.68927001953125 378.5732421875 218.8646697998047 0.7038447 1.7658827 0.6082399 -8.778569 1.3791931 25.799006 -2.757014513015747 0.30123767256736755
Pedestrian 0.0 0 -3.3595449924468994 835.4938354492188 135.63314819335938 874.4630737304688 209.50341796875 0.815129 1.8289036 0.6014921 6.264973 0.71967226 17.847607 -3.021956443786621 0.29202693700790405
Pedestrian 0.0 0 1.3919336795806885 413.66351318359375 158.21875 442.2759704589844 215.33206176757812 1.4147807 1.7739271 0.6477245 -5.7345653 1.0834308 22.733822 1.1448402404785156 0.20029358565807343
Pedestrian 0.0 0 -0.3696964979171753 816.1249389648438 151.24246215820312 869.2622680664062 200.15464782714844 1.7931623 1.8031816 0.5750143 8.837917 0.7260982 26.389795 -0.04653747379779816 0.17539584636688232
Pedestrian 0.0 0 -3.309410572052002 882.3753051757812 144.7124786376953 949.75732421875 204.00827026367188 1.8061029 1.767762 0.6034403 9.441896 0.7024056 21.585377 -2.897066593170166 0.13312013447284698
Cyclist 0.0 0 -0.15623614192008972 882.5803833007812 145.10281372070312 949.8950805664062 204.26199340820312 1.8011652 1.7606893 0.63692397 9.441161 0.7087651 21.574488 0.25626468658447266 0.7789357900619507
Cyclist 0.0 0 -0.6833658814430237 293.7933044433594 170.58567810058594 359.12286376953125 232.09750366210938 1.8961687 1.7876499 0.60434943 -8.480037 1.5010889 21.517763 -1.0587711334228516 0.7628277540206909
Cyclist 0.0 0 -0.3696964979171753 816.1249389648438 151.24246215820312 869.2622680664062 200.15464782714844 1.7931623 1.8031816 0.5750143 8.837917 0.7260982 26.389795 -0.04653747379779816 0.7413867712020874
Cyclist 0.0 0 -0.5555667281150818 680.0368041992188 160.3288116455078 718.590087890625 195.94842529296875 1.853983 1.7442244 0.6307218 4.695424 0.7579164 35.28616 -0.4232768416404724 0.6920340061187744
Cyclist 0.0 0 1.3483976125717163 408.5190734863281 159.40554809570312 440.3701171875 216.46923828125 1.7622292 1.7667525 0.6177199 -5.871676 1.1152011 22.810932 1.0964605808258057 0.4398055374622345
Cyclist 0.0 0 -1.8155626058578491 531.4287109375 159.98065185546875 558.7249145507812 211.65745544433594 1.0414315 1.807947 0.7428134 -2.1831222 1.0915928 25.344707 -1.9014877080917358 0.15853892266750336
Cyclist 0.0 0 0.564186692237854 335.3832092285156 169.6546173095703 373.0926208496094 224.4904327392578 1.0211976 1.8373678 0.6547837 -8.579027 1.4755133 24.11789 0.22243213653564453 0.14722156524658203
Car 0.0 0 -1.3704071044921875 423.50732421875 176.83547973632812 515.091552734375 238.34130859375 3.734869 1.4104743 1.5799077 -3.3894014 1.3280468 18.088531 -1.5556375980377197 0.8939372301101685
Car 0.0 0 -0.6277953386306763 1052.564208984375 145.32252502441406 1164.2396240234375 179.26356506347656 4.213538 1.5974678 1.6874558 24.273914 -0.05990064 34.202366 -0.01057935319840908 0.3670084476470947
Car 0.0 0 -3.553558826446533 954.3089599609375 158.0984649658203 1053.3958740234375 191.73036193847656 3.7972682 1.5630451 1.6257035 19.013243 0.5233846 33.853127 -3.041823387145996 0.3650306761264801
Car 0.0 0 1.8117674589157104 480.8538818359375 169.45716857910156 510.3076477050781 188.70188903808594 3.6764548 1.5408589 1.5787878 -9.002716 0.65792894 58.506706 1.6590900421142578 0.2780875861644745
