Pedestrian 0.0 0 0.8540382981300354 995.9703979492188 157.7623291015625 1022.2714233398438 199.14810180664062 0.91530174 1.9154274 0.6361173 18.710716 1.2173084 33.906094 1.358292579650879 0.33164921402931213
Pedestrian 0.0 0 1.2449833154678345 629.9229736328125 177.65789794921875 644.2374267578125 204.08761596679688 1.3538542 1.755307 0.56459486 1.8002174 2.0861864 48.91195 1.2817720174789429 0.24851854145526886
Pedestrian 0.0 0 1.2173734903335571 1163.3624267578125 136.0448760986328 1212.2752685546875 221.28384399414062 0.8168462 1.8083917 0.58710057 12.576607 1.0278237 15.785002 1.8901259899139404 0.24300408363342285
Pedestrian 0.0 0 -1.1238465309143066 865.1817016601562 151.83213806152344 905.5783081054688 231.1820831298828 0.76568097 1.8332268 0.6296365 6.501563 1.3479155 17.159025 -0.7616606950759888 0.17504869401454926
Pedestrian 0.0 0 1.300100564956665 1151.458740234375 117.02523040771484 1195.27783203125 194.25387573242188 1.0788938 1.89223 0.60670626 14.215744 0.5246906 18.290396 1.960798978805542 0.13665716350078583
Pedestrian 0.0 0 -3.646585464477539 1187.19970703125 113.01116180419922 1242.0 226.49322509765625 0.87865067 1.8320036 0.57316154 10.228479 0.8662855 12.0137005 -2.9412784576416016 0.13082045316696167
Pedestrian 0.0 0 -1.8127155303955078 886.493408203125 175.79409790039062 899.7608032226562 199.22471618652344 0.7504013 1.6120493 0.6984633 19.651436 1.8185201 50.162346 -1.439335584640503 0.1171732097864151
Cyclist 0.0 0 1.2449833154678345 629.9229736328125 177.65789794921875 644.2374267578125 204.08761596679688 1.3538542 1.755307 0.56459486 1.8002174 2.0861864 48.91195 1.2817720174789429 0.23573729395866394
Cyclist 0.0 0 1.8543716669082642 224.64932250976562 135.05935668945312 290.032958984375 246.87477111816406 1.5877672 1.8480085 0.62170196 -6.251009 1.2237223 12.757712 1.3987730741500854 0.19237610697746277
Cyclist 0.0 0 -1.8750650882720947 1150.7298583984375 116.56377410888672 1196.113037109375 192.81117248535156 1.2293506 1.8646834 0.56278664 14.235477 0.48842475 18.317186 -1.2144038677215576 0.1142577975988388
Car 0.0 0 -1.669295310974121 574.5238647460938 182.60081481933594 605.8217163085938 207.48892211914062 3.9185116 1.4796559 1.6329176 -1.3504047 2.1364527 46.544987 -1.6983001232147217 0.5047844648361206
Car 0.0 0 1.7546782493591309 396.2162170410156 183.1642608642578 454.7550964355469 225.80967712402344 3.7167354 1.5071553 1.5719385 -7.209248 1.9395242 28.324718 1.5054486989974976 0.16224855184555054
Car 0.0 0 2.360898971557617 160.34457397460938 184.41458129882812 217.46546936035156 204.9578857421875 3.9413831 1.5169833 1.6358591 -33.676647 2.4769428 57.77412 1.833146572113037 0.1447964757680893
Car 0.0 0 1.5076515674591064 532.937744140625 176.5742645263672 563.8126220703125 202.19577026367188 4.266407 1.5265174 1.6808127 -3.9921522 1.7749175 45.869946 1.4208383560180664 0.12009970843791962
