Pedestrian 0.0 0 -1.5757149457931519 449.90216064453125 174.5725555419922 490.89581298828125 271.5673828125 0.71805084 1.7617501 0.73605597 -2.6736546 1.795383 13.542787 -1.770631194114685 0.4063859283924103
Pedestrian 0.0 0 2.1351139545440674 320.39764404296875 127.65605926513672 430.74090576171875 318.1791687011719 0.793497 1.7196546 0.7016324 -2.3014188 1.3120576 6.980021 1.816623330116272 0.3832980692386627
Pedestrian 0.0 0 -3.473233699798584 1155.5938720703125 146.03160095214844 1194.185302734375 201.8632049560547 0.88404816 1.8583379 0.5915043 19.077427 0.96592057 24.436838 -2.810382843017578 0.1701710969209671
Pedestrian 0.0 0 -1.6875121593475342 930.0565795898438 170.66661071777344 956.3232421875 229.73165893554688 1.3035033 1.7381612 0.57382333 10.0729 1.6741487 21.939081 -1.2570914030075073 0.12790018320083618
Cyclist 0.0 0 -0.45895105600357056 307.18609619140625 189.55340576171875 340.2315673828125 222.95033264160156 1.6025616 1.7016608 0.43357858 -15.20101 2.6043038 38.242264 -0.8372938632965088 0.19956056773662567
Cyclist 0.0 0 -1.6875121593475342 930.0565795898438 170.66661071777344 956.3232421875 229.73165893554688 1.3035033 1.7381612 0.57382333 10.0729 1.6741487 21.939081 -1.2570914030075073 0.15878678858280182
Cyclist 0.0 0 -1.3786665201187134 283.4198913574219 187.9752655029297 300.5723876953125 231.50363159179688 1.5350109 1.6406544 0.33596307 -12.605996 2.2553258 28.524668 -1.7947918176651 0.15467017889022827
Car 0.0 0 2.0557336807250977 0.0 196.7622833251953 267.27337646484375 339.91839599609375 4.237415 1.4651521 1.6503204 -6.618114 1.8789595 10.2928505 1.4843082427978516 0.8516100645065308
Car 0.0 0 2.4154441356658936 385.189697265625 181.7265625 553.1074829101562 245.1772918701172 4.5987296 1.509916 1.7548876 -3.8384812 1.7874786 20.18337 2.227508068084717 0.6956286430358887
Car 0.0 0 1.9082680940628052 383.9723815917969 173.1799774169922 429.7593078613281 199.04666137695312 3.884464 1.5846701 1.6310456 -12.990758 1.6068187 46.2411 1.634392261505127 0.15456582605838776
Car 0.0 0 2.3710129261016846 248.43392944335938 179.19654846191406 333.1334228515625 212.54689025878906 3.9517903 1.5960548 1.7089285 -16.539375 1.9449813 37.498783 1.9556148052215576 0.1500159204006195
