Car 0.0 0 -1.9071121215820312 772.7950439453125 189.25657653808594 1054.261962890625 369.7156677246094 3.5657713 1.3986514 1.5555838 2.8397744 1.615191 7.7114396 -1.5542681217193604 0.9317211508750916
Car 0.0 0 0.6045063138008118 0.0 178.55494689941406 349.6432189941406 293.2032165527344 4.1498003 1.4503251 1.6000264 -6.0788503 1.5382764 10.150576 0.06491994857788086 0.8275451064109802
Car 0.0 0 -2.6333165168762207 84.26802825927734 175.5454559326172 338.4696350097656 261.6512451171875 3.6220753 1.4133703 1.5358385 -6.922377 1.4639305 12.672736 -3.133269786834717 0.7807694673538208
Car 0.0 0 0.7457836866378784 0.0 181.3672332763672 254.8417205810547 331.1474609375 3.6564343 1.4025193 1.5266218 -6.0654397 1.5053412 7.7694483 0.08293581008911133 0.7732073664665222
Car 0.0 0 -2.656975269317627 196.76336669921875 181.2917022705078 409.22088623046875 255.1048583984375 3.8259726 1.4358679 1.5761906 -6.425875 1.6250392 15.196474 -3.057025909423828 0.7578983902931213
Car 0.0 0 -0.36555245518684387 833.0057983398438 172.63363647460938 1106.3336181640625 261.30169677734375 4.010007 1.4461067 1.5862199 6.109023 1.4428705 12.719999 0.08218622207641602 0.750084638595581
Car 0.0 0 -2.7132561206817627 249.92298889160156 175.19203186035156 434.7616882324219 240.62405395507812 3.8965447 1.4980307 1.6079987 -6.469526 1.558276 17.531551 -3.066775321960449 0.7334864139556885
Car 0.0 0 2.792830228805542 706.8671875 176.37139892578125 822.5995483398438 219.22451782226562 3.7696588 1.4748904 1.587182 5.501873 1.6073844 26.052977 3.0009524822235107 0.7002955675125122
Car 0.0 0 -0.36963608860969543 774.710693359375 177.1560516357422 948.4570922851562 236.8101043701172 3.8111496 1.4162709 1.5573099 6.181127 1.5297025 18.106436 -0.04066348820924759 0.6677428483963013
Car 0.0 0 1.4430577754974365 634.795654296875 174.37197875976562 671.155517578125 201.3312530517578 3.934464 1.4644208 1.586564 2.385575 1.5562049 41.436314 1.5005663633346558 0.6480212807655334
Car 0.0 0 -2.3132853507995605 0.0 220.06971740722656 182.9159698486328 375.0 3.9341068 1.411849 1.5750654 -5.6508665 1.8159219 5.3488674 -3.126131772994995 0.6467275023460388
Car 0.0 0 -2.755110740661621 319.8260498046875 174.03903198242188 463.93450927734375 226.14353942871094 3.9279797 1.5305221 1.6259598 -6.7046323 1.5690252 22.229822 -3.048039674758911 0.6066651940345764
Car 0.0 0 0.10250435024499893 447.3203125 172.9802703857422 523.2195434570312 204.23680114746094 3.579517 1.5156966 1.5849022 -6.1974225 1.5224983 35.90648 -0.0684107169508934 0.5374763011932373
