Pedestrian 0.0 0 -0.3811785876750946 515.8687744140625 172.21163940429688 549.22509765625 236.48675537109375 0.72995204 1.7712445 0.694728 -1.97756 1.5164367 20.269106 -0.4784359931945801 0.54437255859375
Pedestrian 0.0 0 1.7965195178985596 274.3033447265625 162.47865295410156 391.1130676269531 374.0 0.9338552 1.7068102 0.76264614 -2.3420722 1.5566546 6.234119 1.4371473789215088 0.45006778836250305
Pedestrian 0.0 0 -1.9629298448562622 726.07861328125 154.25462341308594 767.3527221679688 231.0277862548828 0.84749573 1.7736571 0.6878153 3.4089844 1.145427 17.07514 -1.7658746242523193 0.31120753288269043
Pedestrian 0.0 0 1.7451591491699219 180.4748992919922 107.68990325927734 240.87229919433594 244.0718231201172 0.7936686 1.8405969 0.62555677 -5.5575995 0.8457878 10.16804 1.2449491024017334 0.2022266983985901
Pedestrian 0.0 0 -1.9152005910873413 782.49755859375 149.0965118408203 825.9006958007812 222.44720458984375 1.4428445 1.8017982 0.6129851 5.135993 1.0070238 18.38428 -1.6427773237228394 0.19889691472053528
Cyclist 0.0 0 -2.915771245956421 398.7304382324219 167.22268676757812 506.6891784667969 258.7212829589844 1.8915979 1.6872231 0.73160166 -2.8361435 1.4252157 13.628648 -3.1209444999694824 0.6775649189949036
Cyclist 0.0 0 -1.632685899734497 702.5930786132812 158.66848754882812 739.4178466796875 244.44679260253906 1.8806914 1.741634 0.66160935 2.5270095 1.279307 15.550872 -1.4715944528579712 0.5099695324897766
Cyclist 0.0 0 -1.9152005910873413 782.49755859375 149.0965118408203 825.9006958007812 222.44720458984375 1.4428445 1.8017982 0.6129851 5.135993 1.0070238 18.38428 -1.6427773237228394 0.29850074648857117
Cyclist 0.0 0 -1.7793405055999756 828.0819091796875 174.354736328125 878.32861328125 265.59375 1.9697415 1.7334065 0.5612344 5.0641537 1.5989147 14.656725 -1.4466646909713745 0.18138059973716736
Cyclist 0.0 0 1.7969709634780884 271.5177307128906 161.4652557373047 390.3975830078125 374.0 0.9770992 1.7177241 0.7653331 -2.3468373 1.5606948 6.2131343 1.4358160495758057 0.12193839997053146
Cyclist 0.0 0 -1.879520297050476 726.905029296875 154.2585906982422 767.0324096679688 230.5486297607422 0.9466281 1.7514626 0.6717585 3.3969114 1.1272655 16.996618 -1.6822612285614014 0.11507920920848846
Car 0.0 0 -0.6799113750457764 817.2713623046875 194.15049743652344 1238.0 374.0 3.7587154 1.4708804 1.5931485 4.160299 1.6125339 6.91588 -0.13834752142429352 0.1926131397485733
Car 0.0 0 -0.6206062436103821 945.1763305664062 229.55209350585938 1238.0 374.0 3.5590277 1.432624 1.5450767 3.9947798 1.7720689 3.9973109 0.1644752025604248 0.16750074923038483
Car 0.0 0 -0.07380947470664978 339.41845703125 183.5089111328125 441.69384765625 223.1021728515625 3.735805 1.4658927 1.5863146 -8.284947 1.5494871 28.134739 -0.3601888120174408 0.15134556591510773
