Pedestrian 0.0 0 2.140331506729126 563.804931640625 153.58538818359375 610.4808349609375 242.73182678222656 0.85813457 1.818234 0.62316424 -0.3330536 1.2501271 15.177122 2.1183905601501465 0.7754805684089661
Pedestrian 0.0 0 -1.7046624422073364 822.6414794921875 144.67225646972656 878.6820068359375 263.5345764160156 1.0114375 1.7504158 0.68603176 3.7999113 1.2093849 11.138459 -1.3758913278579712 0.6325667500495911
Pedestrian 0.0 0 3.1744706630706787 443.10260009765625 155.4266815185547 477.5545349121094 240.1702117919922 0.7006607 1.757274 0.5561703 -3.0207593 1.2178442 15.224301 2.978597640991211 0.5707664489746094
Pedestrian 0.0 0 1.6090772151947021 719.793212890625 147.8482666015625 751.8986206054688 228.13687133789062 0.8813328 1.8116815 0.70350266 3.1002889 1.0535575 16.713562 1.7924879789352417 0.5604437589645386
Pedestrian 0.0 0 -1.7632402181625366 1143.09228515625 132.82449340820312 1238.0 358.0766906738281 0.78759956 1.6509912 0.5958372 4.7301903 1.2956231 5.7505574 -1.074892520904541 0.5452601909637451
Pedestrian 0.0 0 -1.2445372343063354 399.1571960449219 180.92529296875 469.0542907714844 287.1415100097656 0.89217585 1.6052877 0.8351169 -2.6652024 1.597907 11.337693 -1.4754197597503662 0.513850212097168
Pedestrian 0.0 0 1.5071510076522827 562.7819213867188 157.8125762939453 580.4619140625 205.90109252929688 0.9521475 1.8488553 0.63026965 -1.1914864 0.93916714 28.121895 1.4648077487945557 0.5137409567832947
Pedestrian 0.0 0 1.9550739526748657 280.6246337890625 165.9075469970703 395.2100830078125 360.8443908691406 0.99235076 1.6659131 0.6747758 -2.4491434 1.5340466 6.642618 1.6018366813659668 0.5121975541114807
Pedestrian 0.0 0 -2.4561150074005127 524.0474853515625 156.28099060058594 564.459716796875 230.36268615722656 0.7891795 1.7902607 0.61514926 -1.4528229 1.1820121 17.83398 -2.5373992919921875 0.4835614860057831
Pedestrian 0.0 0 1.1857668161392212 608.0443115234375 159.74224853515625 631.5889282226562 208.943115234375 0.8160574 1.7795302 0.603679 0.651593 0.9936291 26.46687 1.210381031036377 0.4686555862426758
Pedestrian 0.0 0 -1.6358630657196045 598.9110107421875 161.02072143554688 616.6524658203125 208.2439727783203 0.83081096 1.7758926 0.62328094 0.21779318 1.0067732 27.443848 -1.627927303314209 0.3687187135219574
Pedestrian 0.0 0 -1.2617614269256592 516.9072875976562 159.7521209716797 535.9115600585938 200.22779846191406 0.7541925 1.8749006 0.6914576 -3.527939 0.8684274 33.711372 -1.3660331964492798 0.29679074883461
Pedestrian 0.0 0 0.6691181063652039 507.8727722167969 162.82565307617188 535.9044799804688 219.72914123535156 0.65924853 1.7828195 0.60096514 -2.5645883 1.1988488 22.932646 0.5577495098114014 0.24801994860172272
Pedestrian 0.0 0 1.9629151821136475 840.3519287109375 140.53952026367188 910.8525390625 243.45164489746094 1.6863459 1.7731661 0.6156218 5.0179157 1.0687001 13.1990795 2.326212167739868 0.1506596952676773
Pedestrian 0.0 0 0.9703752398490906 630.5557861328125 157.94833374023438 677.4345703125 216.9057159423828 1.7299961 1.7907593 0.6026552 1.6161275 1.0765249 22.714708 1.0414044857025146 0.12177032977342606
Cyclist 0.0 0 1.5294235944747925 548.0343627929688 160.64596557617188 568.6647338867188 218.7466583251953 1.8213869 1.7492689 0.5662749 -1.3927836 1.1225276 22.559675 1.467764139175415 0.7318713665008545
Cyclist 0.0 0 -1.0513232946395874 928.2943725585938 89.31584167480469 1238.0 374.0 1.7806761 1.6272472 0.72641873 2.4046888 1.2908921 3.3280685 -0.4256242513656616 0.36378321051597595
Cyclist 0.0 0 2.0306122303009033 835.8726196289062 140.43057250976562 912.6705322265625 240.86671447753906 1.7273769 1.7357723 0.62319374 5.0041018 1.0272747 13.228334 2.392261266708374 0.28413158655166626
Cyclist 0.0 0 0.9245210886001587 630.5440063476562 158.09803771972656 679.04150390625 216.84994506835938 1.7305988 1.7824531 0.60298985 1.6391944 1.0735888 22.680992 0.9966673851013184 0.2815673053264618
Cyclist 0.0 0 1.920383095741272 275.617431640625 163.8546600341797 394.6446228027344 364.4871520996094 1.2362996 1.6701756 0.642445 -2.445465 1.524674 6.5970745 1.565397024154663 0.2004862129688263
Cyclist 0.0 0 -1.7216706275939941 822.2789306640625 144.52857971191406 879.232177734375 263.02947998046875 1.0102402 1.7466395 0.68458545 3.802784 1.2030102 11.143003 -1.3927931785583496 0.17435234785079956
Cyclist 0.0 0 -1.242040753364563 396.4599609375 180.150634765625 469.82281494140625 286.9981689453125 0.9568949 1.6067737 0.8654286 -2.673269 1.5877879 11.31774 -1.4739911556243896 0.15730051696300507
Cyclist 0.0 0 -1.7632402181625366 1143.09228515625 132.82449340820312 1238.0 358.0766906738281 0.78759956 1.6509912 0.5958372 4.7301903 1.2956231 5.7505574 -1.074892520904541 0.12799163162708282
Cyclist 0.0 0 1.6098501682281494 720.754638671875 147.9348602294922 752.0299682617188 228.5797119140625 0.9115179 1.8125083 0.6804424 3.1033735 1.0593408 16.66186 1.7939962148666382 0.11935354024171829
Cyclist 0.0 0 2.140331506729126 563.804931640625 153.58538818359375 610.4808349609375 242.73182678222656 0.85813457 1.818234 0.62316424 -0.3330536 1.2501271 15.177122 2.1183905601501465 0.11730221658945084
Cyclist 0.0 0 1.1625173091888428 606.5386962890625 159.913818359375 631.496337890625 209.62081909179688 0.92083836 1.7962338 0.60278785 0.6219499 1.0172348 26.495323 1.1859869956970215 0.11125807464122772
