Pedestrian 0.0 0 -1.9436129331588745 485.41162109375 168.13221740722656 530.9581909179688 245.2672882080078 0.8699692 1.759724 0.8030918 -2.242982 1.4559689 16.96001 -2.075101137161255 0.42963966727256775
Pedestrian 0.0 0 1.3931488990783691 855.5166015625 129.4912109375 895.3800048828125 216.64828491210938 0.7274198 1.8796103 0.70498383 6.0220175 0.7592265 15.910951 1.7549693584442139 0.2736702263355255
Pedestrian 0.0 0 -1.1382347345352173 651.4722290039062 170.1997528076172 671.5689697265625 211.09164428710938 0.7157806 1.775282 0.64221454 2.63631 1.2856525 31.65289 -1.055138349533081 0.23110128939151764
Pedestrian 0.0 0 1.7223701477050781 794.6776123046875 143.19606018066406 820.4339599609375 208.1837615966797 0.7520342 1.8609746 0.6200305 6.012266 0.76525074 21.038498 2.000725507736206 0.2202770709991455
Pedestrian 0.0 0 -1.6797757148742676 689.4539184570312 179.8601531982422 722.3612670898438 249.66558837890625 0.83962566 1.7126892 0.7285477 2.582667 1.6736455 18.053509 -1.5376834869384766 0.2175644487142563
Pedestrian 0.0 0 -0.8679007887840271 0.0 194.5426025390625 221.69955444335938 374.0 0.7097155 1.651429 0.65716064 -2.0771286 1.711035 2.8245914 -1.5019748210906982 0.21642203629016876
Pedestrian 0.0 0 0.402357280254364 435.3448181152344 146.01519775390625 464.624755859375 201.0872802734375 0.80498904 1.8582128 0.618042 -5.2097497 0.6619814 24.615814 0.19379258155822754 0.17334963381290436
Pedestrian 0.0 0 0.9807309508323669 368.7638244628906 142.9311981201172 407.48980712890625 220.13388061523438 0.71185535 1.8333592 0.612579 -5.2369323 0.9186522 17.518744 0.6902532577514648 0.15990988910198212
Pedestrian 0.0 0 1.5088965892791748 756.2797241210938 143.0132598876953 775.7978515625 196.5314178466797 1.4505336 1.8368903 0.580691 5.791289 0.5169906 25.415243 1.7329379320144653 0.10515017062425613
Pedestrian 0.0 0 -1.8268780708312988 664.1708984375 166.1168670654297 692.707763671875 215.9830780029297 1.8116443 1.7626828 0.5959307 2.7844386 1.2199746 26.329557 -1.7215163707733154 0.10128199309110641
Cyclist 0.0 0 0.5049805641174316 498.45269775390625 166.7750701904297 556.5103149414062 218.40342712402344 1.8691077 1.7123514 0.69060355 -2.549108 1.2250565 24.50526 0.40133047103881836 0.5097882747650146
Cyclist 0.0 0 -1.8268780708312988 664.1708984375 166.1168670654297 692.707763671875 215.9830780029297 1.8116443 1.7626828 0.5959307 2.7844386 1.2199746 26.329557 -1.7215163707733154 0.39451730251312256
Cyclist 0.0 0 -1.389912486076355 281.26812744140625 145.5259552001953 326.7698974609375 242.2434844970703 1.7602043 1.7628226 0.51513875 -5.809943 1.1084086 14.00474 -1.7831593751907349 0.26853781938552856
Cyclist 0.0 0 -1.5880374908447266 240.02798461914062 161.82827758789062 278.6198425292969 276.05633544921875 1.591787 1.7101594 0.52626556 -5.5756674 1.4169519 11.581166 -2.036729335784912 0.16671203076839447
Cyclist 0.0 0 1.5088965892791748 756.2797241210938 143.0132598876953 775.7978515625 196.5314178466797 1.4505336 1.8368903 0.580691 5.791289 0.5169906 25.415243 1.7329379320144653 0.16307418048381805
Cyclist 0.0 0 -1.8958767652511597 485.0614929199219 169.0445556640625 530.3722534179688 245.05288696289062 0.9677235 1.7356813 0.7942259 -2.2627673 1.4524673 17.010344 -2.028123378753662 0.10272124409675598
Car 0.0 0 -1.6647099256515503 760.7321166992188 195.4385986328125 877.4223022460938 301.8455810546875 3.2081323 1.4458218 1.5127175 3.4315994 1.711801 11.923572 -1.3844833374023438 0.227383092045784
Car 0.0 0 2.9241700172424316 433.3761901855469 179.0634307861328 507.70758056640625 207.06959533691406 3.743304 1.4744653 1.5909824 -7.1599994 1.3470321 39.274567 2.7438440322875977 0.18360301852226257
Car 0.0 0 2.9128189086914062 520.3529052734375 170.82691955566406 600.3452758789062 198.54010009765625 4.239696 1.5104603 1.6676044 -2.3312383 0.92956614 40.54737 2.8553879261016846 0.1782989203929901
