Pedestrian 0.0 0 -1.6932668685913086 928.6439819335938 178.57847595214844 968.9338989257812 263.2095642089844 0.8395985 1.7256691 0.6718524 7.1115685 1.8512707 15.280646 -1.2576828002929688 0.48990538716316223
Car 0.0 0 -1.8968392610549927 745.7478637695312 188.7016143798828 996.1275634765625 349.056640625 3.7570324 1.4152883 1.5779604 2.7447684 1.6468672 8.632145 -1.5889782905578613 0.9160513281822205
Car 0.0 0 -1.704517126083374 670.6659545898438 180.04165649414062 751.76708984375 245.07508850097656 3.8278856 1.546902 1.6449581 2.5802963 1.7606128 19.499107 -1.5729526281356812 0.8713170289993286
Car 0.0 0 0.49065229296684265 76.34687805175781 165.27993774414062 370.33551025390625 270.1312255859375 3.9922957 1.6197411 1.6804745 -6.313814 1.5030949 11.996093 0.00616908073425293 0.8140357732772827
Car 0.0 0 -1.6857020854949951 656.34765625 180.64312744140625 717.1444091796875 228.68553161621094 4.2064605 1.5130733 1.6442705 2.582556 1.8118031 25.52201 -1.5848560333251953 0.707892656326294
Car 0.0 0 3.4312565326690674 299.92523193359375 179.24147033691406 461.8363342285156 239.13519287109375 3.919116 1.5546054 1.652181 -6.228728 1.7375408 19.764853 3.125966787338257 0.6505655646324158
Car 0.0 0 0.4317660331726074 248.39501953125 188.19863891601562 438.6145935058594 254.09512329101562 3.9381158 1.4395492 1.5948637 -6.3021884 1.8250229 17.154552 0.07969522476196289 0.648403525352478
Car 0.0 0 0.9755306243896484 0.0 200.68096923828125 224.0051727294922 375.0 4.0368958 1.4259647 1.6023906 -6.3273354 1.7646112 7.4552493 0.2717866897583008 0.6439253091812134
Car 0.0 0 -1.6365035772323608 648.333984375 179.04141235351562 687.0706787109375 213.22775268554688 3.6531968 1.5298612 1.6143084 2.6942945 1.8442945 34.786915 -1.559206485748291 0.4525270462036133
Car 0.0 0 -2.82132625579834 370.80078125 178.02960205078125 487.05108642578125 218.7537384033203 4.226596 1.5696127 1.684914 -7.280311 1.7855885 29.058823 -3.066810369491577 0.44190317392349243
Car 0.0 0 -2.574928045272827 187.1746063232422 194.32772827148438 403.1470947265625 274.7522888183594 3.7713678 1.4534962 1.5825195 -6.3876886 1.9230423 14.687067 -2.985170364379883 0.3802969753742218
