Car 0.0 0 -0.9529194235801697 0.0 179.71170043945312 200.16659545898438 285.01812744140625 3.614262 1.4341551 1.5506257 -8.415769 1.360328 11.600817 -1.5805200338363647 0.9256518483161926
Car 0.0 0 -1.3857041597366333 420.6620178222656 181.19139099121094 492.6809997558594 231.23275756835938 3.581242 1.4390919 1.5678585 -4.676324 1.324492 22.475092 -1.5908442735671997 0.9187726974487305
Car 0.0 0 -1.214843988418579 254.7939453125 185.13665771484375 424.0626220703125 279.06365966796875 3.961627 1.4605867 1.5886133 -4.732545 1.4604887 13.163902 -1.5599651336669922 0.9109119176864624
Car 0.0 0 -1.0688488483428955 131.24148559570312 178.23439025878906 253.5426788330078 232.053955078125 3.6828377 1.4600568 1.5592083 -12.225636 1.2717942 21.353054 -1.58883798122406 0.878162145614624
Car 0.0 0 -1.2502713203430176 357.575927734375 178.90509033203125 422.361083984375 215.1923370361328 3.6800647 1.4438779 1.5455089 -9.1837 1.1939088 30.460392 -1.5431004762649536 0.7765503525733948
Car 0.0 0 -1.5072804689407349 574.6444091796875 175.338134765625 612.1348266601562 206.82809448242188 3.6969836 1.478685 1.6281945 -0.697023 1.0159925 35.63427 -1.5268384218215942 0.6658030152320862
Car 0.0 0 -1.2453656196594238 243.5106658935547 181.69871520996094 344.853759765625 238.177978515625 3.4936073 1.4453549 1.5689008 -8.729058 1.3564836 20.197891 -1.653299331665039 0.6335335969924927
Car 0.0 0 -1.4101333618164062 450.5639343261719 178.1893310546875 502.8013610839844 215.72898864746094 3.8226216 1.5002116 1.5997562 -5.555242 1.2205461 30.650036 -1.5894343852996826 0.6237278580665588
Car 0.0 0 -0.6645004153251648 0.0 203.25491333007812 162.2187042236328 376.0 3.8708074 1.4241922 1.5740399 -4.315613 1.5647837 3.595439 -1.5406821966171265 0.49900421500205994
Car 0.0 0 1.887840986251831 411.0199279785156 176.02578735351562 449.67059326171875 196.42205810546875 4.035831 1.4594626 1.6166941 -13.171923 0.80300695 53.50746 1.6464704275131226 0.4413965046405792
