Pedestrian 0.0 0 -0.9635489583015442 590.8912963867188 171.6214599609375 637.89208984375 248.1465606689453 1.0043718 1.7676125 0.67366636 0.28235266 1.5406413 17.194181 -0.9471290111541748 0.7464487552642822
Pedestrian 0.0 0 1.4449880123138428 618.3890380859375 168.15977478027344 638.8164672851562 221.40554809570312 0.8078001 1.7941638 0.6014664 0.9024309 1.3457315 24.631401 1.4816091060638428 0.5706560015678406
Pedestrian 0.0 0 -2.0783486366271973 481.614990234375 172.14239501953125 520.021240234375 248.3745880126953 0.6837649 1.6998454 0.61691284 -2.3459215 1.4924049 16.473814 -2.2198007106781006 0.5404127240180969
Pedestrian 0.0 0 -1.0654866695404053 113.12794494628906 185.7643280029297 215.08309936523438 342.3917236328125 0.8059551 1.655448 0.6689367 -4.9084797 1.7069516 8.02946 -1.614180088043213 0.4639776349067688
Pedestrian 0.0 0 1.3193446397781372 635.0587158203125 166.09751892089844 651.3317260742188 203.8368682861328 1.0064152 1.8308306 0.56633395 2.0445616 1.0845153 35.393925 1.3770464658737183 0.4434640109539032
Pedestrian 0.0 0 1.6732617616653442 645.5493774414062 167.87228393554688 658.2161865234375 204.20750427246094 0.73777133 1.8215153 0.56919473 2.5539796 1.1392242 36.42038 1.7432721853256226 0.3786562383174896
Pedestrian 0.0 0 1.704712152481079 719.4100952148438 162.03646850585938 732.068115234375 196.4672088623047 0.7184961 1.8321744 0.5811962 6.687804 0.7972952 38.652355 1.8760403394699097 0.3508751392364502
Pedestrian 0.0 0 -1.5441043376922607 563.3049926757812 179.29026794433594 581.8389892578125 228.863037109375 0.9210977 1.6572996 0.6087667 -1.0017434 1.5845064 24.477345 -1.585006833076477 0.34785932302474976
Pedestrian 0.0 0 1.4982613325119019 659.064208984375 165.59347534179688 672.5623779296875 203.37876892089844 0.7923679 1.8413856 0.6054464 3.1613073 1.0671101 35.405045 1.5873149633407593 0.291912317276001
Pedestrian 0.0 0 -2.830989122390747 541.404296875 163.71273803710938 581.4356689453125 227.66651916503906 1.0209721 1.8092649 0.59753525 -1.1803634 1.3072045 20.736572 -2.8878495693206787 0.2786259651184082
Pedestrian 0.0 0 0.6374548077583313 279.5154113769531 162.5294189453125 348.0440368652344 274.6015319824219 0.8639355 1.8217492 0.63369596 -4.874892 1.5146705 12.089309 0.25415849685668945 0.26534610986709595
Pedestrian 0.0 0 -1.3117330074310303 497.221435546875 186.03289794921875 532.7869873046875 251.4176483154297 0.80601084 1.6723975 0.7486342 -2.2960968 1.7955816 18.883816 -1.432729721069336 0.24384190142154694
Pedestrian 0.0 0 1.644025444984436 726.0792846679688 155.69253540039062 738.042236328125 190.20550537109375 0.8688946 1.929388 0.60509336 7.394967 0.4874734 40.651043 1.8239710330963135 0.22049696743488312
Pedestrian 0.0 0 1.8507212400436401 606.6906127929688 161.72891235351562 623.6533813476562 202.70401000976562 0.7641596 1.8079784 0.57102233 0.6050742 0.93655366 32.14228 1.8695439100265503 0.1891535073518753
Cyclist 0.0 0 -1.8949767351150513 697.3938598632812 166.0479278564453 728.3040161132812 217.85745239257812 1.7808436 1.7407664 0.5205304 3.8452103 1.2226666 25.054792 -1.7426928281784058 0.30460208654403687
Cyclist 0.0 0 -1.7433643341064453 543.6744995117188 164.90780639648438 573.47802734375 229.0418701171875 1.546391 1.7872192 0.60154545 -1.2869561 1.3259954 20.837063 -1.8050488233566284 0.28154703974723816
Cyclist 0.0 0 -1.3698818683624268 728.860107421875 162.700439453125 778.9111328125 245.26194763183594 1.9779829 1.7219176 0.7154976 3.3925245 1.3310658 16.028772 -1.1613078117370605 0.2782990038394928
Cyclist 0.0 0 -1.5441043376922607 563.3049926757812 179.29026794433594 581.8389892578125 228.863037109375 0.9210977 1.6572996 0.6087667 -1.0017434 1.5845064 24.477345 -1.585006833076477 0.21617649495601654
Cyclist 0.0 0 1.3083651065826416 634.8011474609375 166.0004425048828 651.814208984375 203.87255859375 1.1191558 1.8341552 0.5640406 2.0491395 1.084407 35.39173 1.3661993741989136 0.15593358874320984
Cyclist 0.0 0 -0.9588536024093628 590.3535766601562 172.04026794433594 638.8677368164062 248.36961364746094 1.059995 1.767023 0.6815554 0.2896226 1.5492376 17.255892 -0.9420711994171143 0.1436075121164322
Cyclist 0.0 0 -1.105088710784912 111.17222595214844 186.61587524414062 214.71041870117188 345.1890563964844 0.8416997 1.6700528 0.68635 -4.925029 1.7318655 8.039686 -1.6547139883041382 0.11297304183244705
