Pedestrian 0.0 0 1.449149250984192 955.2548828125 121.80732727050781 1001.5219116210938 219.9979248046875 1.7200297 1.8181605 0.60261613 7.2062063 0.87330526 14.268943 1.9168106317520142 0.18258801102638245
Pedestrian 0.0 0 0.8354375958442688 1182.6668701171875 183.74171447753906 1217.27587890625 230.6836700439453 0.8537273 1.7825836 0.63127327 22.880678 2.2128425 28.044704 1.5197774171829224 0.17650049924850464
Cyclist 0.0 0 1.4861743450164795 957.0339965820312 120.3014144897461 999.9165649414062 218.9384002685547 1.7153252 1.830091 0.6058137 7.2225566 0.85539854 14.293232 1.9540634155273438 0.46069371700286865
Cyclist 0.0 0 -2.664780616760254 297.4649353027344 190.6795196533203 394.5635070800781 275.0272521972656 1.9650642 1.8143535 0.6409392 -5.9439945 2.2244534 16.143148 -3.017580986022949 0.22544227540493011
Cyclist 0.0 0 -3.1800758838653564 643.5651245117188 182.11459350585938 676.076904296875 215.95947265625 1.7624799 1.8403192 0.79097223 2.709042 2.3579924 39.882607 -3.1122546195983887 0.22084234654903412
Cyclist 0.0 0 -1.63896644115448 737.1073608398438 179.86683654785156 780.02685546875 255.14976501464844 1.8947585 1.6566813 0.8575134 3.4334211 1.8325098 17.055967 -1.4403181076049805 0.21924690902233124
Car 0.0 0 1.7619620561599731 449.6470031738281 186.28482055664062 524.6970825195312 243.60618591308594 3.662248 1.5480796 1.6055359 -3.731922 1.9961894 22.201273 1.5954240560531616 0.8948256373405457
Car 0.0 0 -1.532080054283142 642.9403686523438 186.21595764160156 673.805908203125 215.58065795898438 3.6618698 1.5383402 1.6301535 2.7808712 2.3414512 41.438713 -1.465072512626648 0.3595943748950958
Car 0.0 0 1.5660555362701416 1128.9456787109375 186.58041381835938 1163.4228515625 214.03933715820312 3.897107 1.5963315 1.7072777 34.19777 2.513135 46.09508 2.204349994659424 0.234394371509552
Car 0.0 0 1.2542390823364258 1095.549072265625 186.90036010742188 1144.26220703125 209.4416046142578 3.9098387 1.4508561 1.6828718 36.078312 2.4890037 51.191074 1.8681641817092896 0.19720806181430817
Car 0.0 0 1.7290334701538086 552.7449951171875 182.64735412597656 583.3177490234375 205.92579650878906 3.8143785 1.5673008 1.6299313 -3.027151 2.303361 52.22185 1.6711311340332031 0.19500349462032318
Car 0.0 0 1.5539641380310059 1175.400634765625 212.5395050048828 1242.0 280.4950866699219 3.4510736 1.4390278 1.6811589 16.204279 2.605588 19.33051 2.2516117095947266 0.18993119895458221
