Pedestrian 0.0 0 0.11130678653717041 56.09132385253906 188.2728271484375 96.57170104980469 249.31089782714844 0.87069494 1.7042264 0.7271386 -15.526015 2.163629 20.945547 -0.5265747308731079 0.30790600180625916
Pedestrian 0.0 0 -1.8507535457611084 926.7971801757812 157.45176696777344 1084.2667236328125 375.0 0.7293633 1.6716757 0.6771635 2.364747 1.5850036 4.499974 -1.366912841796875 0.24530452489852905
Pedestrian 0.0 0 -1.6073102951049805 714.538818359375 174.1103515625 728.0923461914062 208.94613647460938 0.7655499 1.7240995 0.6424065 5.536578 1.7881427 36.15506 -1.455356478691101 0.21608568727970123
Cyclist 0.0 0 0.2010628581047058 49.80971145629883 186.30885314941406 99.15543365478516 249.26751708984375 1.0228134 1.759687 0.7511112 -15.5858555 2.1613245 20.959377 -0.4383438229560852 0.16205905377864838
Car 0.0 0 1.9234139919281006 284.2423095703125 192.35736083984375 374.9686584472656 243.31349182128906 3.9386203 1.5058429 1.6436217 -9.565818 2.2306905 24.818518 1.5555301904678345 0.8411003351211548
Car 0.0 0 1.5385596752166748 604.927490234375 181.70350646972656 632.9302978515625 207.5460662841797 4.137159 1.5363336 1.6597649 0.5030199 2.1314788 46.406925 1.5493985414505005 0.33309370279312134
Car 0.0 0 1.8989901542663574 481.0760192871094 186.63815307617188 514.2215576171875 204.50332641601562 4.1306386 1.4718271 1.7111151 -10.097085 2.755509 64.99115 1.744861364364624 0.2653774321079254
Car 0.0 0 -1.39927339553833 27.463125228881836 181.7316131591797 68.04875183105469 206.2979736328125 3.6362815 1.5578679 1.584783 -38.282814 2.1874282 49.15935 -2.0609216690063477 0.25779440999031067
Car 0.0 0 1.6030676364898682 269.4452819824219 189.8590545654297 301.6157531738281 217.59866333007812 4.0656223 1.4839648 1.6390047 -19.53633 2.5606673 43.4757 1.1807444095611572 0.24902383983135223
Car 0.0 0 2.0287861824035645 270.21832275390625 193.43423461914062 314.0002136230469 214.13101196289062 3.792391 1.4704243 1.6623207 -25.095533 3.1525593 57.02944 1.614241361618042 0.24441573023796082
Car 0.0 0 1.407381296157837 273.3458251953125 189.76910400390625 324.2310791015625 226.32183837890625 4.0473657 1.597082 1.6648241 -15.466945 2.484089 35.66662 0.998204231262207 0.20065277814865112
