Pedestrian 0.0 0 1.9073512554168701 1108.3819580078125 118.35154724121094 1166.6517333984375 222.251220703125 0.8067445 1.8521072 0.6415958 9.711082 0.8809087 13.352671 2.5361499786376953 0.46406012773513794
Car 0.0 0 -1.8971199989318848 725.065673828125 185.6810760498047 904.113525390625 299.76385498046875 3.5089443 1.4232776 1.5726267 2.9166718 1.6551107 11.211615 -1.6426138877868652 0.9424378275871277
Car 0.0 0 3.61594295501709 54.053165435791016 175.00677490234375 352.5641784667969 285.28961181640625 3.6077433 1.533302 1.5936933 -6.030046 1.5687699 10.913648 3.1111643314361572 0.8112788796424866
Car 0.0 0 3.7495217323303223 0.0 186.01651000976562 305.17529296875 319.35125732421875 4.010347 1.4147946 1.5787748 -6.0299935 1.5867207 8.606366 3.13836407661438 0.7818500399589539
Car 0.0 0 3.435685873031616 198.58633422851562 173.84486389160156 408.72711181640625 250.6795654296875 3.9291768 1.573563 1.6644766 -6.622122 1.5970743 15.828964 3.039457321166992 0.7527843117713928
Car 0.0 0 2.8296689987182617 704.5194091796875 172.22689819335938 822.3080444335938 215.5462646484375 4.3048935 1.6758847 1.7341231 6.072592 1.6519825 29.000118 3.036085367202759 0.7012282609939575
Car 0.0 0 -2.912435531616211 422.7344970703125 171.63038635253906 512.6068115234375 204.06784057617188 3.9605913 1.516503 1.6515528 -6.82201 1.4596546 34.62411 -3.1069743633270264 0.5929861068725586
Car 0.0 0 -0.2588057219982147 748.1964111328125 173.37229919433594 903.5994262695312 227.46925354003906 4.0864596 1.5236825 1.6559505 6.2077265 1.5399158 21.21726 0.025829076766967773 0.5337637066841125
Car 0.0 0 0.7952027320861816 0.0 176.44845581054688 132.94046020507812 375.0 3.798159 1.4486886 1.5719798 -6.416226 1.4828376 5.9401755 -0.028703035786747932 0.48684754967689514
Car 0.0 0 0.3390069007873535 341.7980651855469 161.2946319580078 471.627197265625 210.33412170410156 3.997495 1.6315312 1.6686223 -7.015873 1.2473123 24.965096 0.06504583358764648 0.39444440603256226
Car 0.0 0 3.114478826522827 453.8961181640625 167.70849609375 533.681884765625 198.11807250976562 4.234108 1.6171039 1.7111399 -6.417479 1.3438373 39.60249 2.9538278579711914 0.37813568115234375
Car 0.0 0 -3.4032235145568848 770.6410522460938 185.0083770751953 951.22802734375 246.92340087890625 4.1254244 1.4888346 1.6469148 6.328948 1.819985 18.678738 -3.0765326023101807 0.3580356538295746
