Car 0.0 0 -2.0382065773010254 852.5936889648438 185.99258422851562 1231.64794921875 375.0 3.7895854 1.4255505 1.5871881 3.7970731 1.5929668 7.265866 -1.556650161743164 0.9287132620811462
Car 0.0 0 -1.8485832214355469 759.6150512695312 183.06712341308594 912.30126953125 283.1934814453125 3.6825857 1.4801635 1.598554 3.7895465 1.6891463 12.888438 -1.5626153945922852 0.9235562682151794
Car 0.0 0 1.9515327215194702 221.89181518554688 190.2735137939453 412.9625244140625 302.662841796875 3.917114 1.4954503 1.6059992 -4.7317104 1.8372608 12.174128 1.5808321237564087 0.8915122747421265
Car 0.0 0 1.8310683965682983 367.9196472167969 185.85379028320312 473.2071533203125 258.8375549316406 3.7279673 1.5429974 1.5930799 -4.5844374 1.8975914 17.788366 1.5788360834121704 0.8657168745994568
Car 0.0 0 -1.7690898180007935 717.7010498046875 177.24642944335938 817.7388916015625 247.6840362548828 4.0981603 1.5391488 1.6335983 3.7602625 1.662062 18.074594 -1.5639742612838745 0.7514062523841858
Car 0.0 0 1.761850357055664 430.2628479003906 184.12339782714844 507.3363952636719 235.33428955078125 4.2821927 1.4291844 1.6425236 -4.47549 1.8256664 23.217978 1.571426272392273 0.7499257326126099
Car 0.0 0 1.7552921772003174 518.067626953125 180.1651153564453 556.869140625 209.93093872070312 3.296071 1.5059042 1.5117568 -3.91879 1.919207 39.045055 1.6552612781524658 0.6779099106788635
Car 0.0 0 -1.6797044277191162 700.8204956054688 177.2508544921875 764.2615356445312 228.49969482421875 3.7761836 1.4872631 1.5880584 3.8093903 1.6407343 23.19553 -1.51692795753479 0.591793417930603
Car 0.0 0 -1.6657923460006714 696.2481079101562 178.29293823242188 744.948486328125 219.0109405517578 3.4514375 1.48854 1.5752527 4.284129 1.7179022 28.611824 -1.5171637535095215 0.4021053612232208
Car 0.0 0 1.4226492643356323 680.7748413085938 177.55728149414062 728.2581176757812 212.59230041503906 4.166703 1.5360572 1.6264502 4.385989 1.7736754 34.29573 1.5498461723327637 0.3914858400821686
