Pedestrian 0.0 0 -1.231265664100647 660.9849853515625 160.22421264648438 746.1824951171875 329.667236328125 1.0300955 1.7620194 0.64564794 1.1187053 1.5421375 8.073052 -1.0935697555541992 0.665193498134613
Pedestrian 0.0 0 -1.6356521844863892 553.19775390625 171.05751037597656 580.089111328125 235.72093200683594 0.9666296 1.7841877 0.6963653 -1.0235468 1.4972123 20.337742 -1.6859371662139893 0.640856146812439
Pedestrian 0.0 0 0.563172459602356 1106.294189453125 135.7295684814453 1238.0 374.0 0.66969323 1.675962 0.5949629 3.7197104 1.4110675 4.5895543 1.2442668676376343 0.6238986253738403
Pedestrian 0.0 0 -2.426358938217163 918.9168090820312 145.96998596191406 994.182861328125 275.2886657714844 0.7536197 1.7454488 0.5859184 4.9639378 1.2672154 10.154198 -1.9716663360595703 0.6102747917175293
Pedestrian 0.0 0 1.3264901638031006 502.7310485839844 174.20050048828125 529.480712890625 233.25567626953125 0.7821213 1.7576199 0.63636434 -2.6290963 1.5414964 21.855434 1.2067705392837524 0.5903242826461792
Pedestrian 0.0 0 -1.4217121601104736 576.6653442382812 172.40768432617188 595.1055908203125 217.9455108642578 0.8204406 1.7566333 0.6089282 -0.62351537 1.4069139 28.152805 -1.443856120109558 0.5331273078918457
Pedestrian 0.0 0 0.3170267939567566 604.7647094726562 170.62069702148438 634.1979370117188 229.4984130859375 0.7499037 1.7680264 0.6052941 0.5277373 1.4424573 21.978737 0.3410334587097168 0.5306434035301208
Pedestrian 0.0 0 1.5386918783187866 597.293701171875 172.17909240722656 619.9508666992188 235.78948974609375 0.7462271 1.7424123 0.606565 0.16434552 1.4882501 20.05423 1.5468868017196655 0.5149710178375244
Pedestrian 0.0 0 1.4348657131195068 961.7271728515625 145.5164031982422 1019.1160888671875 271.5886535644531 0.7679308 1.7858906 0.64571714 5.7029066 1.2774775 10.645435 1.926674485206604 0.5112779140472412
Pedestrian 0.0 0 -2.8532421588897705 582.1530151367188 168.0361328125 615.4072875976562 228.87728881835938 0.8489408 1.766049 0.6018212 -0.103444554 1.376366 21.256273 -2.8581087589263916 0.45024847984313965
Pedestrian 0.0 0 -1.8544617891311646 889.7203369140625 148.58511352539062 951.7420043945312 267.8215026855469 0.9463491 1.8143498 0.65953195 5.020876 1.3148072 11.439774 -1.4408798217773438 0.4134342670440674
Pedestrian 0.0 0 -3.0866665840148926 630.5850830078125 171.00404357910156 647.2161865234375 213.23641967773438 0.6447517 1.7009255 0.6221731 1.5129061 1.2791946 29.272217 -3.0350284576416016 0.3654881417751312
Pedestrian 0.0 0 0.1788245439529419 400.1752014160156 187.52468872070312 446.2862243652344 286.3305969238281 0.7078695 1.7356 0.6526085 -3.257061 1.8489033 13.007081 -0.06653692573308945 0.3484043478965759
Pedestrian 0.0 0 -2.712836503982544 454.8105163574219 169.75218200683594 516.3910522460938 232.5291290283203 1.608065 1.7570136 0.6863303 -3.3542862 1.4293616 20.645912 -2.873896598815918 0.16802802681922913
Pedestrian 0.0 0 -1.2075217962265015 187.68240356445312 135.9193572998047 415.028076171875 374.0 1.732191 1.6346468 0.6204423 -1.6565739 1.4269339 4.164213 -1.586140513420105 0.1671072542667389
Pedestrian 0.0 0 1.4880852699279785 653.0458374023438 153.878173828125 697.2114868164062 264.0906982421875 1.8435173 1.8102461 0.615747 1.2357138 1.3578453 12.722083 1.584912896156311 0.11483404785394669
Cyclist 0.0 0 1.9248265027999878 187.83282470703125 133.8043975830078 411.4034423828125 374.0 1.7494236 1.6432271 0.59592736 -1.6551547 1.4284798 4.135602 1.5441296100616455 0.6420806646347046
Cyclist 0.0 0 -1.604443907737732 656.0244140625 161.52542114257812 694.9513549804688 271.441650390625 1.8612309 1.782418 0.6043409 1.2314681 1.4597988 12.5940075 -1.5069717168807983 0.511013925075531
Cyclist 0.0 0 -2.712836503982544 454.8105163574219 169.75218200683594 516.3910522460938 232.5291290283203 1.608065 1.7570136 0.6863303 -3.3542862 1.4293616 20.645912 -2.873896598815918 0.3769187033176422
Cyclist 0.0 0 -1.8755056858062744 885.8001708984375 151.7303466796875 950.3778686523438 272.1805114746094 1.2555381 1.8199968 0.5902362 5.001032 1.3714837 11.5067005 -1.4655158519744873 0.16772513091564178
Cyclist 0.0 0 -1.6424094438552856 552.9960327148438 170.75440979003906 580.0751342773438 236.2749481201172 1.0044646 1.8054721 0.69242454 -1.0267086 1.5105221 20.332344 -1.692862868309021 0.12455707043409348
Car 0.0 0 1.9282461404800415 518.0724487304688 179.60328674316406 556.7666625976562 200.6886444091797 3.9155233 1.5140867 1.6135744 -4.720682 1.3785018 53.68121 1.8405325412750244 0.4757126271724701
