Pedestrian 0.0 0 -0.20912066102027893 633.8792114257812 136.3118438720703 741.573974609375 307.2335510253906 1.045562 1.7471185 0.5672266 0.8167266 1.297131 7.557407 -0.1014687716960907 0.827531635761261
Pedestrian 0.0 0 2.7564191818237305 636.507080078125 168.4027557373047 688.10595703125 267.38531494140625 0.766941 1.759309 0.6165925 1.0017188 1.545936 12.972132 2.833487033843994 0.3577767014503479
Pedestrian 0.0 0 -1.5379116535186768 839.3543701171875 172.57740783691406 867.5726318359375 242.99383544921875 0.7960736 1.7291418 0.648092 6.2406054 1.5361928 17.845457 -1.2015016078948975 0.27166229486465454
Pedestrian 0.0 0 1.5871343612670898 260.2251892089844 174.49520874023438 300.6453857421875 267.9153137207031 0.9348825 1.736137 0.6903329 -6.3239565 1.6261805 13.702025 1.154729962348938 0.18913334608078003
Pedestrian 0.0 0 -3.5678277015686035 1130.367919921875 138.64266967773438 1205.4754638671875 251.96694946289062 0.7612655 1.775327 0.62532663 9.066624 1.1212509 11.46659 -2.8987836837768555 0.1666412055492401
Pedestrian 0.0 0 -2.086641550064087 1113.2618408203125 186.44363403320312 1224.0 370.0 0.67964816 1.6662754 0.6614027 4.31694 1.7159317 5.308998 -1.4039417505264282 0.1481214165687561
Pedestrian 0.0 0 -0.7738229632377625 983.1622314453125 191.94569396972656 1125.0565185546875 370.0 0.66900444 1.6240026 0.5932071 3.273322 1.7169118 5.267066 -0.21776629984378815 0.14309702813625336
Pedestrian 0.0 0 -1.186271071434021 484.6535339355469 162.55905151367188 535.0239868164062 262.6208190917969 0.9711529 1.7857711 0.61240035 -1.8010712 1.467227 13.159479 -1.3222908973693848 0.12843625247478485
Cyclist 0.0 0 0.5762344002723694 33.632598876953125 192.4722137451172 108.47953033447266 254.16152954101562 1.6180187 1.7283399 0.66622484 -15.381326 2.0810885 20.345257 -0.07110542058944702 0.18088950216770172
Cyclist 0.0 0 -2.2259275913238525 0.0 176.14291381835938 75.61884307861328 260.77313232421875 1.8727052 1.6332392 0.6648037 -11.730288 1.5507865 14.172351 -2.917325019836426 0.16833308339118958
Cyclist 0.0 0 -0.19820258021354675 638.0675659179688 134.83975219726562 752.709228515625 307.826171875 1.122003 1.767294 0.56044024 0.89522284 1.3025045 7.5426917 -0.08006776124238968 0.136226624250412
Car 0.0 0 2.320530891418457 0.0 183.630126953125 119.52349090576172 233.726806640625 4.149996 1.5144501 1.650669 -18.719715 1.6306849 23.77194 1.6534762382507324 0.24470986425876617
