Pedestrian 0.0 0 1.3717858791351318 647.6336669921875 161.35597229003906 676.4744873046875 231.92855834960938 0.7761382 1.7939045 0.6034544 1.5367905 1.2830373 18.677565 1.453881025314331 0.6819965243339539
Pedestrian 0.0 0 -1.5388985872268677 382.39727783203125 166.0591583251953 405.3345031738281 221.34230041503906 1.0266932 1.8317857 0.7179821 -7.062011 1.321245 24.385344 -1.8207875490188599 0.5817675590515137
Pedestrian 0.0 0 2.013054132461548 82.22366333007812 157.18106079101562 157.5634307861328 279.4635009765625 0.8113679 1.6562709 0.5986377 -6.8427405 1.3282039 10.172799 1.4209201335906982 0.5674909949302673
Pedestrian 0.0 0 -1.8449418544769287 90.5576400756836 152.49229431152344 182.459716796875 322.935302734375 0.8572591 1.7385669 0.6310671 -5.1298175 1.4440452 7.844167 -2.424099922180176 0.5640520453453064
Pedestrian 0.0 0 -1.2871766090393066 0.0 163.65216064453125 122.54348754882812 374.0 0.6797717 1.6125742 0.57137144 -3.3314576 1.5179724 4.2834487 -1.9482033252716064 0.5234414935112
Pedestrian 0.0 0 -2.1894922256469727 174.0410614013672 151.41876220703125 254.5589141845703 295.2017517089844 0.68610966 1.6966361 0.5878304 -4.832091 1.3430235 8.888341 -2.6874423027038574 0.5199605822563171
Pedestrian 0.0 0 1.6939769983291626 686.4207763671875 147.76451110839844 713.0875244140625 219.1249542236328 0.8163247 1.8188192 0.5968621 2.5438602 0.96015525 18.776917 1.8286352157592773 0.4960922300815582
Pedestrian 0.0 0 2.018648147583008 587.9038696289062 159.5870361328125 631.674072265625 245.7178955078125 0.8416764 1.7730755 0.6320035 0.14775354 1.3232173 15.30205 2.028303623199463 0.45663511753082275
Pedestrian 0.0 0 -2.289140224456787 185.95567321777344 173.3956756591797 310.7681579589844 355.58367919921875 0.92338955 1.6355904 0.6231453 -3.4377074 1.564214 6.910187 -2.7507729530334473 0.4261513948440552
Pedestrian 0.0 0 2.120573043823242 0.0 160.3280487060547 72.05048370361328 296.6539306640625 0.78784657 1.6767508 0.6256172 -7.4515524 1.417684 9.2631445 1.4431366920471191 0.40337803959846497
Pedestrian 0.0 0 2.018857955932617 466.8735656738281 168.18426513671875 482.71575927734375 199.5286407470703 0.91078824 1.8610145 0.60356045 -7.603689 1.071182 43.167217 1.8445014953613281 0.35366755723953247
Pedestrian 0.0 0 -2.2783265113830566 64.2536849975586 189.50376892089844 105.9979248046875 249.3136444091797 0.7369472 1.6912962 0.66384953 -14.99599 1.929107 20.829685 -2.902305841445923 0.3172287940979004
Pedestrian 0.0 0 -1.3435258865356445 607.6041259765625 151.17031860351562 624.6217041015625 190.930419921875 0.7822324 1.9020069 0.66667336 0.706027 0.4520299 34.82129 -1.3232529163360596 0.3031134605407715
Pedestrian 0.0 0 1.4199957847595215 427.5226135253906 160.60960388183594 473.6604919433594 254.82339477539062 1.7249563 1.7066115 0.6143831 -2.98653 1.3294661 13.924847 1.20872163772583 0.14505375921726227
Pedestrian 0.0 0 -0.43242567777633667 492.3874206542969 167.38626098632812 537.7982177734375 213.63587951660156 1.6489642 1.7020261 0.48418108 -3.2674322 1.183669 27.071535 -0.5525408983230591 0.14415176212787628
Cyclist 0.0 0 1.4484678506851196 428.1557312011719 160.8833770751953 472.0508728027344 254.82196044921875 1.7536223 1.6973097 0.6130062 -2.9917357 1.3260717 13.905308 1.2365477085113525 0.8533104062080383
Cyclist 0.0 0 -0.4158315062522888 490.5806579589844 167.63803100585938 539.1626586914062 214.278076171875 1.7733705 1.7150056 0.4867653 -3.2749295 1.2063268 27.073566 -0.5362107157707214 0.4678354561328888
Cyclist 0.0 0 -2.3747618198394775 140.25669860839844 173.4898223876953 287.10382080078125 358.3447265625 1.1189969 1.6711853 0.6395576 -3.7852054 1.6001482 6.9480286 -2.8735949993133545 0.26232773065567017
Cyclist 0.0 0 1.6539031267166138 684.9390258789062 144.23927307128906 710.5638427734375 216.66116333007812 0.8944407 1.8498194 0.59640604 2.5015907 0.89927405 18.845848 1.7858712673187256 0.1357303112745285
Cyclist 0.0 0 -1.5554943084716797 98.48400115966797 149.66778564453125 171.62245178222656 319.841552734375 0.9375293 1.750947 0.6463875 -5.201188 1.4247838 7.957381 -2.1344175338745117 0.1237158253788948
Cyclist 0.0 0 -1.5190892219543457 382.04937744140625 166.2684783935547 406.3414001464844 221.34603881835938 1.0496839 1.8257513 0.74202096 -7.055701 1.321931 24.404812 -1.80052649974823 0.12300672382116318
Cyclist 0.0 0 1.9726979732513428 78.70560455322266 152.9503173828125 156.85287475585938 279.8698425292969 0.9087856 1.7012913 0.6095026 -6.840221 1.3199234 10.130493 1.3788032531738281 0.10308048874139786
Car 0.0 0 1.8550732135772705 213.9540252685547 182.23558044433594 401.509521484375 298.5155944824219 4.0993905 1.5122732 1.636268 -4.4615326 1.527452 11.478606 1.4843612909317017 0.8200706243515015
