Cyclist 0.0 0 1.6981003284454346 438.71246337890625 174.20339965820312 477.7940368652344 259.9142761230469 1.8051866 1.785196 0.62676716 -3.3863208 1.8171744 15.979773 1.489276647567749 0.8608840107917786
Car 0.0 0 -0.5201196074485779 823.8241577148438 187.63356018066406 1129.3624267578125 294.58197021484375 3.7626417 1.4142523 1.5684258 5.240373 1.6521873 10.692087 -0.06440965831279755 0.8390825986862183
Car 0.0 0 2.465552806854248 923.1775512695312 182.5345001220703 1242.0 338.8062438964844 3.9845703 1.4820797 1.6219091 5.6969986 1.6001005 7.8600025 3.092735528945923 0.8230293989181519
Car 0.0 0 -1.7098722457885742 630.3672485351562 179.62899780273438 691.684814453125 225.173828125 4.230311 1.4802049 1.6336983 1.7265072 1.7475499 26.261993 -1.644225001335144 0.8221728205680847
Car 0.0 0 0.3217927813529968 285.7146301269531 181.29318237304688 445.1629943847656 237.0599365234375 3.944952 1.4896909 1.6311606 -6.8523865 1.7376152 20.34206 -0.0031266547739505768 0.8071675896644592
Car 0.0 0 3.7770004272460938 0.0 160.03492736816406 270.4113464355469 293.747802734375 4.088066 1.5488994 1.6608717 -6.8160787 1.400764 9.191297 3.1389102935791016 0.6713010668754578
Car 0.0 0 3.906803607940674 0.0 182.09036254882812 135.6064910888672 374.5370788574219 3.9008937 1.5201399 1.6197847 -6.9420033 1.6172717 6.669525 3.1013898849487305 0.6246996521949768
Car 0.0 0 0.3066785931587219 319.41143798828125 181.01132202148438 464.83074951171875 231.4252166748047 4.1182795 1.5237954 1.6637974 -6.8952465 1.7933655 22.947517 0.014782428741455078 0.602121889591217
Car 0.0 0 -0.42399442195892334 805.4363403320312 169.70521545410156 1055.6683349609375 260.7008972167969 3.8105168 1.5415002 1.6288035 5.6199856 1.4885166 13.068677 -0.01786700449883938 0.5627306699752808
Car 0.0 0 2.167182445526123 1153.603515625 184.27064514160156 1242.0 375.0 3.66649 1.4917204 1.5824766 6.2775507 1.5910416 5.2769017 3.038968086242676 0.4878186881542206
Car 0.0 0 -2.8977484703063965 415.3858947753906 173.93016052246094 498.227294921875 206.58839416503906 3.5340705 1.4931978 1.56223 -7.192689 1.5453545 33.88477 -3.106912851333618 0.4508610963821411
