Pedestrian 0.0 0 1.9829630851745605 504.03472900390625 175.82241821289062 559.0133056640625 277.2288818359375 0.8916408 1.7075286 0.66192484 -1.2574456 1.6132107 12.6190815 1.8836445808410645 0.6515082716941833
Pedestrian 0.0 0 -1.57981276512146 597.2590942382812 171.4975128173828 617.8803100585938 228.8123321533203 0.8267967 1.7235389 0.62013996 0.15536977 1.4238726 22.01276 -1.5727547407150269 0.6160614490509033
Pedestrian 0.0 0 1.7913390398025513 580.5922241210938 173.24639892578125 602.1259155273438 220.69204711914062 0.9465314 1.7734681 0.6304163 -0.3979571 1.4659904 27.375717 1.7768032550811768 0.5437162518501282
Pedestrian 0.0 0 -3.1900627613067627 767.0586547851562 159.88502502441406 806.5408325195312 233.59544372558594 0.913207 1.781608 0.6365427 4.5394216 1.260361 17.76311 -2.93986439704895 0.4948490560054779
Pedestrian 0.0 0 -1.4972501993179321 280.56890869140625 194.18336486816406 332.6920166015625 298.32269287109375 0.7181746 1.6325305 0.74588853 -4.8809423 1.8507684 11.82732 -1.8886427879333496 0.4429667890071869
Pedestrian 0.0 0 -2.059065103530884 108.59446716308594 137.41592407226562 198.79161071777344 302.34307861328125 0.72931236 1.7950753 0.6083869 -5.1934347 1.3166188 8.261168 -2.6202893257141113 0.36177492141723633
Pedestrian 0.0 0 -1.031524419784546 619.1019897460938 176.80514526367188 638.5036010742188 214.50234985351562 0.7255671 1.7633251 0.6382091 1.2899804 1.5446373 34.076378 -0.9936869144439697 0.3435650169849396
Pedestrian 0.0 0 1.7385849952697754 613.024169921875 173.9459991455078 629.1159057617188 213.36903381347656 0.8220398 1.7820953 0.6099522 0.89226705 1.4415591 32.9316 1.7656729221343994 0.334895521402359
Pedestrian 0.0 0 1.30830717086792 417.40191650390625 172.40066528320312 459.9982604980469 267.845458984375 0.77322674 1.6944703 0.5818759 -3.0439503 1.534199 13.228224 1.0821340084075928 0.2912289798259735
Pedestrian 0.0 0 1.8410273790359497 709.0608520507812 163.26235961914062 725.5346069335938 199.48806762695312 0.8654073 1.8541422 0.6372156 6.012591 0.9215493 37.290104 2.000889778137207 0.2761742174625397
Pedestrian 0.0 0 -1.4294003248214722 694.8126220703125 161.57118225097656 712.8626708984375 205.35162353515625 0.81892985 1.7817179 0.6312597 4.223382 0.97167444 29.712463 -1.2882044315338135 0.24503988027572632
Pedestrian 0.0 0 -1.1513501405715942 763.7607421875 155.96900939941406 795.0044555664062 216.4473114013672 0.81474704 1.8347403 0.66930497 5.504234 1.0613219 22.316652 -0.9095339775085449 0.23926563560962677
Pedestrian 0.0 0 -1.5274461507797241 578.0218505859375 171.95896911621094 593.5070190429688 213.21983337402344 0.7981802 1.746248 0.63136613 -0.68274504 1.3434243 30.804539 -1.5496063232421875 0.21863706409931183
Pedestrian 0.0 0 2.349628210067749 58.087345123291016 99.20820617675781 158.13816833496094 209.2058868408203 1.4841453 1.814395 0.5747078 -8.66775 0.45829257 12.627326 1.748069167137146 0.10461051762104034
Cyclist 0.0 0 -1.4527950286865234 731.5257568359375 170.65090942382812 791.4992065429688 274.3092346191406 2.1363332 1.6524881 0.7829618 2.8006387 1.4808302 12.586379 -1.2338485717773438 0.3437442183494568
Cyclist 0.0 0 -0.41749560832977295 558.29248046875 171.36114501953125 587.4258422851562 198.84033203125 1.7758458 1.7340143 0.5934619 -1.8196602 1.0949438 45.984497 -0.45704615116119385 0.24066567420959473
Cyclist 0.0 0 2.387254238128662 55.294288635253906 97.96517181396484 158.7330322265625 206.8305206298828 1.5080496 1.7916439 0.5833982 -8.679482 0.41816387 12.618096 1.7847226858139038 0.21000315248966217
Cyclist 0.0 0 1.7913390398025513 580.5922241210938 173.24639892578125 602.1259155273438 220.69204711914062 0.9465314 1.7734681 0.6304163 -0.3979571 1.4659904 27.375717 1.7768032550811768 0.12047183513641357
Cyclist 0.0 0 -3.2421720027923584 764.9288330078125 158.68533325195312 806.2734375 231.79946899414062 0.93063915 1.7707328 0.6252439 4.5123844 1.2193842 17.772402 -2.99352765083313 0.10902772843837738
Car 0.0 0 1.0398523807525635 814.805908203125 116.2323989868164 1238.0 374.0 4.0998898 1.5565633 1.6073456 2.5620973 1.3671107 4.1645546 1.5913845300674438 0.20974229276180267
