Pedestrian 0.0 0 0.27767854928970337 606.5248413085938 149.19833374023438 697.3043823242188 305.36865234375 0.91101676 1.720139 0.6704453 0.5086006 1.3770541 8.250518 0.3392453193664551 0.7369875311851501
Pedestrian 0.0 0 -1.542189121246338 839.4143676757812 174.28416442871094 867.504150390625 243.21531677246094 0.7933388 1.6938347 0.6488149 6.244055 1.5426916 17.855577 -1.2057836055755615 0.30675679445266724
Pedestrian 0.0 0 -1.2026011943817139 654.16357421875 168.78921508789062 708.0274658203125 268.6747131347656 1.0594776 1.7732714 0.6636168 1.3868058 1.5670123 13.170035 -1.0976877212524414 0.2629149556159973
Pedestrian 0.0 0 -0.8169423341751099 982.15185546875 195.15956115722656 1122.6370849609375 370.0 0.66753143 1.6264577 0.59219617 3.2741282 1.7455755 5.285355 -0.26232829689979553 0.12437759339809418
Pedestrian 0.0 0 1.5444235801696777 968.8134155273438 137.72853088378906 1012.6489868164062 254.655029296875 1.6670554 1.7717668 0.57724154 6.249254 1.1253184 11.582865 2.039189577102661 0.1073572114109993
Cyclist 0.0 0 0.9172996878623962 0.0 179.68017578125 76.00643157958984 262.17840576171875 1.860478 1.5922978 0.7313967 -11.773711 1.578107 14.206003 0.2252521514892578 0.22377820312976837
Cyclist 0.0 0 1.5444235801696777 968.8134155273438 137.72853088378906 1012.6489868164062 254.655029296875 1.6670554 1.7717668 0.57724154 6.249254 1.1253184 11.582865 2.039189577102661 0.19351428747177124
Cyclist 0.0 0 0.5670309066772461 28.211084365844727 191.98574829101562 111.22073364257812 252.78370666503906 1.8269231 1.7008855 0.67835957 -15.414992 2.039703 20.343496 -0.08140265941619873 0.14950336515903473
Cyclist 0.0 0 1.8637890815734863 63.676177978515625 151.39576721191406 129.17276000976562 247.94590759277344 1.6412743 1.6680298 0.534563 -9.410525 1.1668622 13.073174 1.2398748397827148 0.14057095348834991
Cyclist 0.0 0 -1.1885989904403687 654.2496337890625 169.28488159179688 707.87744140625 268.6600036621094 1.0542221 1.7615882 0.6478367 1.3833128 1.5644246 13.146054 -1.0837583541870117 0.11799770593643188
Car 0.0 0 1.6686793565750122 59.834739685058594 189.28297424316406 124.966552734375 233.61557006835938 3.9743764 1.4661361 1.5813173 -19.021587 1.8210412 26.330439 1.0430655479431152 0.17416632175445557
Car 0.0 0 -1.059482216835022 290.3305969238281 197.91299438476562 407.1739196777344 256.1446228027344 3.5995646 1.4139692 1.5742508 -7.224378 1.9602875 20.209002 -1.4028079509735107 0.15201690793037415
