Pedestrian 0.0 0 -1.6155860424041748 1202.1331787109375 196.4334259033203 1242.0 301.0440368652344 1.1212966 1.6948348 0.6120102 10.708135 2.1277146 12.601988 -0.9112558364868164 0.3049812614917755
Pedestrian 0.0 0 -2.07057785987854 971.4697265625 181.04443359375 1004.8423461914062 239.20513916015625 0.7871367 1.775249 0.6207549 11.7557335 2.035949 22.532726 -1.5897070169448853 0.27876394987106323
Pedestrian 0.0 0 2.6508350372314453 931.6474609375 174.2164306640625 1034.972412109375 359.73236083984375 0.6826354 1.7600263 0.656448 3.6394167 1.7745864 7.183138 3.1197972297668457 0.2615364193916321
Cyclist 0.0 0 -1.2269761562347412 470.2999267578125 201.2427520751953 510.7061462402344 266.6152648925781 1.8235432 1.7772709 0.6053112 -3.5662131 2.6567655 21.390621 -1.392175316810608 0.4898393750190735
Cyclist 0.0 0 -2.8889377117156982 501.3883056640625 205.1355438232422 544.4679565429688 244.96217346191406 1.8053377 1.7520287 0.88239986 -4.0362945 3.2625544 33.19573 -3.009934425354004 0.32624882459640503
Cyclist 0.0 0 -1.4570324420928955 892.0829467773438 141.57212829589844 927.262939453125 221.2742156982422 1.8828902 1.8151244 0.5768192 7.192232 1.1030735 17.392742 -1.0649261474609375 0.2770406901836395
Cyclist 0.0 0 -1.2574257850646973 492.6712341308594 195.5093536376953 515.8317260742188 240.3885498046875 1.676664 1.7909175 0.47849423 -4.5036845 2.7772198 30.531612 -1.4038785696029663 0.2683645486831665
Cyclist 0.0 0 -1.5360147953033447 1202.558837890625 198.2284393310547 1242.0 304.6333923339844 1.578589 1.7050332 0.5565854 10.790046 2.1791332 12.697601 -0.8316540718078613 0.21620705723762512
Car 0.0 0 1.7782593965530396 569.1148681640625 200.32473754882812 613.0138549804688 233.20980834960938 3.50974 1.5515746 1.6899589 -1.0132109 3.110585 39.05778 1.752323865890503 0.7193530201911926
Car 0.0 0 1.4565974473953247 739.326416015625 188.880615234375 798.90869140625 237.79684448242188 4.060302 1.532805 1.630715 5.6220155 2.1592305 26.083326 1.6688902378082275 0.3054554760456085
Car 0.0 0 -1.3034406900405884 396.4126892089844 160.51821899414062 474.3196105957031 211.7617645263672 3.716019 1.6039647 1.640008 -5.8680477 1.2182027 24.465221 -1.5388463735580444 0.27181121706962585
Car 0.0 0 1.6955616474151611 594.1568603515625 193.8827667236328 623.2897338867188 215.36778259277344 4.156852 1.5221659 1.8219451 -0.08715062 3.2631886 57.548203 1.694047212600708 0.2587502896785736
Car 0.0 0 0.996997058391571 845.5987548828125 186.119873046875 920.0623779296875 220.46473693847656 3.8966599 1.5725634 1.6926092 13.762759 2.2865686 36.728775 1.3555163145065308 0.2047104388475418
Car 0.0 0 1.5381091833114624 720.3164672851562 193.27748107910156 756.12646484375 225.68360900878906 4.2719026 1.549567 1.7826223 6.939713 2.7332442 39.56254 1.7117538452148438 0.18659847974777222
