Pedestrian 0.0 0 1.5139576196670532 775.9481811523438 128.59410095214844 809.6887817382812 225.5323944091797 0.74713296 1.849407 0.5967522 3.64367 0.86077064 13.909499 1.7701565027236938 0.29393476247787476
Pedestrian 0.0 0 0.011079221963882446 474.7529602050781 173.02127075195312 491.7081604003906 210.6738739013672 0.77654546 1.7461226 0.66601735 -5.7277093 1.4007539 33.174694 -0.15988823771476746 0.29211485385894775
Pedestrian 0.0 0 0.020921438932418823 790.6964721679688 125.02447509765625 840.24072265625 231.17738342285156 0.83166295 1.8407009 0.63425887 3.7341135 0.880396 12.683357 0.30724239349365234 0.26128414273262024
Pedestrian 0.0 0 -0.15821319818496704 516.4849853515625 164.58404541015625 568.1817016601562 226.40933227539062 1.477135 1.8233427 0.5916877 -1.9262724 1.3555167 21.31552 -0.24833787977695465 0.2411925047636032
Pedestrian 0.0 0 2.9137353897094727 737.2364501953125 128.70068359375 776.2947387695312 208.62498474121094 0.78299755 1.8556033 0.61539084 3.54416 0.6545846 16.72569 3.1225459575653076 0.20872750878334045
Pedestrian 0.0 0 2.2419233322143555 754.5376586914062 119.26688385009766 804.437744140625 211.42013549804688 0.8170439 1.9014043 0.67348325 3.6863022 0.6396011 15.100136 2.4813637733459473 0.18584860861301422
Pedestrian 0.0 0 1.0532957315444946 943.6019897460938 103.89073944091797 1050.878173828125 291.50494384765625 0.8003238 1.8267689 0.6529512 3.9637501 1.0825329 7.2858133 1.5515490770339966 0.18337950110435486
Pedestrian 0.0 0 -0.988171398639679 416.1622619628906 161.70364379882812 433.95562744140625 198.24913024902344 0.6230982 1.8319199 0.63686365 -9.132858 0.8911418 35.83591 -1.2377115488052368 0.17326748371124268
Pedestrian 0.0 0 1.2633689641952515 907.7802124023438 121.93944549560547 987.2802124023438 280.70989990234375 0.7739676 1.8118525 0.65144026 4.042658 1.1452575 8.491521 1.7076995372772217 0.15120738744735718
Pedestrian 0.0 0 0.028302088379859924 722.7816162109375 140.4775848388672 754.34912109375 214.8181610107422 0.77550286 1.8555166 0.6063615 3.3729677 0.85816526 18.02114 0.21332859992980957 0.13360421359539032
Pedestrian 0.0 0 0.8810741901397705 0.0 134.8964080810547 88.98432922363281 272.3572082519531 0.8455288 1.7805254 0.5716884 -7.6125307 1.1914982 9.519877 0.20654916763305664 0.13226549327373505
Cyclist 0.0 0 -0.15821319818496704 516.4849853515625 164.58404541015625 568.1817016601562 226.40933227539062 1.477135 1.8233427 0.5916877 -1.9262724 1.3555167 21.31552 -0.24833787977695465 0.37487709522247314
Car 0.0 0 -1.6054034233093262 596.952392578125 165.28900146484375 632.788818359375 202.16754150390625 4.542531 1.8381577 1.7319263 0.45520806 1.081418 37.52702 -1.5932738780975342 0.3306330740451813
Car 0.0 0 1.4958287477493286 587.337158203125 171.6279754638672 619.8970947265625 200.00360107421875 4.007843 1.6018865 1.6277332 -0.13256364 1.1024215 41.97134 1.4926702976226807 0.15808002650737762
