Pedestrian 0.0 0 2.365969657897949 811.7962036132812 150.86349487304688 837.1687622070312 197.19607543945312 0.8097151 1.8771509 0.6037184 8.782307 0.9865701 29.68658 2.6536002159118652 0.10942059010267258
Pedestrian 0.0 0 -1.3934097290039062 783.8411254882812 154.98512268066406 800.047119140625 192.3745880126953 0.92248386 1.8427683 0.6347049 9.071633 0.962445 36.109688 -1.1472790241241455 0.10692764073610306
Cyclist 0.0 0 2.691211700439453 40.729393005371094 186.86734008789062 82.04220581054688 223.68283081054688 1.621171 1.8020321 0.50080895 -27.993004 2.5331488 36.78745 2.0407462120056152 0.140873983502388
Cyclist 0.0 0 -0.7938283085823059 198.8457794189453 182.5144805908203 224.71861267089844 210.1406707763672 1.6152772 1.6843485 0.41246372 -25.079782 2.3038151 45.40502 -1.2984793186187744 0.1397838145494461
Cyclist 0.0 0 -1.6890777349472046 1170.31591796875 179.0037841796875 1188.1514892578125 223.04031372070312 1.5699493 1.688725 0.37097892 22.550928 1.9398077 28.64759 -1.022200345993042 0.13826769590377808
Cyclist 0.0 0 2.5561652183532715 108.64923095703125 182.57984924316406 144.61862182617188 213.87574768066406 1.6891686 1.690557 0.4810949 -27.076159 2.2471094 40.387848 1.9655799865722656 0.1043226569890976
Cyclist 0.0 0 -0.578942596912384 778.2390747070312 155.12232971191406 803.3549194335938 192.8231658935547 1.0329455 1.8602401 0.64586335 8.999651 0.9856795 36.074036 -0.33445602655410767 0.10279399156570435
Car 0.0 0 1.7808822393417358 219.7394256591797 174.9763641357422 273.70709228515625 215.29360961914062 3.9019694 1.8824766 1.6265395 -18.086367 1.9948931 36.00055 1.3153233528137207 0.35162022709846497
Car 0.0 0 1.5944005250930786 654.1063842773438 177.70455932617188 686.6923217773438 208.00994873046875 3.7994585 1.4572027 1.5912489 3.1260335 1.721583 37.2975 1.678018569946289 0.14627590775489807
Car 0.0 0 2.380950927734375 125.5433349609375 185.07798767089844 192.36325073242188 209.46026611328125 3.996939 1.6061658 1.7053308 -32.349957 2.521039 51.82985 1.82295823097229 0.14206735789775848
Car 0.0 0 0.14357998967170715 717.7164306640625 167.96327209472656 768.6766357421875 188.35951232910156 3.6144536 1.5111247 1.6001848 10.094978 1.1491354 54.79122 0.32578110694885254 0.13523757457733154
Car 0.0 0 1.688749074935913 33.896854400634766 185.3616943359375 82.67330932617188 217.31912231445312 3.5275831 1.5252435 1.6310015 -28.938576 2.2158163 37.88083 1.0363876819610596 0.11042477190494537
Car 0.0 0 1.3465238809585571 1100.4005126953125 188.99610900878906 1161.74169921875 221.5517578125 3.8470955 1.4520078 1.6829942 26.132858 2.3128247 36.35964 1.9697117805480957 0.10798560827970505
Car 0.0 0 2.443115472793579 0.0 227.4744873046875 112.08245086669922 375.0 3.8347795 1.4762365 1.6100171 -6.5937366 2.1002772 6.272559 1.6327598094940186 0.10457612574100494
