Pedestrian 0.0 0 -1.0093519687652588 0.0 147.51112365722656 29.35053253173828 193.88917541503906 0.7256335 1.9219484 0.6987456 -25.054993 0.8720744 30.303307 -1.7002264261245728 0.3140319883823395
Pedestrian 0.0 0 -1.5927976369857788 919.6880493164062 174.76583862304688 946.123291015625 238.51329040527344 0.72817034 1.7556372 0.6630005 9.057121 1.8111801 20.360464 -1.1742441654205322 0.2937968671321869
Pedestrian 0.0 0 -3.5332651138305664 1149.198974609375 196.50299072265625 1195.2781982421875 269.90802001953125 0.69120353 1.7945111 0.7489042 14.261789 2.4122405 18.380783 -2.8733882904052734 0.23619140684604645
Pedestrian 0.0 0 1.0400714874267578 801.827392578125 169.74729919433594 825.9807739257812 209.0030975341797 1.0788544 1.7397255 0.58187205 9.15742 1.6024016 32.56974 1.3141586780548096 0.22858121991157532
Cyclist 0.0 0 1.0400714874267578 801.827392578125 169.74729919433594 825.9807739257812 209.0030975341797 1.0788544 1.7397255 0.58187205 9.15742 1.6024016 32.56974 1.3141586780548096 0.10845907777547836
Car 0.0 0 2.1142964363098145 91.3774185180664 186.21629333496094 213.78138732910156 240.71229553222656 3.5720687 1.4650639 1.5311497 -13.891309 1.9076512 22.07713 1.5526702404022217 0.8821343183517456
Car 0.0 0 1.9316315650939941 312.42755126953125 183.38494873046875 372.58502197265625 213.9408721923828 4.041643 1.4499621 1.6205046 -13.91519 2.0295782 37.659306 1.5776896476745605 0.8178113102912903
Car 0.0 0 1.8986824750900269 279.0113830566406 181.42543029785156 335.8895263671875 213.05247497558594 4.178653 1.6173089 1.6642351 -16.8068 2.1206412 40.19617 1.5026540756225586 0.7183292508125305
Car 0.0 0 2.15684175491333 4.330580711364746 175.90428161621094 125.61885070800781 221.9674072265625 4.2624297 1.6361629 1.686066 -21.080717 1.7644863 28.090832 1.5130538940429688 0.6461876630783081
Car 0.0 0 2.0175628662109375 40.6485481262207 188.94749450683594 156.23411560058594 240.95758056640625 3.9403005 1.4983284 1.6031462 -16.99856 2.0835686 24.144098 1.4041266441345215 0.6299244165420532
