Pedestrian 0.0 0 -0.6128913164138794 925.3297729492188 151.4155731201172 1030.0445556640625 302.0452575683594 0.9576791 1.7325006 0.5691679 4.40323 1.3996639 8.473147 -0.1336328387260437 0.7369263768196106
Pedestrian 0.0 0 -1.6355085372924805 838.1712036132812 172.25698852539062 868.8576049804688 241.8314971923828 0.8811874 1.7147232 0.675825 6.257521 1.5131643 17.93582 -1.299828290939331 0.27850255370140076
Pedestrian 0.0 0 -0.35450923442840576 822.7119750976562 191.49368286132812 870.4043579101562 280.8901062011719 0.695611 1.7114351 0.6841613 4.72074 1.935816 13.969399 -0.02862348034977913 0.15975114703178406
Pedestrian 0.0 0 -0.5576819181442261 49.04754638671875 190.61683654785156 107.42874908447266 251.05368041992188 1.2127442 1.6687984 0.61318207 -15.232778 1.9723028 20.420895 -1.198580026626587 0.13955391943454742
Pedestrian 0.0 0 -2.14062237739563 1115.27197265625 187.67393493652344 1224.0 370.0 0.67498034 1.6646863 0.6466286 4.315347 1.7238388 5.2843475 -1.4558242559432983 0.12253036350011826
Pedestrian 0.0 0 -0.7843532562255859 984.3609619140625 191.71420288085938 1123.2518310546875 370.0 0.66454023 1.6242061 0.57366514 3.276873 1.7152567 5.2734427 -0.22835294902324677 0.11730397492647171
Pedestrian 0.0 0 -0.41813308000564575 749.34716796875 149.8999786376953 814.2140502929688 254.52328491210938 0.9370084 1.7768158 0.60339636 3.042953 1.258784 12.382366 -0.17715942859649658 0.10890278220176697
Pedestrian 0.0 0 -1.3512120246887207 523.9071655273438 165.03298950195312 567.4216918945312 264.75006103515625 0.898737 1.7613529 0.6176698 -1.1200619 1.4897949 12.970451 -1.437353253364563 0.10327524691820145
Pedestrian 0.0 0 -2.0840530395507812 750.941162109375 170.4896240234375 794.4325561523438 258.20013427734375 0.60568225 1.7248193 0.6386363 3.3395872 1.5295966 14.279155 -1.8543040752410889 0.10132066160440445
Cyclist 0.0 0 0.47009435296058655 35.24972915649414 191.90106201171875 108.3001708984375 253.68048095703125 1.5485077 1.7231517 0.66054225 -15.35892 2.0603285 20.347216 -0.17649802565574646 0.2272820621728897
Cyclist 0.0 0 -1.9258522987365723 0.0 178.80908203125 51.7532844543457 263.0883483886719 1.8346791 1.6091667 0.60326225 -11.96284 1.5785156 14.209871 -2.6256065368652344 0.2154006063938141
Cyclist 0.0 0 -0.5931309461593628 925.4835205078125 151.7209930419922 1034.5413818359375 302.65771484375 1.011053 1.7383476 0.5678756 4.431643 1.4085822 8.476528 -0.11139959841966629 0.1352306753396988
Car 0.0 0 1.683336853981018 58.995765686035156 188.0701904296875 125.49238586425781 232.17469787597656 3.9262264 1.4652739 1.5697209 -19.003874 1.7708397 26.29947 1.0576066970825195 0.16130340099334717
Car 0.0 0 -1.3887743949890137 774.014892578125 189.8498077392578 880.9340209960938 270.04510498046875 3.7307782 1.4831123 1.588063 4.9538345 1.7172556 15.561141 -1.0805721282958984 0.10442522913217545
