Pedestrian 0.0 0 -1.8453538417816162 597.726806640625 176.68446350097656 618.7635498046875 217.76351928710938 0.9579777 1.7345314 0.67124236 -0.1219015 1.9030439 31.119501 -1.8492710590362549 0.29753929376602173
Pedestrian 0.0 0 0.75386643409729 1151.66064453125 116.70941925048828 1242.0 336.96197509765625 0.681719 1.7964567 0.65311754 5.2353377 1.3388798 6.259991 1.450363039970398 0.22911600768566132
Pedestrian 0.0 0 -1.5918262004852295 1039.612548828125 125.91616821289062 1088.100830078125 263.6521911621094 1.4786555 1.7588042 0.52793723 6.2005596 1.1597948 9.981474 -1.035959243774414 0.18174467980861664
Pedestrian 0.0 0 1.2859632968902588 798.1679077148438 157.3336639404297 856.4465942382812 287.7349853515625 0.791466 1.7941699 0.59596634 3.0396743 1.5809859 10.320973 1.5723797082901 0.17998795211315155
Cyclist 0.0 0 -1.565443992614746 1038.7830810546875 124.43755340576172 1086.028564453125 264.0400085449219 1.6609303 1.774493 0.5162799 6.220162 1.1594273 10.009175 -1.0094044208526611 0.27579593658447266
Cyclist 0.0 0 -1.8389273881912231 597.2543334960938 175.7526092529297 618.481689453125 216.84149169921875 1.022155 1.7330081 0.66613245 -0.13866113 1.860626 31.093567 -1.8433868885040283 0.15150567889213562
Car 0.0 0 1.9768545627593994 156.4019775390625 205.83041381835938 409.0678405761719 365.1977233886719 3.4985461 1.417572 1.5195643 -3.7832787 1.9045526 8.892605 1.5746104717254639 0.9079157114028931
Car 0.0 0 1.8376246690750122 358.0924377441406 185.35963439941406 486.2446594238281 274.64764404296875 3.87264 1.5698519 1.6242789 -3.8329203 1.8672162 15.181806 1.5903245210647583 0.8911260366439819
Car 0.0 0 -1.5639352798461914 619.2852783203125 177.813720703125 659.1499633789062 215.6728057861328 3.9361022 1.5021468 1.6114435 1.2301302 1.7304411 31.15406 -1.5244704484939575 0.6067588329315186
Car 0.0 0 1.914332389831543 505.37841796875 177.3087615966797 560.5382690429688 213.27340698242188 3.8279028 1.709267 1.6054579 -3.9079876 1.9497812 36.846134 1.8086650371551514 0.30872201919555664
Car 0.0 0 1.44938063621521 656.8152465820312 177.43106079101562 694.2015991210938 207.26344299316406 4.162588 1.5940125 1.6286043 3.6624436 1.869766 41.304207 1.5378193855285645 0.18492811918258667
