Pedestrian 0.0 0 1.5913573503494263 412.6275329589844 161.0607452392578 427.9068603515625 201.2882537841797 0.90679497 1.8907175 0.6881532 -9.0880165 1.3367853 34.431587 1.3332984447479248 0.41965365409851074
Pedestrian 0.0 0 -1.4803682565689087 672.6807250976562 174.66522216796875 689.9136962890625 214.78321838378906 0.8928778 1.7288892 0.6755692 3.090569 1.8099345 31.63895 -1.3829947710037231 0.15460868179798126
Cyclist 0.0 0 -1.8600364923477173 792.0130615234375 159.67825317382812 838.691650390625 229.29367065429688 1.9994398 1.7934893 0.6690426 5.4963956 1.4544032 19.590954 -1.5865105390548706 0.7303747534751892
Cyclist 0.0 0 -1.7633438110351562 848.345703125 177.85018920898438 867.4553833007812 227.50088500976562 1.5994061 1.7148409 0.34532255 8.84386 1.900192 25.897732 -1.434268832206726 0.13663122057914734
Cyclist 0.0 0 1.5772947072982788 412.5917663574219 160.62806701660156 427.82281494140625 201.20848083496094 1.0557467 1.9027216 0.69252706 -9.091309 1.329834 34.42596 1.319106101989746 0.12965144217014313
Cyclist 0.0 0 -3.1446170806884766 655.6332397460938 172.51556396484375 688.1188354492188 208.05532836914062 1.6464056 1.804577 0.67350405 3.1360364 1.7877511 37.036877 -3.060145139694214 0.1124284416437149
Car 0.0 0 -1.5637712478637695 582.9013671875 178.76222229003906 653.02392578125 245.75363159179688 4.4266167 1.568509 1.6812031 0.17655252 1.746879 19.510305 -1.5547223091125488 0.8395485877990723
Car 0.0 0 2.2688207626342773 0.0 189.37454223632812 65.93014526367188 236.75811767578125 3.651587 1.4703791 1.580298 -21.429787 2.0962048 25.487991 1.5697038173675537 0.32436174154281616
Car 0.0 0 1.8459473848342896 507.1675720214844 176.5153045654297 549.6421508789062 201.21060180664062 4.181991 1.4880723 1.6354796 -5.213413 1.7346408 46.322365 1.733872652053833 0.1701880544424057
Car 0.0 0 0.6659300327301025 0.0 139.58038330078125 310.7926940917969 334.03125 3.6925426 1.6456494 1.6428751 -5.139435 1.3644108 6.982733 0.03143596649169922 0.13113495707511902
