Car 0.0 0 -1.3508468866348267 438.14825439453125 183.20285034179688 508.11279296875 230.6136932373047 3.7154613 1.5035033 1.5854546 -4.574068 1.4408034 24.678305 -1.5341148376464844 0.8576658964157104
Car 0.0 0 -1.0277435779571533 70.49097442626953 181.75169372558594 279.87933349609375 270.06103515625 4.1583953 1.5053668 1.634407 -8.379476 1.4474487 14.340845 -1.5565452575683594 0.8429792523384094
Car 0.0 0 -1.24061918258667 293.7403259277344 191.2609405517578 454.81927490234375 285.94427490234375 4.0818377 1.479679 1.6178995 -4.2274394 1.6121902 13.556333 -1.5429048538208008 0.8263707160949707
Car 0.0 0 -1.3288969993591309 390.17840576171875 177.9530792236328 445.80517578125 212.4139862060547 3.8445084 1.4996984 1.6104634 -8.72798 1.1847696 33.21417 -1.585866093635559 0.7392725348472595
Car 0.0 0 -1.5654338598251343 578.556396484375 180.4595489501953 609.2493896484375 208.18316650390625 3.9537654 1.4598523 1.6164445 -0.788224 1.2105378 39.837605 -1.5852172374725342 0.7118787169456482
Car 0.0 0 -1.228444218635559 267.0411682128906 177.0260009765625 342.3956604003906 216.53125 4.018324 1.5335689 1.6361738 -12.557252 1.2167817 29.952604 -1.625423789024353 0.6876412630081177
Car 0.0 0 -1.227604866027832 286.4471130371094 187.89308166503906 377.5235595703125 237.35194396972656 3.422117 1.4017903 1.572261 -8.48331 1.492365 22.284239 -1.5913516283035278 0.6404086947441101
Car 0.0 0 2.3434484004974365 0.0 202.98252868652344 91.6349105834961 374.25628662109375 3.8744721 1.4100239 1.5769907 -8.155302 1.6633877 8.25945 1.5643949508666992 0.5664215087890625
Car 0.0 0 -1.453644037246704 479.0609130859375 181.67005920410156 521.978759765625 214.91415405273438 3.842694 1.5176519 1.6150789 -5.160297 1.3569188 34.758152 -1.6010303497314453 0.5425493121147156
Car 0.0 0 -1.1327935457229614 370.0643005371094 179.87863159179688 420.86907958984375 205.41836547851562 3.5414891 1.451494 1.5397606 -12.584959 1.1493052 42.71745 -1.419297456741333 0.4521862268447876
Car 0.0 0 -0.7393105626106262 57.07025909423828 189.37168884277344 224.36122131347656 248.67367553710938 3.7299051 1.4311674 1.5900686 -12.616534 1.5574274 19.632786 -1.3104842901229858 0.4374575912952423
