Pedestrian 0.0 0 -0.5507156848907471 856.5881958007812 151.76004028320312 890.8085327148438 213.0345458984375 0.78264195 1.8138872 0.573593 7.8862095 1.1898084 21.716276 -0.20237663388252258 0.3847614824771881
Pedestrian 0.0 0 2.4000401496887207 747.394775390625 127.84339904785156 799.1311645507812 225.44175720214844 0.80315286 1.8670918 0.6004545 3.1742153 1.0063806 14.261112 2.619048595428467 0.3739948868751526
Cyclist 0.0 0 -1.131241798400879 210.14561462402344 194.07394409179688 255.7718963623047 258.02166748046875 1.7102584 1.6910803 0.4687934 -10.742186 2.320306 20.51615 -1.6135879755020142 0.5323609709739685
Car 0.0 0 -1.836513638496399 765.4415283203125 177.80360412597656 968.9685668945312 314.04351806640625 3.368649 1.4034299 1.5526309 3.0103526 1.4792254 9.274613 -1.522661805152893 0.927544355392456
Car 0.0 0 1.9975506067276 192.48854064941406 198.8133544921875 371.11981201171875 297.2993469238281 3.8750136 1.4688077 1.6048783 -6.059426 2.0332847 13.7305565 1.5819470882415771 0.8708356022834778
Car 0.0 0 1.7753939628601074 462.1707763671875 185.02552795410156 508.2812805175781 217.7053985595703 3.6167753 1.5034245 1.5906938 -6.274386 2.1486619 36.391933 1.604660987854004 0.8568456768989563
Car 0.0 0 -2.296424150466919 926.7113037109375 203.46182250976562 1242.0 375.0 3.856587 1.3975081 1.5521859 2.926848 1.6149123 3.170521 -1.5509682893753052 0.7006336450576782
Car 0.0 0 -1.688614010810852 643.20947265625 174.89852905273438 680.6993408203125 203.67535400390625 3.9752505 1.5088466 1.6139863 2.804664 1.6286906 40.14115 -1.6188573837280273 0.6591036915779114
Car 0.0 0 1.7926801443099976 482.37396240234375 184.80825805664062 523.483642578125 213.2965087890625 3.7723742 1.5157436 1.5739311 -6.2085853 2.2433887 41.95517 1.645764946937561 0.40505820512771606
Car 0.0 0 2.0857620239257812 229.13143920898438 192.3822784423828 291.2762756347656 220.31687927246094 3.898631 1.4869573 1.6404511 -20.894562 2.7105663 43.19633 1.6352299451828003 0.3229978084564209
Car 0.0 0 2.054201126098633 278.4964904785156 190.04656982421875 338.6413879394531 217.398193359375 3.9851458 1.4629434 1.6637377 -18.017204 2.54262 43.235786 1.6593648195266724 0.3218502104282379
