Car 0.0 0 -0.44833657145500183 708.4475708007812 174.64759826660156 933.9703369140625 260.4153747558594 4.021301 1.5813297 1.7005824 4.126148 1.6207523 14.531158 -0.1716671586036682 0.8308651447296143
Car 0.0 0 0.39789777994155884 93.33243560791016 176.04373168945312 337.14447021484375 256.82476806640625 4.19507 1.5822142 1.7004277 -8.22416 1.654681 15.260544 -0.096396304666996 0.8205556869506836
Car 0.0 0 -0.30300432443618774 652.3272705078125 174.3663787841797 772.8727416992188 221.0823211669922 3.8599408 1.5592164 1.6688938 3.510416 1.614988 25.293808 -0.165099635720253 0.7730472087860107
Car 0.0 0 3.674846649169922 0.0 185.93536376953125 203.82940673828125 318.0851135253906 3.9621515 1.4525372 1.5995004 -7.7156467 1.6408396 9.2556715 2.97994327545166 0.7481095790863037
Car 0.0 0 3.5462546348571777 181.91905212402344 185.9773406982422 372.0829772949219 250.63150024414062 3.9375718 1.4871967 1.6387411 -8.157478 1.8273991 17.814465 3.116839647293091 0.7244882583618164
Car 0.0 0 0.7590904831886292 0.0 192.9639434814453 119.0445785522461 374.14202880859375 3.956525 1.4664164 1.6187738 -7.3427567 1.6861421 6.9541073 -0.053485188633203506 0.6759515404701233
Car 0.0 0 3.358064889907837 298.86517333984375 176.3850555419922 430.2047119140625 222.2061767578125 4.1776786 1.5586916 1.680876 -8.7149725 1.6903815 25.769659 3.031952142715454 0.6674725413322449
Car 0.0 0 0.4236292839050293 228.4607391357422 182.68023681640625 398.111328125 239.96572875976562 4.154678 1.5376191 1.6843685 -8.426379 1.8309172 20.59295 0.03522777557373047 0.587989866733551
Car 0.0 0 -1.7360492944717407 457.4795837402344 175.09449768066406 483.0600891113281 193.3402099609375 3.7933025 1.5375409 1.598904 -12.318605 1.7410401 63.361717 -1.9280710220336914 0.48431864380836487
Car 0.0 0 -0.3096110224723816 635.240966796875 174.5094757080078 749.64453125 217.88278198242188 4.0342784 1.5832744 1.6816756 3.0829954 1.6498857 27.651398 -0.1985745131969452 0.41758859157562256
