Pedestrian 0.0 0 -1.4839072227478027 292.6148986816406 172.00613403320312 338.0748596191406 274.1499328613281 0.7558062 1.7706162 0.69595975 -5.334731 1.7562767 12.969378 -1.8741449117660522 0.28507137298583984
Pedestrian 0.0 0 1.7907568216323853 0.0 135.7559356689453 51.97757339477539 257.2872009277344 0.9519682 1.8216263 0.63512594 -9.363821 1.2659229 11.38044 1.1022675037384033 0.26218095421791077
Pedestrian 0.0 0 2.2139172554016113 266.01092529296875 174.64938354492188 302.5818786621094 236.81497192382812 0.7687329 1.7458087 0.62160766 -9.397399 1.798852 20.72827 1.7882715463638306 0.23471203446388245
Pedestrian 0.0 0 -1.9406425952911377 439.9692077636719 175.13890075683594 467.2912292480469 228.78688049316406 0.7225258 1.7561296 0.67736447 -5.280736 1.8345065 24.146103 -2.155951976776123 0.21767643094062805
Cyclist 0.0 0 1.861364722251892 0.0 133.53952026367188 51.547203063964844 258.9020080566406 1.1231549 1.8482232 0.64189625 -9.355885 1.2689663 11.277288 1.168820858001709 0.11161313951015472
Car 0.0 0 -1.4166128635406494 443.39801025390625 181.98538208007812 534.4544067382812 249.5841064453125 3.8455923 1.4184487 1.6059229 -2.87909 1.6658403 17.587967 -1.578870415687561 0.8585754036903381
Car 0.0 0 1.8867132663726807 241.7617950439453 170.665283203125 478.84039306640625 319.7901611328125 4.293484 1.577059 1.6949869 -3.0891068 1.5542703 9.782982 1.5808581113815308 0.8358968496322632
Car 0.0 0 1.491560697555542 638.5388793945312 176.9530029296875 678.5409545898438 209.71319580078125 3.8838046 1.4517338 1.588984 2.2229614 1.6587065 34.41367 1.5560663938522339 0.714649498462677
Car 0.0 0 -2.430712938308716 935.427734375 216.44061279296875 1242.0 375.0 3.8787487 1.4255794 1.5795275 2.4914756 1.6678035 2.0433855 -1.546824336051941 0.4223212003707886
Car 0.0 0 1.696938157081604 554.2739868164062 169.63673400878906 583.4760131835938 194.37843322753906 3.9812357 1.7543018 1.6636679 -3.0207655 1.5265393 53.20114 1.64021897315979 0.42121586203575134
Car 0.0 0 0.3051077127456665 297.14129638671875 173.30746459960938 455.05718994140625 231.1726531982422 3.970915 1.583285 1.6727654 -6.6338143 1.5971264 20.602087 -0.006405845284461975 0.23249419033527374
