Pedestrian 0.0 0 -2.143239974975586 940.5892333984375 181.4376983642578 975.5308227539062 240.0178985595703 0.6833805 1.7247641 0.68671304 10.432271 1.988266 21.735044 -1.6957405805587769 0.24763649702072144
Pedestrian 0.0 0 -1.6097662448883057 781.9968872070312 158.00775146484375 795.5828857421875 195.73292541503906 0.7090467 1.8968132 0.64223814 9.050274 1.150705 36.687958 -1.3679124116897583 0.16829703748226166
Pedestrian 0.0 0 -0.5875674486160278 908.4664916992188 163.20404052734375 943.6517333984375 219.3878631591797 0.86315966 1.8078877 0.60440826 10.28284 1.4977285 23.588238 -0.17647480964660645 0.14484702050685883
Pedestrian 0.0 0 2.4166667461395264 964.44189453125 139.66461181640625 1006.1061401367188 210.72998046875 0.75047344 1.8703299 0.6510819 10.034131 0.9971949 19.394547 2.8941125869750977 0.1307370811700821
Pedestrian 0.0 0 2.5903968811035156 892.9759521484375 144.6836700439453 936.9452514648438 220.54722595214844 0.8027453 1.8370949 0.60453784 7.4809303 1.1552867 17.830088 2.9876575469970703 0.1259130835533142
Pedestrian 0.0 0 -0.6792322397232056 1032.899169921875 181.19033813476562 1085.8021240234375 255.19879150390625 0.88178694 1.7781128 0.67213595 11.03308 1.98874 17.808489 -0.12456846237182617 0.12048853188753128
Cyclist 0.0 0 -1.6123504638671875 717.7137451171875 157.5206756591797 730.5050659179688 200.8978729248047 1.617368 1.7341822 0.4492696 4.644017 1.1215272 29.672651 -1.457101583480835 0.16381478309631348
Car 0.0 0 -0.38551247119903564 803.7002563476562 173.1629180908203 958.3070068359375 229.52520751953125 3.7891154 1.5384684 1.6400597 7.602661 1.5480158 20.581633 -0.031668681651353836 0.7323161363601685
Car 0.0 0 -1.6305885314941406 630.4241333007812 171.0853271484375 662.0647583007812 198.13803100585938 3.85441 1.5380713 1.6451594 2.0822752 1.4378717 42.956413 -1.582152247428894 0.6678847670555115
Car 0.0 0 -0.913689136505127 344.84918212890625 161.63433837890625 459.1794738769531 214.09869384765625 3.8243697 1.5840209 1.633687 -6.8072667 1.2456311 23.860878 -1.1915963888168335 0.23690339922904968
Car 0.0 0 1.792954921722412 0.0 145.0760040283203 61.298580169677734 375.0 3.8834193 1.519235 1.5926017 -6.219222 1.3507229 6.457076 1.0263183116912842 0.14538423717021942
