Pedestrian 0.0 0 -2.547426223754883 192.71304321289062 172.11532592773438 259.1319274902344 286.5932922363281 0.69140697 1.7500365 0.62942034 -6.096961 1.739102 11.375801 -3.0394253730773926 0.31110015511512756
Pedestrian 0.0 0 2.4458870887756348 19.727569580078125 164.37330627441406 124.59226989746094 324.1957092285156 0.7682755 1.7183002 0.57083386 -6.142487 1.6274796 8.194168 1.802631139755249 0.28241166472435
Pedestrian 0.0 0 1.7981131076812744 689.6683959960938 158.19766235351562 713.211669921875 214.73544311523438 0.75424063 1.8546609 0.6286249 3.017081 1.3742336 24.128841 1.922507882118225 0.19413864612579346
Pedestrian 0.0 0 2.6577258110046387 881.981689453125 160.0491485595703 955.2555541992188 297.6863098144531 0.693384 1.7364122 0.5674344 3.9601314 1.5752256 9.412401 3.055978775024414 0.1414773017168045
Pedestrian 0.0 0 -1.642211675643921 987.2815551757812 159.6927490234375 1070.5762939453125 350.46270751953125 0.6737723 1.7420154 0.64992535 4.00212 1.6221913 7.030097 -1.1246838569641113 0.12994763255119324
Cyclist 0.0 0 -0.26700589060783386 507.1461181640625 181.86737060546875 539.1484375 214.19642639160156 1.6429616 1.7584971 0.70903647 -4.8796697 2.269534 40.23932 -0.38768285512924194 0.16778956353664398
Cyclist 0.0 0 1.1297214031219482 0.0 126.41967010498047 48.799930572509766 217.13088989257812 1.5532917 1.7689385 0.5610913 -12.213142 0.8637912 14.649363 0.4347679615020752 0.13175596296787262
Car 0.0 0 -1.4242511987686157 414.6134033203125 185.04701232910156 495.2688903808594 248.44357299804688 3.4338686 1.4488032 1.5785302 -4.0179105 1.7988515 18.927675 -1.6334232091903687 0.9278052449226379
Car 0.0 0 1.6899396181106567 464.9322509765625 178.3866729736328 523.9578247070312 227.41122436523438 3.804743 1.5630109 1.6062104 -4.028688 1.7727314 25.369246 1.5324525833129883 0.8749709129333496
Car 0.0 0 3.557372808456421 0.0 174.40457153320312 269.0526123046875 275.2477111816406 4.079389 1.6273496 1.697163 -8.554408 1.657895 12.861025 2.970426559448242 0.8103079795837402
Car 0.0 0 1.860992670059204 501.5419616699219 177.45697021484375 547.4992065429688 205.67160034179688 3.8734374 1.5329065 1.610673 -4.943543 1.8137133 41.912594 1.7435863018035889 0.14350639283657074
