Pedestrian 0.0 0 -2.409058094024658 30.771595001220703 158.02764892578125 144.66033935546875 307.9586486816406 0.8913643 1.7296009 0.66832304 -6.268904 1.4720445 8.527952 -3.042955160140991 0.7722256779670715
Pedestrian 0.0 0 -1.541612148284912 840.240966796875 174.64759826660156 868.7142944335938 244.58265686035156 0.8004133 1.718382 0.65715003 6.2712383 1.5761793 17.859446 -1.20391845703125 0.2397768348455429
Pedestrian 0.0 0 -0.5801342129707336 50.721702575683594 185.8486785888672 104.3143539428711 245.4348907470703 1.0802732 1.6591896 0.615511 -15.24569 1.8197908 20.405642 -1.2217967510223389 0.16617488861083984
Pedestrian 0.0 0 -3.3510794639587402 825.0250244140625 190.01937866210938 867.543701171875 279.430419921875 0.6629859 1.7083246 0.69243133 4.7144833 1.9032199 13.967801 -3.0255610942840576 0.1437952071428299
Pedestrian 0.0 0 -1.826220989227295 838.4839477539062 149.91761779785156 892.39013671875 254.58798217773438 1.3007134 1.7551315 0.5796533 4.5455713 1.2439702 12.525341 -1.4780917167663574 0.1408797800540924
Pedestrian 0.0 0 -1.9497365951538086 1118.6898193359375 189.2906951904297 1224.0 370.0 0.6657947 1.6632593 0.65857804 4.324819 1.7362162 5.3094482 -1.2661855220794678 0.1135937049984932
Pedestrian 0.0 0 -0.745168149471283 984.9837036132812 191.7373809814453 1124.3055419921875 370.0 0.66173375 1.6219919 0.57817614 3.2850368 1.7131828 5.2792807 -0.18854819238185883 0.11112679541110992
Cyclist 0.0 0 0.5331156253814697 39.1480827331543 186.05865478515625 106.84880828857422 246.21331787109375 1.4421777 1.6933628 0.62360376 -15.339551 1.8581178 20.361513 -0.11253248900175095 0.24989299476146698
Cyclist 0.0 0 -1.7689452171325684 842.7713623046875 146.1501007080078 896.3045654296875 252.74717712402344 1.6727082 1.7361175 0.5493639 4.556205 1.1783227 12.379203 -1.4162788391113281 0.18271781504154205
Cyclist 0.0 0 -2.0615079402923584 0.0 178.9484100341797 58.2910270690918 263.1829528808594 1.7912189 1.6227214 0.5581356 -11.909493 1.594464 14.2090225 -2.7590904235839844 0.1581331491470337
Cyclist 0.0 0 -2.443018913269043 23.729318618774414 162.46188354492188 145.33786010742188 311.4697265625 0.9881221 1.7176834 0.6565639 -6.2872157 1.5114337 8.5037365 -3.079667329788208 0.1319238692522049
Cyclist 0.0 0 -2.0372722148895264 1147.909423828125 159.4378204345703 1224.0 260.6485900878906 1.6793349 1.6195377 0.5554437 10.079877 1.284163 12.189387 -1.3463196754455566 0.13022159039974213
Car 0.0 0 1.4161269664764404 1191.0208740234375 195.10670471191406 1224.0 370.0 3.8085613 1.483381 1.5838871 5.9137206 1.6462672 5.7979207 2.2114124298095703 0.12401900440454483
