Pedestrian 0.0 0 -1.0031859874725342 126.47489929199219 152.25912475585938 239.62046813964844 283.9756164550781 1.6016283 1.6675996 0.57091355 -5.8765154 1.4072155 9.942298 -1.5370075702667236 0.15062661468982697
Cyclist 0.0 0 -1.0382037162780762 132.8153533935547 146.7967071533203 246.4536895751953 278.4218444824219 1.7159507 1.6820891 0.58077186 -5.859136 1.3494505 10.07776 -1.5648289918899536 0.36840200424194336
Car 0.0 0 -1.9775261878967285 774.9334716796875 166.47872924804688 1068.0416259765625 340.33624267578125 3.4030573 1.4433675 1.5520811 2.9405231 1.3907979 7.7206655 -1.6136244535446167 0.9067752957344055
Car 0.0 0 -1.8124048709869385 700.8756103515625 162.15687561035156 845.5494384765625 266.09954833984375 3.4142442 1.5077448 1.5622176 2.5392249 1.3529348 12.197946 -1.6071677207946777 0.9017678499221802
Car 0.0 0 1.8192064762115479 321.432861328125 168.05055236816406 467.6409912109375 264.0539245605469 4.0088587 1.5015157 1.6145178 -3.8218596 1.4267464 13.310905 1.5396053791046143 0.8688054084777832
Car 0.0 0 1.780452847480774 406.15838623046875 165.8434600830078 501.837158203125 228.94903564453125 4.13257 1.4812162 1.6245402 -4.019946 1.3170227 19.000433 1.5719561576843262 0.818938136100769
Car 0.0 0 -1.7769805192947388 660.953369140625 163.6040496826172 759.6926879882812 230.66893005371094 4.103674 1.4957639 1.6224126 2.346359 1.2898182 18.198664 -1.6487575769424438 0.7631314396858215
Car 0.0 0 1.7332313060760498 448.70172119140625 163.911376953125 510.99395751953125 210.40603637695312 3.6446278 1.4678354 1.5194175 -4.4052706 1.1858749 24.609455 1.5561001300811768 0.4741538166999817
Car 0.0 0 1.4075286388397217 661.0584106445312 160.64187622070312 731.3790283203125 212.91476440429688 3.9835474 1.5363427 1.5981306 2.6359053 1.1777766 23.233263 1.5204994678497314 0.3496464192867279
Car 0.0 0 1.7919132709503174 470.88970947265625 165.1792449951172 529.555908203125 204.46685791015625 3.783779 1.4891299 1.561279 -4.423975 1.1985892 29.288536 1.641998529434204 0.32692429423332214
