Pedestrian 0.0 0 -1.9258229732513428 915.3408203125 107.1925048828125 1015.0910034179688 286.353759765625 0.9872765 1.7793963 0.6432524 3.693418 1.1276165 7.684803 -1.4778046607971191 0.4477643072605133
Pedestrian 0.0 0 2.439945697784424 956.166748046875 132.5983123779297 1007.2341918945312 208.06419372558594 0.9366645 1.8466339 0.6540945 9.257822 0.86194396 18.077702 2.913236618041992 0.2990773916244507
Pedestrian 0.0 0 2.446709632873535 1018.411376953125 137.07130432128906 1098.4644775390625 270.5956115722656 0.7330527 1.8064729 0.6089142 6.219367 1.3227205 10.112805 2.9980850219726562 0.26390939950942993
Cyclist 0.0 0 -2.601389169692993 157.63783264160156 184.991455078125 309.06756591796875 301.7727355957031 1.8735751 1.6560057 0.7679905 -5.6354604 1.8447196 10.757175 -3.0839571952819824 0.4500260651111603
Cyclist 0.0 0 -1.9112647771835327 912.8671264648438 109.91236114501953 1013.072998046875 288.28790283203125 1.0271263 1.7702371 0.6476332 3.676418 1.1459486 7.702583 -1.4659441709518433 0.25064560770988464
Cyclist 0.0 0 2.537344217300415 953.7378540039062 129.26666259765625 1007.447021484375 205.40951538085938 1.0104675 1.866995 0.64289397 9.226482 0.7986074 18.074364 3.009335517883301 0.14496564865112305
Car 0.0 0 -1.3738373517990112 439.3978576660156 185.47952270507812 553.7536010742188 266.60089111328125 4.274416 1.4382946 1.6187419 -2.3433287 1.7504183 15.64062 -1.5225543975830078 0.8558617234230042
Car 0.0 0 -1.442455530166626 510.00433349609375 177.8754119873047 572.6126708984375 224.27223205566406 4.034283 1.4123098 1.6049483 -2.2863505 1.5970482 24.44721 -1.5357062816619873 0.7821887135505676
Car 0.0 0 -1.653356671333313 675.38232421875 170.68992614746094 723.072509765625 209.89474487304688 3.7803423 1.4776086 1.588055 3.4946814 1.3964033 29.1098 -1.5338767766952515 0.6783797740936279
Car 0.0 0 1.7325594425201416 656.255126953125 171.96841430664062 691.5974731445312 196.21096801757812 4.0544586 1.4890556 1.6376623 4.130213 1.4350176 46.483315 1.8211803436279297 0.4310450255870819
Car 0.0 0 -2.407731056213379 0.0 0.0 1242.0 375.0 4.0579987 1.4873502 1.6225977 2.8061335 1.4511755 1.3768246 -1.2930729389190674 0.34846723079681396
Car 0.0 0 -1.7507299184799194 703.0029907226562 176.40875244140625 802.7713012695312 248.25741577148438 3.7917156 1.4652333 1.5882794 3.1464858 1.5577317 16.799788 -1.5655817985534668 0.31738290190696716
