Pedestrian 0.0 0 -1.063157320022583 381.3427429199219 160.0758819580078 424.9772644042969 244.5587158203125 0.6797188 1.7059674 0.61902165 -4.3343353 1.4482958 14.967835 -1.3450241088867188 0.5452337265014648
Pedestrian 0.0 0 -1.7861404418945312 850.1784057617188 137.46359252929688 903.6365966796875 239.27024841308594 0.9475183 1.7747132 0.7199226 4.773249 1.1581385 13.092911 -1.4365473985671997 0.338481068611145
Cyclist 0.0 0 -1.9564039707183838 818.7962646484375 127.41344451904297 874.97705078125 215.3192138671875 1.7737116 1.7888706 0.51581883 5.033157 0.86451924 15.583792 -1.6440057754516602 0.4504850506782532
Cyclist 0.0 0 -1.200466513633728 290.61077880859375 125.1739501953125 352.8096923828125 227.06947326660156 1.7017027 1.7455146 0.47663385 -5.2944946 0.9290924 13.210892 -1.581634283065796 0.35909342765808105
Car 0.0 0 -1.8542983531951904 721.6561279296875 178.64186096191406 920.0030517578125 305.9784851074219 3.7931073 1.4134765 1.5746602 2.6403 1.5102454 10.098566 -1.5985697507858276 0.8813866376876831
Car 0.0 0 -1.3068552017211914 373.4848327636719 175.66046142578125 532.41943359375 282.58135986328125 4.2001805 1.5313761 1.6262181 -2.568081 1.5890694 12.591135 -1.5080549716949463 0.858343243598938
Car 0.0 0 -1.2806522846221924 160.2136993408203 174.60073852539062 473.9957275390625 375.0 4.4250493 1.4820964 1.6205174 -2.5932448 1.5059414 7.452771 -1.6155060529708862 0.8466581106185913
Car 0.0 0 -1.6708770990371704 663.101806640625 169.400390625 719.837646484375 215.35079956054688 3.8860242 1.5224084 1.6206366 2.7986143 1.408343 25.852154 -1.563042402267456 0.8174598813056946
Car 0.0 0 -2.021845817565918 787.1541137695312 167.9618377685547 1242.0 375.0 3.8938296 1.4828907 1.605264 2.3402348 1.4649872 4.6495447 -1.5555411577224731 0.7396338582038879
Car 0.0 0 -1.7141486406326294 646.8130493164062 170.8192596435547 688.7569580078125 202.60916137695312 4.0948467 1.6069446 1.6553284 2.9948542 1.5044491 38.567642 -1.6366521120071411 0.5584333539009094
Car 0.0 0 -1.5716663599014282 549.8060302734375 170.54208374023438 581.2376708984375 199.6464385986328 4.116427 1.5159303 1.636369 -2.4860983 1.3958701 39.685253 -1.6342300176620483 0.4669114649295807
Car 0.0 0 -1.3115836381912231 424.71990966796875 178.86195373535156 527.499267578125 249.45262145996094 3.5848074 1.4963989 1.5684723 -3.1661818 1.6575313 17.456575 -1.4910078048706055 0.37917032837867737
