Pedestrian 0.0 0 -3.5593321323394775 1016.1657104492188 183.11575317382812 1047.4378662109375 231.6529083251953 0.78040665 1.7551575 0.69712794 15.524573 2.1400042 26.642689 -3.031733751296997 0.3660416603088379
Pedestrian 0.0 0 -0.6890325546264648 901.3788452148438 181.85301208496094 945.5437622070312 247.75375366210938 0.8570372 1.7726179 0.7253787 8.635459 2.0282862 20.000496 -0.2814481556415558 0.3261984586715698
Pedestrian 0.0 0 -3.4193592071533203 926.3463134765625 172.87533569335938 949.9273071289062 217.36758422851562 0.73196274 1.7865514 0.611693 13.290545 1.787787 29.32676 -2.993856906890869 0.27016302943229675
Pedestrian 0.0 0 -1.9586222171783447 1001.1289672851562 167.1414794921875 1035.15771484375 224.0278778076172 0.96083957 1.8333808 0.65976673 13.389356 1.649631 23.7694 -1.445623517036438 0.1753981113433838
Pedestrian 0.0 0 -2.359257698059082 1096.451416015625 162.00279235839844 1123.4249267578125 203.6417236328125 0.7024213 1.7828861 0.6571755 21.64097 1.3186195 31.297148 -1.7542810440063477 0.1618986874818802
Pedestrian 0.0 0 -0.5518872737884521 914.5214233398438 175.55838012695312 941.9608154296875 226.50604248046875 0.6690136 1.7942868 0.6248395 11.332228 1.8926947 25.801762 -0.13804775476455688 0.15081891417503357
Pedestrian 0.0 0 1.0822176933288574 1087.783203125 120.79999542236328 1140.986328125 205.65560913085938 0.9042254 1.9124931 0.663768 11.641634 0.7396472 16.747696 1.6896599531173706 0.15011267364025116
Pedestrian 0.0 0 -1.5960150957107544 637.091796875 148.02325439453125 649.5427856445312 183.79945373535156 0.687207 1.965362 0.67112297 1.8080071 0.6016454 39.985104 -1.5508288145065308 0.13952171802520752
Cyclist 0.0 0 -0.95241779088974 1015.3312377929688 173.21096801757812 1040.5079345703125 198.87887573242188 1.8037541 1.7842642 0.6006038 29.40936 1.8100839 50.81917 -0.42780280113220215 0.23463760316371918
Cyclist 0.0 0 -3.728400707244873 1120.392333984375 201.24212646484375 1242.0 325.9605712890625 1.75602 1.6939018 0.7922649 8.546522 2.1260943 10.494125 -3.0449345111846924 0.18760821223258972
Cyclist 0.0 0 -0.6921920776367188 903.2288818359375 181.65542602539062 948.940185546875 246.8181610107422 0.8970567 1.7527134 0.7374311 8.713406 2.0030673 20.012976 -0.2815558910369873 0.11577945947647095
Car 0.0 0 -1.7182855606079102 753.6823120117188 186.8997344970703 821.9380493164062 238.02053833007812 3.9319022 1.5108188 1.665995 5.889894 2.0271316 24.470142 -1.482081413269043 0.8822307586669922
Car 0.0 0 -2.2987403869628906 0.0 0.0 1242.0 375.0 4.087815 1.4845024 1.6246804 3.086662 1.6062329 2.052828 -1.3148362636566162 0.3132588267326355
