Pedestrian 0.0 0 -1.709815263748169 817.4679565429688 165.57754516601562 859.454345703125 255.51260375976562 0.92962885 1.6913608 0.6545818 4.3924775 1.5548743 14.078696 -1.4073909521102905 0.7153635621070862
Pedestrian 0.0 0 1.553884744644165 532.7706909179688 178.1597137451172 551.8914794921875 228.6658172607422 0.71545017 1.7251462 0.64901435 -2.4045868 1.9131011 25.117136 1.4584406614303589 0.4552977979183197
Pedestrian 0.0 0 1.2986220121383667 1169.1246337890625 104.43083953857422 1239.7225341796875 224.0997314453125 0.9171829 1.8385962 0.6529205 9.507015 0.7876987 11.634037 1.9837466478347778 0.37097078561782837
Cyclist 0.0 0 -1.7058842182159424 848.9871215820312 152.1259307861328 886.5983276367188 242.20018005371094 1.8618749 1.7921327 0.49689543 5.3972116 1.3800815 15.315045 -1.367061972618103 0.367379754781723
Cyclist 0.0 0 -1.709815263748169 817.4679565429688 165.57754516601562 859.454345703125 255.51260375976562 0.92962885 1.6913608 0.6545818 4.3924775 1.5548743 14.078696 -1.4073909521102905 0.19382193684577942
Car 0.0 0 1.4999659061431885 339.5016784667969 185.206787109375 427.3044128417969 260.377197265625 3.9909735 1.4314246 1.6164988 -5.3572426 1.7528408 16.59761 1.1877505779266357 0.8536891341209412
Car 0.0 0 0.46840667724609375 175.4931182861328 182.27220153808594 313.090087890625 226.21461486816406 4.356883 1.5948172 1.7226151 -13.858135 1.9643247 27.415998 0.0003876686096191406 0.8532660007476807
Car 0.0 0 2.206012725830078 0.0 203.55978393554688 279.5156555175781 375.0 3.6364532 1.4127752 1.5119123 -3.6465807 1.6840596 4.5136695 1.526474952697754 0.8433215618133545
Car 0.0 0 2.6493000984191895 622.6812133789062 173.7332305908203 716.4696044921875 207.0714111328125 4.6699314 1.6805558 1.7656373 3.1259966 1.7295913 38.202892 2.7309443950653076 0.7542129158973694
Car 0.0 0 2.465250015258789 483.6542053222656 179.47225952148438 575.540283203125 215.01727294921875 4.2840176 1.5696512 1.692329 -3.8539605 1.9082747 34.761528 2.354832410812378 0.6775789260864258
Car 0.0 0 3.3898537158966064 312.4422912597656 189.48028564453125 369.90960693359375 210.14834594726562 3.92237 1.5361863 1.6297054 -20.958721 2.8572896 56.29241 3.033435821533203 0.4028828740119934
