Pedestrian 0.0 0 -3.676185131072998 985.3610229492188 146.2012481689453 1087.181396484375 308.3309631347656 0.75457 1.6705836 0.5480502 4.5419254 1.3188616 7.556954 -3.135011672973633 0.6664647459983826
Pedestrian 0.0 0 -0.18690913915634155 628.5381469726562 169.56141662597656 687.3773803710938 269.0461120605469 0.97887325 1.7752835 0.6058401 0.9180448 1.581729 12.969806 -0.11624377220869064 0.21304933726787567
Pedestrian 0.0 0 -1.4857375621795654 838.9808349609375 176.1584014892578 869.0703125 246.7699737548828 0.814846 1.7331153 0.6517233 6.257904 1.6281515 17.854269 -1.148618221282959 0.20888713002204895
Pedestrian 0.0 0 -0.34230920672416687 822.7506103515625 189.4615936279297 869.7000122070312 279.9295959472656 0.6862851 1.7326901 0.68052983 4.7080507 1.9155927 13.951286 -0.016846060752868652 0.16615037620067596
Pedestrian 0.0 0 1.9401671886444092 255.7373504638672 172.995361328125 308.1370544433594 266.0629577636719 0.79819834 1.7475605 0.68295336 -6.2849183 1.6082796 13.690687 1.5098001956939697 0.13929367065429688
Pedestrian 0.0 0 -2.030055522918701 1113.418212890625 188.5444793701172 1224.0 370.0 0.64401925 1.6544771 0.6729446 4.309723 1.7211425 5.316204 -1.3488383293151855 0.13854117691516876
Pedestrian 0.0 0 1.564691185951233 968.306640625 145.343505859375 1012.1241455078125 262.66656494140625 1.7214886 1.7632333 0.5854704 6.2177496 1.2365317 11.518568 2.059671401977539 0.12330467253923416
Pedestrian 0.0 0 -0.8648117780685425 984.39013671875 193.77078247070312 1123.3785400390625 370.0 0.6535943 1.6326642 0.59884304 3.2911797 1.741013 5.2922435 -0.30845385789871216 0.1188848465681076
Cyclist 0.0 0 1.5985376834869385 965.6454467773438 144.1068572998047 1010.889892578125 261.1229248046875 1.7600772 1.7449409 0.6000162 6.1838074 1.2039089 11.450786 2.0936968326568604 0.3661811351776123
Cyclist 0.0 0 -2.3782877922058105 0.0 175.04129028320312 88.1299819946289 258.0044860839844 1.9509963 1.6167266 0.7540457 -11.665027 1.5119828 14.223888 -3.0651657581329346 0.27630701661109924
Cyclist 0.0 0 -1.6846188306808472 868.8495483398438 181.93284606933594 938.4308471679688 303.12060546875 1.9725378 1.5954857 0.7040353 4.285091 1.6202884 10.373205 -1.292877197265625 0.1383640170097351
Cyclist 0.0 0 2.06392240524292 52.4124641418457 150.2373809814453 135.4820098876953 248.42347717285156 1.644606 1.693698 0.5283113 -9.423559 1.1733178 13.04154 1.4382022619247437 0.1295284628868103
Cyclist 0.0 0 0.512362539768219 36.007843017578125 189.70559692382812 112.96101379394531 250.37718200683594 1.6604367 1.6983482 0.66587406 -15.289975 1.9707702 20.359398 -0.13178040087223053 0.12329524755477905
Car 0.0 0 2.2583045959472656 0.0 185.15463256835938 123.79004669189453 235.86605834960938 4.1695104 1.525401 1.6309948 -18.47175 1.6971954 23.75476 1.597370982170105 0.15448209643363953
Car 0.0 0 -1.2429817914962769 483.4852600097656 142.68809509277344 582.7982788085938 205.84503173828125 4.1943874 1.6930676 1.6898621 -2.0566149 0.68101484 21.184057 -1.3397616147994995 0.12610988318920135
