Car 0.0 0 1.8807471990585327 284.9310607910156 196.27699279785156 454.41583251953125 311.203369140625 3.6987762 1.469835 1.546647 -3.776536 1.9143578 11.829506 1.5717272758483887 0.9044995307922363
Car 0.0 0 -1.8214387893676758 729.3908081054688 179.5286102294922 879.9689331054688 284.52099609375 3.53235 1.501614 1.5992254 3.0864732 1.6322649 12.312006 -1.5758126974105835 0.8845294117927551
Car 0.0 0 -2.0150527954101562 790.5037841796875 185.06349182128906 1230.3131103515625 375.0 4.3575444 1.4773234 1.6284446 3.0399082 1.6293126 6.7621465 -1.5925750732421875 0.8786135911941528
Car 0.0 0 2.080162525177002 0.0 205.68276977539062 350.13397216796875 375.0 3.2647202 1.4515349 1.4865613 -3.919714 1.8461751 7.030207 1.5715388059616089 0.8609735369682312
Car 0.0 0 -1.8430613279342651 639.2908935546875 180.22085571289062 694.16943359375 214.60044860839844 3.7968752 1.480418 1.6005278 2.5655844 1.8480439 33.950596 -1.7676365375518799 0.6555573344230652
Car 0.0 0 -3.1460089683532715 750.0553588867188 177.23663330078125 860.32373046875 222.1603546142578 3.7434895 1.5351851 1.6299229 6.991743 1.702158 26.164482 -2.884887456893921 0.562461256980896
Car 0.0 0 1.4542734622955322 593.5877685546875 179.71498107910156 624.2739868164062 204.0470428466797 3.9829166 1.5316412 1.6096458 -0.14223807 2.0144246 48.658554 1.4513503313064575 0.4820217490196228
Car 0.0 0 2.716660976409912 0.0 194.2133026123047 159.5916290283203 375.0 4.0348244 1.4495369 1.5976994 -3.6782415 1.5781828 2.2321289 1.6913033723831177 0.3437903821468353
Car 0.0 0 2.337026596069336 549.0049438476562 181.98080444335938 592.4717407226562 200.5084686279297 3.8493226 1.530763 1.6018343 -3.4506462 2.3599591 63.542397 2.2827751636505127 0.31100335717201233
Car 0.0 0 2.124835729598999 621.9364013671875 177.1302947998047 663.1090087890625 195.33006286621094 3.9602115 1.4438423 1.5934892 2.729047 1.8139645 60.303055 2.170060396194458 0.30942773818969727
