Pedestrian 0.0 0 3.5321974754333496 152.6920623779297 122.75383758544922 232.09571838378906 252.0157928466797 0.86624205 1.8723027 0.60250866 -6.2892704 1.1469815 10.805799 3.0050978660583496 0.3260195553302765
Pedestrian 0.0 0 2.6599912643432617 741.8515625 128.0423583984375 790.7467651367188 218.41079711914062 0.8256074 1.8699101 0.61136127 3.265237 0.94302225 15.332638 2.869816541671753 0.23513752222061157
Cyclist 0.0 0 -1.2576406002044678 232.76625061035156 193.62388610839844 269.8427429199219 254.6505126953125 1.7222083 1.702728 0.49068305 -10.773864 2.351117 21.621603 -1.7199206352233887 0.31365278363227844
Cyclist 0.0 0 -0.9127844572067261 427.350830078125 193.2103729248047 458.0299377441406 236.0076446533203 1.5488946 1.6595798 0.34906268 -6.8677793 2.5139928 29.492655 -1.141571283340454 0.2460334748029709
Car 0.0 0 1.9849692583084106 226.977294921875 196.46617126464844 386.35479736328125 287.6816711425781 3.817817 1.5095149 1.6031611 -6.0925574 2.059521 14.864825 1.595988392829895 0.8811898231506348
Car 0.0 0 -1.8220653533935547 743.9255981445312 177.01730346679688 923.5950927734375 296.4388122558594 3.501871 1.4196308 1.5968047 2.9734612 1.4906266 10.468745 -1.5453214645385742 0.8761625289916992
Car 0.0 0 -2.185826301574707 866.7091064453125 183.03158569335938 1242.0 375.0 3.9217455 1.4347048 1.5877428 2.9613104 1.5228364 4.2536736 -1.5776705741882324 0.7723110914230347
Car 0.0 0 1.7475714683532715 467.39385986328125 184.04248046875 509.86102294921875 215.2019500732422 3.6412003 1.4867839 1.5655158 -6.3034353 2.0980825 37.56769 1.5813312530517578 0.7244023680686951
Car 0.0 0 1.4915071725845337 644.2374877929688 174.22451782226562 677.7509155273438 203.04840087890625 3.7580318 1.5569689 1.599785 2.8223906 1.6388683 41.039165 1.560172200202942 0.5536050796508789
Car 0.0 0 1.5870412588119507 245.23727416992188 193.59365844726562 277.2028503417969 221.69049072265625 3.77949 1.5146694 1.6881069 -21.271315 2.8398657 44.019222 1.1369011402130127 0.31291794776916504
