Pedestrian 0.0 0 -1.7229304313659668 589.9209594726562 155.7225341796875 603.598876953125 187.53677368164062 0.77461344 1.9317825 0.7289139 -0.8479379 0.89190567 44.25331 -1.742089033126831 0.3681868314743042
Pedestrian 0.0 0 -1.4115653038024902 500.21185302734375 156.6339874267578 540.5501098632812 250.0658721923828 0.725496 1.7617334 0.6712166 -1.777718 1.4562498 13.975958 -1.5380841493606567 0.33440396189689636
Pedestrian 0.0 0 1.622221827507019 532.6664428710938 162.57127380371094 553.91845703125 217.1789093017578 0.84751844 1.8531095 0.6900892 -2.342388 1.5045235 24.920603 1.528503179550171 0.3131716251373291
Pedestrian 0.0 0 2.0061192512512207 613.2099609375 159.15614318847656 637.517333984375 207.789794921875 0.8109371 1.8678288 0.6721897 0.56199133 1.3421056 28.22065 2.0260307788848877 0.26384636759757996
Cyclist 0.0 0 1.4044790267944336 589.4130249023438 155.78355407714844 603.7008666992188 187.97564697265625 0.9281803 1.9493846 0.7307006 -0.86048794 0.9160455 44.2134 1.385019302368164 0.10520155727863312
Car 0.0 0 -0.16057880222797394 698.5946044921875 169.54002380371094 767.7178344726562 195.6958465576172 3.7861888 1.505084 1.6148856 7.153506 1.314746 42.33698 0.006806135177612305 0.785886824131012
Car 0.0 0 2.910137176513672 200.55838012695312 174.86080932617188 306.19073486328125 207.79574584960938 4.461366 1.538182 1.6826899 -17.784302 1.6444745 36.016754 2.451478958129883 0.5440093874931335
Car 0.0 0 1.1793214082717896 787.4348754882812 166.5686492919922 828.6344604492188 187.13705444335938 4.0134044 1.5179787 1.6333084 15.109675 1.0544682 55.340652 1.4458554983139038 0.532248854637146
Car 0.0 0 -1.9591773748397827 818.4031982421875 166.47103881835938 859.3126831054688 187.15823364257812 4.032047 1.5588706 1.639651 17.823732 1.0782435 56.445 -1.6533147096633911 0.35585492849349976
Car 0.0 0 1.0484724044799805 993.7861938476562 163.75030517578125 1046.408935546875 185.63540649414062 4.026957 1.5920565 1.6630957 30.88088 0.9301553 54.50552 1.563943862915039 0.2974189519882202
