Pedestrian 0.0 0 -2.0022058486938477 506.1422424316406 170.8219451904297 542.28271484375 231.5223846435547 0.88690823 1.776673 0.7801891 -2.355547 1.4652638 21.603628 -2.110811710357666 0.46492189168930054
Pedestrian 0.0 0 3.3974387645721436 112.45407104492188 151.2828369140625 214.46585083007812 325.47235107421875 0.78761333 1.7377024 0.62857914 -4.6414094 1.4376259 7.578277 2.8479061126708984 0.41783609986305237
Pedestrian 0.0 0 -0.9303381443023682 677.0023193359375 176.54037475585938 712.7745361328125 235.84738159179688 0.7864163 1.7233282 0.7329613 2.7575657 1.5803478 21.408003 -0.8022334575653076 0.3049408495426178
Pedestrian 0.0 0 0.1549205183982849 293.4720764160156 188.4386444091797 389.8920593261719 357.5974426269531 0.8413742 1.633017 0.6609348 -2.688092 1.7095156 7.370874 -0.19478169083595276 0.3042617738246918
Pedestrian 0.0 0 0.40276581048965454 391.9739685058594 173.1374969482422 466.7218322753906 293.8840637207031 0.87901783 1.7092052 0.6697353 -2.563298 1.5921481 10.568079 0.1648101806640625 0.23744438588619232
Pedestrian 0.0 0 1.8573366403579712 337.53564453125 171.4716796875 411.4334411621094 323.0763244628906 0.80068207 1.694433 0.62976223 -2.691764 1.5837028 8.433268 1.548374056816101 0.23028306663036346
Cyclist 0.0 0 -2.9615068435668945 512.62548828125 174.12765502929688 561.8590698242188 216.47962951660156 1.8854507 1.6833155 0.69452083 -2.5985677 1.3913 28.979404 -3.0509371757507324 0.5332300662994385
Cyclist 0.0 0 -1.5930136442184448 654.638916015625 169.69248962402344 667.7508544921875 209.14976501464844 1.7145275 1.6487218 0.5201211 2.5468059 1.1563247 30.884336 -1.5107370615005493 0.2312401384115219
Cyclist 0.0 0 -1.0422165393829346 690.873046875 166.44580078125 716.8181762695312 202.1257781982422 1.7513493 1.739513 0.46342853 5.1134257 1.0064676 35.848694 -0.9005331993103027 0.21613599359989166
Cyclist 0.0 0 -1.421288013458252 98.86421203613281 102.6028823852539 168.63653564453125 253.7257537841797 1.6242393 1.7398647 0.508559 -5.9396534 0.83287793 9.111899 -1.9989674091339111 0.20559129118919373
Cyclist 0.0 0 0.10868994891643524 303.8567810058594 195.20870971679688 408.445556640625 364.07049560546875 0.9426602 1.6035814 0.72416085 -2.5265102 1.7539843 7.350266 -0.2223886400461197 0.12555748224258423
Cyclist 0.0 0 3.405472755432129 105.0237045288086 155.32763671875 220.14291381835938 329.9235534667969 0.9070961 1.7462683 0.64537466 -4.670203 1.4858657 7.6195345 2.8556036949157715 0.12205632776021957
Cyclist 0.0 0 1.3477801084518433 508.1080322265625 169.42672729492188 541.06298828125 231.57818603515625 0.99104 1.8133305 0.7810433 -2.3420978 1.4622145 21.551117 1.2395285367965698 0.1106136217713356
Cyclist 0.0 0 0.4574507474899292 388.8500061035156 181.27720642089844 477.51483154296875 301.7330017089844 1.0688401 1.6928433 0.70396185 -2.5033746 1.6910301 10.554766 0.22457432746887207 0.10751228034496307
Car 0.0 0 -2.177713632583618 874.151611328125 92.57696533203125 1238.0 374.0 3.9177637 1.608754 1.6081308 3.125174 1.3149078 4.354039 -1.5551645755767822 0.6598104238510132
Car 0.0 0 2.736490488052368 580.149169921875 164.78565979003906 656.8844604492188 190.89205932617188 4.642981 1.622052 1.7168925 1.1120038 0.5842819 46.289516 2.7605087757110596 0.2580588757991791
