Pedestrian 0.0 0 1.6407979726791382 639.9627685546875 158.30027770996094 664.958251953125 228.2582550048828 0.81239253 1.7287179 0.5782378 1.2653302 1.1566222 18.19046 1.710246205329895 0.6449400186538696
Pedestrian 0.0 0 -1.6116447448730469 590.2709350585938 164.22837829589844 620.6846923828125 240.3383331298828 0.98342764 1.7704805 0.68536586 0.052052546 1.3699113 17.211714 -1.608620524406433 0.6177549362182617
Pedestrian 0.0 0 3.0594305992126465 467.43939208984375 151.07911682128906 530.5215454101562 263.6165771484375 0.9713721 1.7798872 0.6564136 -1.7334977 1.3000482 11.788099 2.913422107696533 0.5591514706611633
Pedestrian 0.0 0 1.392451524734497 435.5181579589844 158.04388427734375 466.1813659667969 231.38629150390625 0.82629484 1.7791651 0.60962474 -3.79665 1.2113523 17.920649 1.1836795806884766 0.5374429225921631
Pedestrian 0.0 0 -1.3529044389724731 675.8441772460938 161.0975799560547 707.810546875 227.79859924316406 1.0098541 1.7440269 0.6543486 2.4137228 1.2117369 19.365036 -1.228900671005249 0.5348126292228699
Pedestrian 0.0 0 2.6541576385498047 645.2772827148438 153.01303100585938 684.3344116210938 229.2755584716797 0.7390161 1.7539619 0.56155276 1.454785 1.0999993 16.921263 2.7399206161499023 0.5167436003684998
Pedestrian 0.0 0 0.951123058795929 1033.6680908203125 116.08477783203125 1238.0 374.0 0.7785863 1.7278315 0.6475947 2.9718509 1.3913391 4.0998526 1.5783445835113525 0.4764857590198517
Pedestrian 0.0 0 -2.5997400283813477 1061.568603515625 95.3923110961914 1198.1192626953125 324.1049499511719 0.7077499 1.7669181 0.60515976 4.338154 1.103089 5.9909577 -1.973010778427124 0.45423653721809387
Pedestrian 0.0 0 1.2362271547317505 663.2369995117188 160.02085876464844 687.70068359375 211.3441619873047 0.88986176 1.8236166 0.62235343 2.6545677 1.0614771 26.02596 1.3378725051879883 0.3935137391090393
Pedestrian 0.0 0 -3.267667293548584 705.2874755859375 155.90557861328125 738.8070068359375 216.472412109375 0.89718753 1.7505236 0.62628806 3.5046618 1.0119218 21.089176 -3.1029891967773438 0.39182138442993164
Pedestrian 0.0 0 -1.50514554977417 476.42242431640625 161.02703857421875 492.8584899902344 205.90402221679688 0.7410238 1.7823261 0.6074556 -4.716383 0.9702306 28.924551 -1.6667811870574951 0.33545055985450745
Pedestrian 0.0 0 -1.5825685262680054 611.8414306640625 158.49554443359375 632.4390258789062 211.575927734375 0.9824921 1.8309467 0.71031827 0.6984335 1.0385033 25.272343 -1.5549392700195312 0.30375736951828003
Pedestrian 0.0 0 1.0049223899841309 755.3521728515625 136.81227111816406 866.7695922851562 342.25762939453125 0.80787843 1.7688287 0.65791583 1.8726194 1.3854641 6.663573 1.2788797616958618 0.2702949047088623
Pedestrian 0.0 0 -1.5165867805480957 812.0575561523438 140.35931396484375 838.4903564453125 218.58412170410156 1.6998765 1.8055937 0.52612656 5.4221454 0.85718805 17.466444 -1.2155869007110596 0.11641357839107513
Cyclist 0.0 0 -1.5165867805480957 812.0575561523438 140.35931396484375 838.4903564453125 218.58412170410156 1.6998765 1.8055937 0.52612656 5.4221454 0.85718805 17.466444 -1.2155869007110596 0.2997381389141083
Cyclist 0.0 0 -1.6490750312805176 708.5444946289062 154.0502471923828 733.755859375 215.47718811035156 1.0392985 1.7640984 0.6504985 3.4904468 0.97691774 21.172407 -1.4856864213943481 0.23159269988536835
Cyclist 0.0 0 -1.3307334184646606 675.5090942382812 162.6583709716797 709.2306518554688 229.0547332763672 1.222609 1.7341117 0.63555396 2.4409313 1.2431852 19.443005 -1.2058439254760742 0.18749600648880005
Cyclist 0.0 0 3.028566360473633 462.333984375 152.75839233398438 527.2434692382812 267.1750793457031 0.98106456 1.8046603 0.6668339 -1.8002858 1.3526244 11.777611 2.8768837451934814 0.17951923608779907
Cyclist 0.0 0 1.6350324153900146 639.4337158203125 158.3421173095703 664.6185302734375 228.93714904785156 0.89062774 1.7425392 0.5833178 1.2563902 1.1721078 18.208565 1.703923225402832 0.14704343676567078
Cyclist 0.0 0 -1.6169342994689941 590.3468017578125 163.99423217773438 621.1695556640625 240.66827392578125 1.0216753 1.7815247 0.6882518 0.058274616 1.3759837 17.213007 -1.613548755645752 0.13819053769111633
Cyclist 0.0 0 -1.601149559020996 611.2734375 158.6427764892578 632.5919189453125 212.19908142089844 1.0652453 1.8466752 0.71580255 0.6911961 1.0596039 25.300001 -1.573836326599121 0.12966974079608917
Cyclist 0.0 0 1.2699179649353027 662.8135986328125 159.7349395751953 688.3753662109375 211.89340209960938 1.0335821 1.8446882 0.6396752 2.6517937 1.0759814 25.972588 1.371665120124817 0.1087304949760437
Car 0.0 0 1.849753975868225 550.5711669921875 169.41656494140625 591.3128662109375 193.83726501464844 3.9106035 1.4952075 1.5964707 -1.8997736 0.756117 46.06725 1.8085381984710693 0.48973265290260315
