Pedestrian 0.0 0 1.5901840925216675 375.1099853515625 180.62977600097656 417.5393371582031 282.4118957519531 0.75337094 1.7973857 0.7281108 -3.9732018 1.9457412 13.269886 1.2992641925811768 0.3991069197654724
Pedestrian 0.0 0 2.33561372756958 0.0 121.28397369384766 92.81617736816406 261.5675354003906 1.069782 1.8816359 0.74517787 -8.173713 1.1902803 10.241924 1.662054419517517 0.2651306688785553
Cyclist 0.0 0 2.3600776195526123 0.0 118.21186828613281 90.05426025390625 259.5213623046875 1.1191286 1.8830398 0.745958 -8.216344 1.1552562 10.209846 1.6824487447738647 0.11790870130062103
Car 0.0 0 -1.7843701839447021 691.1475219726562 177.62107849121094 814.4058227539062 267.11541748046875 4.0606837 1.5987155 1.6654062 2.7791405 1.7128489 15.161932 -1.6030852794647217 0.8681821823120117
Car 0.0 0 1.4337550401687622 612.0421142578125 177.485107421875 639.7595825195312 198.80184936523438 3.566282 1.4772744 1.544337 1.1007884 1.8276455 52.669666 1.4546518325805664 0.5870998501777649
Car 0.0 0 -1.2257678508758545 202.3319091796875 180.13848876953125 408.1234436035156 310.3740234375 3.2721846 1.4310387 1.5129226 -3.946977 1.5469202 9.775868 -1.6095001697540283 0.45968469977378845
Car 0.0 0 0.38352978229522705 331.8721923828125 185.7795867919922 486.4095153808594 238.97825622558594 4.206962 1.4996457 1.6616799 -6.08486 1.9116699 21.91532 0.11269855499267578 0.4025800824165344
Car 0.0 0 -2.8508660793304443 382.6396789550781 174.94476318359375 482.38153076171875 210.88180541992188 3.9271815 1.5191693 1.6398318 -7.74548 1.613531 31.522131 -3.091808319091797 0.3460794985294342
Car 0.0 0 0.8702965974807739 682.3705444335938 178.1843719482422 749.4835205078125 207.6580810546875 3.8008683 1.5276546 1.624659 5.808285 1.8399292 40.1768 1.0138700008392334 0.310975581407547
Car 0.0 0 3.5401573181152344 209.79261779785156 179.72976684570312 397.8419494628906 247.21539306640625 3.7084532 1.4832366 1.5912093 -7.081821 1.6514254 16.813517 3.1415114402770996 0.26313644647598267
