Pedestrian 0.0 0 -1.7156490087509155 1029.3800048828125 152.1095428466797 1080.7586669921875 257.6468200683594 1.0917645 1.7827843 0.62068856 7.828929 1.4327171 12.809715 -1.1670558452606201 0.1862315982580185
Pedestrian 0.0 0 0.003438696265220642 504.3817138671875 178.09323120117188 514.73583984375 206.9151611328125 0.6493598 1.8175814 0.675292 -6.4365854 2.1548316 46.015186 -0.13553914427757263 0.18484878540039062
Pedestrian 0.0 0 -1.9016335010528564 1174.333740234375 142.9326934814453 1242.0 273.50115966796875 1.0327023 1.803804 0.6207855 8.777641 1.3907989 10.55819 -1.2080618143081665 0.1612289994955063
Pedestrian 0.0 0 1.2300219535827637 1191.066162109375 121.81019592285156 1242.0 238.82290649414062 1.1508986 1.8223728 0.57615745 10.093198 1.027767 11.874872 1.9344942569732666 0.10804153978824615
Pedestrian 0.0 0 3.2685484886169434 425.4707336425781 128.91696166992188 468.83251953125 223.3682861328125 0.7835162 1.8620698 0.62318754 -3.3295882 0.99622667 14.570403 3.043888807296753 0.10593762248754501
Cyclist 0.0 0 1.6629923582077026 486.3216247558594 143.85760498046875 504.30096435546875 195.4707489013672 1.5307446 1.8502841 0.5198457 -4.269469 0.8111478 26.644716 1.504106044769287 0.12325283885002136
Cyclist 0.0 0 -1.7156490087509155 1029.3800048828125 152.1095428466797 1080.7586669921875 257.6468200683594 1.0917645 1.7827843 0.62068856 7.828929 1.4327171 12.809715 -1.1670558452606201 0.10387998819351196
Car 0.0 0 1.6148850917816162 304.0711364746094 187.09706115722656 340.80584716796875 216.6376495361328 4.156035 1.4461964 1.6980613 -15.811302 2.2750084 39.72422 1.2360810041427612 0.7384318709373474
Car 0.0 0 1.4456071853637695 111.01223754882812 186.2826690673828 152.72909545898438 214.01731872558594 3.8420658 1.5433819 1.653189 -29.268288 2.4012215 44.075954 0.8594238758087158 0.20990623533725739
Car 0.0 0 -1.4434775114059448 37.17873764038086 176.31576538085938 93.6761703491211 212.6427764892578 3.6621947 1.5326571 1.5978686 -24.72278 1.6999456 32.80428 -2.0893073081970215 0.18907423317432404
