Pedestrian 0.0 0 -2.1298887729644775 955.2908325195312 148.8770294189453 1005.381103515625 226.17929077148438 0.9593412 1.8128568 0.66735005 8.880436 1.2509183 17.425499 -1.6585724353790283 0.38783302903175354
Pedestrian 0.0 0 -1.1806201934814453 888.9110717773438 138.76136779785156 926.5823974609375 216.8854217529297 0.7980557 1.8810562 0.6056009 7.3269615 1.0605384 17.86697 -0.7914509773254395 0.2486414611339569
Pedestrian 0.0 0 -1.9667816162109375 1032.336181640625 137.0023193359375 1106.4254150390625 266.322265625 0.76396734 1.8065022 0.6644912 6.6164107 1.3060391 10.508209 -1.4048510789871216 0.22304445505142212
Cyclist 0.0 0 -2.1375393867492676 955.1709594726562 148.8302459716797 1006.40380859375 226.02886962890625 1.0063785 1.8056225 0.6604028 8.88008 1.2440816 17.40576 -1.6657806634902954 0.252533882856369
Cyclist 0.0 0 -1.2661733627319336 1173.5650634765625 140.07191467285156 1238.4810791015625 215.2477569580078 1.7565246 1.7431277 0.7233204 14.425132 0.9833567 17.510044 -0.5770755410194397 0.1981792151927948
Car 0.0 0 -1.5782972574234009 591.0907592773438 178.59518432617188 615.9706420898438 202.58578491210938 3.823684 1.499726 1.5875847 -0.47767606 1.8969548 47.94972 -1.588258981704712 0.5212442874908447
Car 0.0 0 1.7946991920471191 440.43963623046875 184.31146240234375 476.96142578125 208.595703125 3.6041727 1.4367484 1.5287281 -9.677597 2.1998177 46.214165 1.5882744789123535 0.49776557087898254
Car 0.0 0 1.3825798034667969 920.5438842773438 168.8227081298828 956.1589965820312 192.2274627685547 3.9558508 1.6353921 1.6421505 23.826126 1.3540665 52.529854 1.808401107788086 0.2910616993904114
Car 0.0 0 1.8386149406433105 345.44927978515625 179.1322021484375 432.0256652832031 231.799560546875 4.1054974 1.5128027 1.6356562 -7.0642533 1.7338856 23.290756 1.5441268682479858 0.26239094138145447
Car 0.0 0 2.232762575149536 0.0 203.77626037597656 181.79940795898438 375.0 3.955485 1.4377844 1.6117357 -6.789679 1.8714799 8.10367 1.5353631973266602 0.19361156225204468
