Pedestrian 0.0 0 2.222759246826172 189.5138702392578 175.9705047607422 214.5645751953125 213.85186767578125 0.9250671 1.8230808 0.6372134 -19.994919 1.9781134 35.306187 1.7074657678604126 0.35751020908355713
Pedestrian 0.0 0 -2.2867329120635986 1204.0955810546875 183.2916259765625 1242.0 254.1822052001953 0.85989076 1.755616 0.67414314 15.817197 2.028807 18.425648 -1.5773630142211914 0.15362335741519928
Pedestrian 0.0 0 -3.5853257179260254 944.4592895507812 157.86680603027344 976.0195922851562 208.0440673828125 0.8891022 1.8622097 0.610878 13.097958 1.3063537 27.083818 -3.1348772048950195 0.11683624982833862
Cyclist 0.0 0 2.2083182334899902 188.72203063964844 175.93971252441406 214.96018981933594 213.47996520996094 1.0130901 1.8039675 0.6411286 -20.000484 1.9576218 35.30106 1.6928430795669556 0.14626605808734894
Car 0.0 0 2.1853060722351074 0.0 196.3076629638672 121.21256256103516 291.4847106933594 3.7596357 1.5591159 1.5949185 -11.982021 2.1001103 14.698999 1.501389980316162 0.8664747476577759
Car 0.0 0 -1.5285009145736694 570.493408203125 178.72557067871094 608.1502075195312 213.0211181640625 4.1453466 1.5305252 1.6527392 -0.98769003 1.8326432 34.995415 -1.556716799736023 0.7254975438117981
Car 0.0 0 1.3717412948608398 764.6268310546875 182.26797485351562 807.1565551757812 211.7416229248047 3.8335884 1.5323194 1.5945866 9.8294735 2.0890923 40.698193 1.6087241172790527 0.1458844542503357
Car 0.0 0 2.1582164764404297 509.45831298828125 174.02745056152344 554.617919921875 196.09437561035156 3.730678 1.5986704 1.5922638 -5.876079 1.6909666 54.507324 2.050827741622925 0.14364933967590332
Car 0.0 0 1.4274332523345947 745.8162231445312 186.50717163085938 774.3024291992188 206.90235900878906 4.0361967 1.5124658 1.6891823 12.067834 2.6558154 58.336105 1.6314232349395752 0.12591774761676788
Car 0.0 0 2.3873209953308105 207.413330078125 170.37916564941406 271.8608703613281 195.42007446289062 3.6298776 1.5605389 1.5854247 -24.061771 1.4066663 46.938976 1.9136297702789307 0.11431362479925156
