Pedestrian 0.0 0 0.28918030858039856 137.28578186035156 156.4829864501953 264.65655517578125 334.6422119140625 1.0082988 1.7173433 0.5696427 -4.1348867 1.4875308 7.203598 -0.23190435767173767 0.7060888409614563
Pedestrian 0.0 0 -1.5067824125289917 839.321533203125 174.74221801757812 868.8123779296875 245.13571166992188 0.78489506 1.7289925 0.655285 6.2574787 1.5891685 17.850676 -1.169621467590332 0.2444177269935608
Pedestrian 0.0 0 1.4633848667144775 260.4466247558594 170.48800659179688 302.6765441894531 264.6393737792969 0.7324917 1.7529013 0.6643151 -6.290559 1.5681361 13.643647 1.0313704013824463 0.17407922446727753
Pedestrian 0.0 0 1.69240403175354 526.8543090820312 165.85475158691406 565.4296264648438 263.0812072753906 0.73344606 1.73436 0.62455755 -1.115266 1.4747554 12.985323 1.6067276000976562 0.1721647083759308
Pedestrian 0.0 0 -1.8719022274017334 837.7576904296875 152.34849548339844 891.1187133789062 255.35052490234375 0.97157514 1.7619482 0.6280566 4.55837 1.282037 12.589571 -1.5245108604431152 0.1680353581905365
Pedestrian 0.0 0 -0.34687331318855286 822.5267944335938 189.9884033203125 869.1401977539062 279.8839111328125 0.67522836 1.7220373 0.69019413 4.7053223 1.9158796 13.966001 -0.02190481498837471 0.14028288424015045
Cyclist 0.0 0 3.5871894359588623 36.364158630371094 191.04116821289062 111.31404113769531 252.0934600830078 1.5872482 1.701362 0.68394077 -15.307253 2.013888 20.360569 2.9425318241119385 0.20322173833847046
Cyclist 0.0 0 -2.426922559738159 0.0 173.1949005126953 83.17166137695312 258.004638671875 1.848866 1.6625847 0.6646656 -11.694542 1.5210085 14.21219 -3.115443706512451 0.1779477894306183
Cyclist 0.0 0 1.8630653619766235 65.63182830810547 151.36744689941406 128.913818359375 249.87208557128906 1.6504503 1.7132467 0.5050129 -9.454788 1.2082025 13.154903 1.2398810386657715 0.12641635537147522
Cyclist 0.0 0 0.28918030858039856 137.28578186035156 156.4829864501953 264.65655517578125 334.6422119140625 1.0082988 1.7173433 0.5696427 -4.1348867 1.4875308 7.203598 -0.23190435767173767 0.10725383460521698
Car 0.0 0 2.242072343826294 0.0 186.03253173828125 126.01885223388672 236.59873962402344 4.231001 1.5211473 1.6451234 -18.465357 1.7259964 23.854923 1.5833441019058228 0.2137465924024582
Car 0.0 0 -1.036609411239624 289.5552062988281 197.40939331054688 407.7784729003906 255.5338897705078 3.580242 1.4156997 1.5712693 -7.2362347 1.9468163 20.231615 -1.3801004886627197 0.179301455616951
