Pedestrian 0.0 0 1.0653076171875 205.1870574951172 180.7903594970703 275.4123840332031 304.6213073730469 0.62193257 1.6242098 0.63957846 -4.9985924 1.6162313 9.858529 0.5960500240325928 0.638492226600647
Pedestrian 0.0 0 1.9054877758026123 449.14501953125 173.5074920654297 484.0931701660156 249.82823181152344 0.7802885 1.7428712 0.5827565 -3.1860561 1.5615643 16.83014 1.7183952331542969 0.6268854737281799
Pedestrian 0.0 0 -1.1911823749542236 504.974609375 179.22091674804688 534.2440185546875 233.16514587402344 0.8512272 1.6901445 0.66459876 -2.6400983 1.6198452 23.00163 -1.305461049079895 0.5741533637046814
Pedestrian 0.0 0 2.225348472595215 852.0211181640625 170.2399139404297 938.2255859375 301.5079650878906 0.78061163 1.6914095 0.7716754 3.9475887 1.5476536 9.783847 2.608851432800293 0.5652050375938416
Pedestrian 0.0 0 0.9238954782485962 302.3518981933594 168.25965881347656 344.29046630859375 242.87135314941406 0.7517759 1.7685332 0.62530714 -6.8039093 1.4558957 17.48766 0.5528476238250732 0.40019822120666504
Pedestrian 0.0 0 -1.1627579927444458 607.1853637695312 177.2608184814453 628.8817138671875 218.99806213378906 0.93061334 1.7942551 0.63293606 0.7167765 1.6129806 31.433064 -1.1399586200714111 0.385983407497406
Pedestrian 0.0 0 -2.612497568130493 471.0283203125 184.87574768066406 500.3542175292969 235.8038787841797 0.7472984 1.7447786 0.73160887 -4.071071 1.8662524 25.145985 -2.7730023860931396 0.307049036026001
Pedestrian 0.0 0 1.701871395111084 438.4575500488281 172.7513885498047 463.4169616699219 232.5203857421875 0.76896703 1.7669954 0.64291 -4.555901 1.5094826 21.641958 1.494388461112976 0.2825785279273987
Pedestrian 0.0 0 -1.4520419836044312 570.4541015625 177.86599731445312 590.3057250976562 219.15126037597656 1.0138793 1.7761844 0.75536364 -0.92909807 1.6208066 31.440351 -1.4815845489501953 0.27888011932373047
Pedestrian 0.0 0 1.2599750757217407 645.4090576171875 177.3956756591797 659.7427368164062 209.44113159179688 0.71990854 1.8407679 0.6394002 2.9661572 1.6057944 41.68588 1.331010341644287 0.2250824272632599
Pedestrian 0.0 0 -2.8550024032592773 387.50714111328125 190.3868865966797 427.16705322265625 261.4316101074219 0.76766187 1.7080035 0.7471636 -4.819105 1.9334617 17.74412 -3.120194435119629 0.2230643481016159
Pedestrian 0.0 0 -0.536435604095459 0.0 46.34901809692383 141.08447265625 374.0 0.72637606 1.6986676 0.61239225 -3.0571117 1.0679494 3.8046706 -1.2133164405822754 0.22145697474479675
Pedestrian 0.0 0 1.5486729145050049 623.4248046875 173.5319366455078 633.490966796875 204.61761474609375 0.8349272 1.8238899 0.57653403 1.6006421 1.3571534 42.566124 1.586258888244629 0.2150598168373108
Pedestrian 0.0 0 1.8268787860870361 0.0 194.22950744628906 90.02960968017578 363.0425720214844 1.6223565 1.6185014 0.5927482 -6.2166204 1.7747383 7.8762946 1.1587072610855103 0.15205325186252594
Pedestrian 0.0 0 0.1073986142873764 318.4150390625 148.37741088867188 429.4083251953125 277.6728820800781 1.441672 1.7545944 0.72525847 -3.2518392 1.3064308 10.244088 -0.19997648894786835 0.14157286286354065
Cyclist 0.0 0 1.8268787860870361 0.0 194.22950744628906 90.02960968017578 363.0425720214844 1.6223565 1.6185014 0.5927482 -6.2166204 1.7747383 7.8762946 1.1587072610855103 0.6741094589233398
Cyclist 0.0 0 -1.5194694995880127 30.97701072692871 196.52130126953125 66.5983657836914 293.8165588378906 1.5524477 1.6138377 0.43191138 -9.955084 1.9009956 12.908353 -2.1764090061187744 0.2828589975833893
Cyclist 0.0 0 0.09788793325424194 320.38311767578125 147.34605407714844 439.5874938964844 278.1004943847656 1.5649139 1.7739415 0.72142714 -3.164139 1.3118999 10.252991 -0.20144584774971008 0.2797356843948364
Cyclist 0.0 0 -1.2091370820999146 505.0216064453125 179.14059448242188 534.0990600585938 233.12989807128906 0.85929865 1.6920406 0.66595453 -2.6422293 1.6192034 23.008303 -1.3234742879867554 0.14912861585617065
Cyclist 0.0 0 -1.4520419836044312 570.4541015625 177.86599731445312 590.3057250976562 219.15126037597656 1.0138793 1.7761844 0.75536364 -0.92909807 1.6208066 31.440351 -1.4815845489501953 0.10755230486392975
Car 0.0 0 -1.7343032360076904 691.0774536132812 141.49261474609375 806.5980834960938 239.03819274902344 3.9445934 1.7391835 1.6595576 2.8386283 1.0271459 14.798112 -1.5447816848754883 0.35723164677619934
Car 0.0 0 -1.6638320684432983 623.588134765625 175.98532104492188 648.4804077148438 195.96034240722656 3.5947423 1.4832345 1.5767316 2.647408 1.0743273 55.168015 -1.6158807277679443 0.21269579231739044
