Pedestrian 0.0 0 3.3606784343719482 341.7895202636719 142.78053283691406 463.1393737792969 320.44219970703125 1.12711 1.7913295 0.62051463 -2.1620903 1.4127047 7.4690175 3.0789058208465576 0.7784910202026367
Pedestrian 0.0 0 -1.6578556299209595 839.7935180664062 173.7417449951172 870.177978515625 243.78367614746094 0.78051966 1.7221065 0.65479785 6.2615705 1.5575399 17.83834 -1.3202745914459229 0.28921186923980713
Pedestrian 0.0 0 -0.3887912929058075 820.6150512695312 188.4214324951172 869.802978515625 278.6168518066406 0.7291288 1.7328373 0.64652175 4.7004366 1.8950862 13.985726 -0.06456347554922104 0.23479044437408447
Pedestrian 0.0 0 -2.0490949153900146 1116.414794921875 187.58990478515625 1224.0 370.0 0.6898092 1.6689588 0.65756124 4.3218775 1.7278366 5.291433 -1.3642123937606812 0.15508535504341125
Pedestrian 0.0 0 3.477842330932617 239.27880859375 172.03465270996094 302.7969665527344 266.3871154785156 0.94837844 1.7684643 0.6447717 -6.4608693 1.6114333 13.618429 3.0348665714263916 0.12318906933069229
Cyclist 0.0 0 -2.29150128364563 0.0 174.10287475585938 86.5555419921875 258.7927551269531 1.8533735 1.6476694 0.6993699 -11.605758 1.524843 14.249401 -2.9750053882598877 0.17750179767608643
Cyclist 0.0 0 3.36331844329834 338.706787109375 143.39776611328125 462.4027404785156 320.9355163574219 1.1452566 1.7874606 0.6395484 -2.1806831 1.4156066 7.4684734 3.079230785369873 0.16561901569366455
Cyclist 0.0 0 -1.5113685131072998 340.3737487792969 188.4477081298828 383.51702880859375 311.1564025878906 1.6732615 1.6374923 0.50818574 -3.6031017 1.7661297 10.417583 -1.844356894493103 0.15252552926540375
Cyclist 0.0 0 -1.332533359527588 71.22712707519531 155.5750274658203 127.70464324951172 252.02981567382812 1.6909126 1.6819154 0.4749369 -9.4477625 1.248935 13.1970215 -1.9538516998291016 0.15131442248821259
Car 0.0 0 2.2142436504364014 0.0 186.29248046875 125.12374114990234 236.4212646484375 4.1642904 1.510002 1.6236836 -18.433678 1.7242621 23.869743 1.5566469430923462 0.21881939470767975
Car 0.0 0 -1.007968783378601 288.9443664550781 196.20191955566406 409.7503662109375 254.2460479736328 3.5858793 1.418061 1.575324 -7.2157965 1.9116552 20.229715 -1.3505936861038208 0.14523367583751678
