Pedestrian 0.0 0 -0.19764158129692078 627.4957885742188 160.1519775390625 707.4547729492188 304.10076904296875 0.87915105 1.6987444 0.5652818 0.749883 1.4481611 8.804753 -0.1126786321401596 0.6980725526809692
Pedestrian 0.0 0 1.6002155542373657 588.7788696289062 172.46395874023438 610.8944091796875 235.34933471679688 0.84203017 1.7797607 0.61672986 -0.06937782 1.5251703 20.756374 1.5968730449676514 0.6572678685188293
Pedestrian 0.0 0 1.5990538597106934 552.1964111328125 171.3542022705078 576.83251953125 234.35140991210938 0.9388261 1.7934494 0.69286424 -1.0967352 1.505754 20.925085 1.5466892719268799 0.5991270542144775
Pedestrian 0.0 0 2.2409563064575195 188.24342346191406 156.04263305664062 339.4595642089844 374.0 0.9183447 1.7266037 0.58644134 -2.548321 1.5549388 5.394694 1.7996515035629272 0.5794522762298584
Pedestrian 0.0 0 1.1609610319137573 575.917236328125 171.07449340820312 603.39111328125 229.5241241455078 0.7696933 1.7413646 0.5760022 -0.39101842 1.4318881 21.868063 1.1430821418762207 0.5769253969192505
Pedestrian 0.0 0 -0.16043928265571594 459.4469299316406 173.2464141845703 490.3160400390625 233.90072631835938 0.8437568 1.8427162 0.68182415 -3.957238 1.593086 22.281857 -0.33620572090148926 0.5711227059364319
Pedestrian 0.0 0 1.6770511865615845 508.8405456542969 170.33197021484375 532.9658203125 229.8526611328125 0.8399439 1.8363875 0.6703822 -2.551756 1.4929343 22.582186 1.5645298957824707 0.5650981068611145
Pedestrian 0.0 0 -1.1824171543121338 895.559814453125 144.3379364013672 959.6302490234375 261.1582946777344 0.8062046 1.7515922 0.662372 5.083803 1.1956946 11.285734 -0.7591784000396729 0.5351988077163696
Pedestrian 0.0 0 -0.47150918841362 731.1652221679688 147.60049438476562 771.6964111328125 216.8232879638672 0.8847535 1.8289886 0.6214911 4.013463 0.934471 19.39367 -0.2674427628517151 0.5056667327880859
Pedestrian 0.0 0 1.1086825132369995 597.9054565429688 170.390380859375 625.7577514648438 227.84739685058594 0.76447606 1.7651892 0.5942256 0.29513302 1.4249955 22.539333 1.1217758655548096 0.49996358156204224
Pedestrian 0.0 0 -1.4882171154022217 665.1248779296875 166.2111053466797 685.2838745117188 217.7708740234375 0.7684275 1.755467 0.6351733 2.537366 1.2359967 24.890574 -1.386627197265625 0.4495832324028015
Pedestrian 0.0 0 -1.4639394283294678 317.7326354980469 186.31312561035156 362.09033203125 292.50341796875 0.7125458 1.6176829 0.5914507 -4.179954 1.698139 11.395406 -1.8155109882354736 0.4097430408000946
Pedestrian 0.0 0 -1.8184092044830322 572.9846801757812 171.6934356689453 593.0267944335938 216.93283081054688 0.9240242 1.7780995 0.59204525 -0.76079494 1.3936703 28.755875 -1.8448600769042969 0.3964969515800476
Pedestrian 0.0 0 1.191739797592163 1011.9863891601562 77.86033630371094 1210.8089599609375 374.0 0.7568752 1.7708625 0.6966589 2.8301105 1.2379295 4.1463714 1.7906588315963745 0.39293622970581055
Pedestrian 0.0 0 1.4474446773529053 419.64166259765625 169.2193603515625 455.2447509765625 254.9031219482422 0.7811109 1.7867254 0.65318674 -3.5725622 1.531878 15.455461 1.2202823162078857 0.37530627846717834
Pedestrian 0.0 0 -0.8776304721832275 860.2762451171875 149.71273803710938 930.0385131835938 257.1280212402344 0.9206797 1.8049039 0.70834917 5.106037 1.2720654 12.597354 -0.49254098534584045 0.3490138053894043
Pedestrian 0.0 0 -2.059152603149414 416.6373291015625 183.4029541015625 464.5726013183594 274.1600341796875 0.66333884 1.7389565 0.69844913 -3.2331357 1.7792491 14.260278 -2.282106637954712 0.3411708474159241
Pedestrian 0.0 0 -1.6427674293518066 440.7334899902344 184.4166717529297 467.7228088378906 252.94903564453125 1.6021712 1.6936897 0.5678849 -3.8721757 1.7741092 18.670176 -1.8472671508789062 0.20176047086715698
Pedestrian 0.0 0 2.026655673980713 298.9858703613281 196.38314819335938 410.91815185546875 357.6496887207031 1.4894176 1.7007302 0.666447 -2.9097948 1.8943532 8.497648 1.6967464685440063 0.19302602112293243
Cyclist 0.0 0 1.7291982173919678 356.23095703125 158.14564514160156 454.07330322265625 374.0 1.7930683 1.6933064 0.55415595 -1.714601 1.5191909 6.316772 1.4641481637954712 0.9039255380630493
Cyclist 0.0 0 -1.6427674293518066 440.7334899902344 184.4166717529297 467.7228088378906 252.94903564453125 1.6021712 1.6936897 0.5678849 -3.8721757 1.7741092 18.670176 -1.8472671508789062 0.466835081577301
Cyclist 0.0 0 2.026655673980713 298.9858703613281 196.38314819335938 410.91815185546875 357.6496887207031 1.4894176 1.7007302 0.666447 -2.9097948 1.8943532 8.497648 1.6967464685440063 0.30535751581192017
Cyclist 0.0 0 -0.8144857883453369 863.7213134765625 153.11825561523438 934.4442749023438 259.4812316894531 0.9577788 1.7938766 0.67505795 5.1823993 1.3164846 12.617432 -0.42476093769073486 0.14415287971496582
Cyclist 0.0 0 1.6494834423065186 507.716064453125 169.8195037841797 531.6707153320312 230.32237243652344 0.87418455 1.858855 0.68152463 -2.5819585 1.5011051 22.515997 1.535309910774231 0.10717437416315079
