Pedestrian 0.0 0 1.5954475402832031 927.4407958984375 135.03924560546875 970.1283569335938 252.48463439941406 0.831556 1.8097312 0.60257107 5.4110208 1.2273966 11.621869 2.0311899185180664 0.4113466143608093
Car 0.0 0 1.9530950784683228 166.6743621826172 195.0324249267578 399.9788818359375 332.9488830566406 3.9910748 1.4818971 1.6314986 -4.4422913 1.8641578 10.4095545 1.5497419834136963 0.9055947065353394
Car 0.0 0 -1.902793526649475 742.9827880859375 177.98280334472656 958.99951171875 314.305419921875 3.54201 1.4625355 1.5967338 2.9180229 1.5444819 9.674594 -1.6098538637161255 0.892435610294342
Car 0.0 0 1.8174608945846558 346.71319580078125 183.16290283203125 462.19244384765625 268.2662048339844 3.6697216 1.5985006 1.5764154 -4.4187512 1.8518904 15.8532505 1.545631766319275 0.864980161190033
Car 0.0 0 -1.7257826328277588 689.83349609375 182.49998474121094 777.28857421875 247.9152374267578 3.7350888 1.4400051 1.5980189 2.9730358 1.7101456 18.305172 -1.564773440361023 0.8481340408325195
Car 0.0 0 1.8002538681030273 419.569580078125 183.26361083984375 507.80780029296875 244.24905395507812 4.0732064 1.5648816 1.6578385 -4.239444 1.9020257 21.278715 1.6035948991775513 0.8451403379440308
Car 0.0 0 -2.218167543411255 864.0770263671875 181.8553924560547 1242.0 375.0 4.0023475 1.4734408 1.6006259 2.7568314 1.5448424 3.6866314 -1.576081395149231 0.6296038627624512
Car 0.0 0 -1.715099811553955 676.0051879882812 181.24986267089844 740.1270751953125 230.39358520507812 3.7726107 1.4952533 1.6114562 3.201635 1.8027729 24.49693 -1.5851410627365112 0.5540907979011536
Car 0.0 0 1.4357303380966187 624.2044677734375 178.00030517578125 651.7295532226562 198.817626953125 3.7899282 1.4692229 1.5504473 2.0259495 1.8676866 53.85235 1.4733330011367798 0.45026981830596924
Car 0.0 0 1.4911659955978394 612.5485229492188 179.0554962158203 635.2197265625 197.9974365234375 3.962177 1.5067881 1.592616 1.1159204 2.046691 60.74671 1.5095340013504028 0.3738831877708435
