Car 0.0 0 2.1769251823425293 0.0 209.57266235351562 231.57627868652344 375.0 3.5122337 1.402375 1.5055383 -5.920564 1.9036045 8.063658 1.5435947179794312 0.9033092260360718
Car 0.0 0 1.9485546350479126 210.85496520996094 196.6703338623047 379.82049560546875 290.10540771484375 4.094714 1.4292345 1.6074837 -5.982132 1.9649436 14.151533 1.5486170053482056 0.8971289396286011
Car 0.0 0 -1.813199758529663 705.5294189453125 178.73915100097656 822.7901611328125 253.51803588867188 3.9302182 1.4177965 1.6006879 3.210344 1.564905 15.990694 -1.6150703430175781 0.866192638874054
Car 0.0 0 1.8824161291122437 362.7606201171875 189.02613830566406 462.94342041015625 248.90431213378906 4.234871 1.5196283 1.6670004 -5.813205 2.0531497 21.629158 1.6198538541793823 0.8583557605743408
Car 0.0 0 1.7928768396377563 426.19476318359375 187.66893005371094 488.29168701171875 231.8852996826172 3.6435733 1.5044258 1.5588256 -5.8106256 2.1093411 27.60829 1.5854376554489136 0.7972712516784668
Car 0.0 0 -1.688096284866333 684.5823364257812 173.88705444335938 755.7644653320312 230.51568603515625 4.003109 1.5291482 1.6197973 3.148749 1.5633008 21.577961 -1.5431946516036987 0.7915943264961243
Car 0.0 0 1.4087649583816528 664.14599609375 177.70384216308594 714.6161499023438 215.94989013671875 3.81964 1.5336595 1.5721881 3.3463588 1.758044 31.376186 1.5150160789489746 0.7908393144607544
Car 0.0 0 1.8508529663085938 472.0535888671875 183.61453247070312 525.1575317382812 216.54420471191406 4.019718 1.5183191 1.6236137 -5.6393275 2.0978045 36.73318 1.6985210180282593 0.7796967625617981
Car 0.0 0 2.1931874752044678 1097.443359375 142.0076446533203 1242.0 257.3927917480469 3.572404 1.4420851 1.5322381 8.959869 1.0569248 10.161573 2.9158222675323486 0.7720983624458313
Car 0.0 0 -0.678627610206604 1033.26171875 148.40859985351562 1242.0 237.47604370117188 3.5185692 1.4429114 1.5244262 9.480198 1.0472485 12.50058 -0.029784418642520905 0.7338714003562927
Car 0.0 0 -0.5942564606666565 932.212646484375 156.51922607421875 1160.2725830078125 231.27029418945312 3.8199303 1.4551182 1.5765095 8.877303 1.1375003 14.940742 -0.058136601001024246 0.7272530198097229
