Pedestrian 0.0 0 0.26871997117996216 251.5531005859375 183.1536865234375 273.3258972167969 221.78585815429688 0.77850485 1.7966951 0.6752881 -16.494202 2.2906122 34.170998 -0.18098881840705872 0.42522141337394714
Pedestrian 0.0 0 -2.1883046627044678 642.470458984375 172.42018127441406 674.7640380859375 213.08840942382812 1.6795539 1.7468022 0.5487359 2.0929291 1.7285267 31.848057 -2.122683048248291 0.11888622492551804
Cyclist 0.0 0 -2.1720151901245117 642.3384399414062 172.2097625732422 674.5698852539062 212.95889282226562 1.6841885 1.7501602 0.56358564 2.0860226 1.7228483 31.854977 -2.106623649597168 0.6114134788513184
Cyclist 0.0 0 0.38120168447494507 248.76239013671875 183.1185302734375 273.3631896972656 221.70376586914062 0.86123645 1.7971028 0.67169476 -16.555017 2.2886834 34.162235 -0.07005014270544052 0.14724768698215485
Car 0.0 0 -1.4169164896011353 486.845947265625 179.44515991210938 550.6477661132812 229.44544982910156 4.0061693 1.5966449 1.6476492 -3.1946263 1.8493844 25.598919 -1.5410699844360352 0.8749139904975891
Car 0.0 0 1.8759961128234863 287.26898193359375 188.20436096191406 370.6319885253906 236.19198608398438 4.211842 1.536103 1.671879 -10.291919 2.1488457 26.627348 1.5071669816970825 0.8566076755523682
Car 0.0 0 1.7906157970428467 382.6583251953125 184.2635040283203 421.8455810546875 210.63636779785156 3.9411833 1.5581982 1.6010382 -13.333461 2.3239658 46.3868 1.5107206106185913 0.5474273562431335
Car 0.0 0 -1.5161381959915161 580.3232421875 178.68540954589844 608.6536254882812 203.90782165527344 4.046671 1.5359665 1.6255982 -1.00105 1.9322224 46.933575 -1.5374640226364136 0.4385276734828949
Car 0.0 0 1.849072813987732 460.75750732421875 181.30465698242188 490.97088623046875 200.42832946777344 3.7050185 1.5246238 1.5606191 -11.3510275 2.2634852 61.134537 1.6654905080795288 0.3824719786643982
Car 0.0 0 1.9967892169952393 627.9624633789062 179.19317626953125 689.1328125 211.6588592529297 3.8474658 1.5034255 1.6265754 2.4604955 1.8410114 36.301796 2.064464569091797 0.30890145897865295
