Pedestrian 0.0 0 -1.2675780057907104 0.0 159.1290283203125 57.85035705566406 263.06646728515625 0.900803 1.720277 0.5641541 -10.086814 1.4934715 12.462117 -1.9480233192443848 0.3735174238681793
Pedestrian 0.0 0 -2.252763032913208 292.2093505859375 178.6278533935547 320.7242431640625 225.18934631347656 0.78984815 1.7282131 0.64261645 -11.553726 1.951319 27.364021 -2.6522793769836426 0.15731237828731537
Pedestrian 0.0 0 -2.0854406356811523 0.0 149.1124725341797 63.690311431884766 237.838134765625 1.800154 1.7262391 0.6076894 -12.058474 1.2646837 14.642165 -2.774374008178711 0.12112245708703995
Cyclist 0.0 0 -2.1480789184570312 0.0 148.26463317871094 66.99949645996094 236.8460693359375 1.8188164 1.7261908 0.61148965 -12.03057 1.2473744 14.622668 -2.83652925491333 0.49262404441833496
Cyclist 0.0 0 -2.0374979972839355 8.281291961669922 140.9686737060547 114.0365219116211 255.21652221679688 1.7940767 1.7486566 0.6210854 -8.970991 1.2609833 11.711064 -2.6911776065826416 0.2452896535396576
Cyclist 0.0 0 -1.2447962760925293 0.0 155.50335693359375 60.2868766784668 260.2477111816406 1.0016443 1.7299523 0.5832071 -10.100552 1.4437478 12.485005 -1.9250097274780273 0.13555338978767395
Car 0.0 0 2.070826530456543 0.0 176.1480712890625 401.2039794921875 375.0 4.2403502 1.6290748 1.688145 -3.7542007 1.6735588 7.513048 1.607426404953003 0.8420887589454651
Car 0.0 0 -1.4902151823043823 666.4378662109375 164.61880493164062 708.0501098632812 199.5281982421875 3.669256 1.5430539 1.6521921 3.6321208 1.1794021 33.846878 -1.3833138942718506 0.541904091835022
Car 0.0 0 2.3423380851745605 0.0 177.84384155273438 125.43000793457031 375.0 3.830443 1.4273047 1.5583563 -3.6899087 1.4604 2.713862 1.4056864976882935 0.4095679223537445
Car 0.0 0 1.9627310037612915 609.441162109375 162.18548583984375 655.6009521484375 187.809814453125 3.8785732 1.6094847 1.6797098 1.4951549 0.9397445 47.43073 1.9942435026168823 0.22857840359210968
