Pedestrian 0.0 0 1.4005565643310547 814.292724609375 144.60626220703125 840.5385131835938 204.79534912109375 0.85109407 1.8887342 0.6680717 6.907734 1.0026782 23.101677 1.6911089420318604 0.3562678098678589
Cyclist 0.0 0 -1.2172572612762451 353.3445739746094 191.46067810058594 394.8197021484375 252.1390380859375 1.803308 1.7357547 0.6247482 -7.250733 2.329866 22.109554 -1.5341510772705078 0.37777087092399597
Car 0.0 0 3.5493414402008057 96.61529541015625 185.54165649414062 339.6158447265625 265.92279052734375 4.0135207 1.4866216 1.6386856 -7.8363676 1.7617192 14.637059 3.057793140411377 0.8614730834960938
Car 0.0 0 -0.4030291438102722 739.1070556640625 185.74327087402344 958.5827026367188 273.4299011230469 3.6011446 1.5062673 1.5906848 4.367152 1.7673396 13.632838 -0.09301725775003433 0.838938295841217
Car 0.0 0 0.7185033559799194 0.0 194.43785095214844 218.0065460205078 320.1326599121094 3.9477656 1.4454578 1.5967727 -7.598946 1.7558596 9.479783 0.04279065132141113 0.7353530526161194
Car 0.0 0 0.823453962802887 0.0 192.5697021484375 89.9712905883789 370.8191833496094 3.826809 1.472061 1.5885665 -7.543613 1.6839048 6.9352107 -0.003939609043300152 0.5357956886291504
Car 0.0 0 -1.8493192195892334 451.9158020019531 185.02737426757812 488.56524658203125 207.64451599121094 3.7573059 1.5019633 1.6253976 -10.163983 2.4167683 52.15529 -2.0417861938476562 0.520603597164154
Car 0.0 0 -0.41844508051872253 698.269775390625 187.03128051757812 887.9366455078125 261.9881591796875 3.7869875 1.518322 1.6280959 3.9938054 1.85883 16.175177 -0.17637719213962555 0.5117722749710083
Car 0.0 0 3.539109468460083 201.8258056640625 176.92845153808594 371.32672119140625 240.34042358398438 3.8796623 1.6449758 1.6763937 -8.779499 1.761605 19.707653 3.1200151443481445 0.44723448157310486
Car 0.0 0 0.372426837682724 247.3423614501953 180.0282440185547 393.9197692871094 233.58082580566406 3.876817 1.5786955 1.652193 -8.918692 1.809502 22.333588 -0.007510307710617781 0.43582943081855774
Car 0.0 0 3.4999990463256836 151.1204376220703 182.8646240234375 345.083740234375 251.01954650878906 3.819409 1.5059626 1.6086746 -8.558193 1.7592059 17.22874 3.0389633178710938 0.41645872592926025
