Pedestrian 0.0 0 2.555912971496582 700.5938110351562 177.37400817871094 724.854736328125 221.62127685546875 0.82212704 1.8213116 0.58074504 4.260839 2.0137875 30.226204 2.695955276489258 0.2947230935096741
Pedestrian 0.0 0 -2.5256693363189697 363.362060546875 152.8115234375 420.245361328125 259.1836242675781 0.7460581 1.8437616 0.6350515 -3.9532661 1.4967204 12.922268 -2.822554588317871 0.19990777969360352
Pedestrian 0.0 0 0.2997044026851654 397.37908935546875 162.7379608154297 444.84234619140625 255.37777709960938 0.78823394 1.830269 0.59339887 -3.8554149 1.630766 14.565131 0.04093742370605469 0.16859295964241028
Pedestrian 0.0 0 0.34081020951271057 500.731201171875 174.03668212890625 521.802734375 218.74459838867188 0.6950799 1.7915019 0.5770567 -4.0460515 1.840439 29.281652 0.20350265502929688 0.13241729140281677
Pedestrian 0.0 0 1.4756799936294556 716.1634521484375 169.23580932617188 733.4293212890625 217.7515869140625 0.7992932 1.8000814 0.56737196 4.2772837 1.6661941 27.184664 1.6317423582077026 0.1261494755744934
Cyclist 0.0 0 -1.0731608867645264 0.0 84.89017486572266 158.70297241210938 375.0 1.8056921 1.7495071 0.51644856 -4.056616 1.219496 5.279865 -1.7282829284667969 0.33158567547798157
Cyclist 0.0 0 -1.5184745788574219 697.695068359375 174.94862365722656 708.7378540039062 212.3964080810547 1.5663985 1.6937302 0.4300631 4.2985425 1.7937859 33.53129 -1.390974998474121 0.11396960914134979
Car 0.0 0 1.5017316341400146 658.2567749023438 187.82278442382812 700.598388671875 225.74246215820312 3.962782 1.5500844 1.6487557 3.0841913 2.2781098 33.072323 1.5947186946868896 0.8265138268470764
Car 0.0 0 1.2568660974502563 833.52685546875 166.3688201904297 1142.4149169921875 375.0 3.23555 1.5610577 1.5117241 3.1249697 1.515857 6.762142 1.6897591352462769 0.2884887158870697
Car 0.0 0 1.4114400148391724 556.8399658203125 188.6475067138672 593.2103271484375 215.58273315429688 3.7793531 1.5327669 1.7029923 -2.2777855 2.5725224 45.457474 1.361373782157898 0.11216482520103455
