Pedestrian 0.0 0 -1.0348385572433472 883.8409423828125 161.30870056152344 916.8875122070312 219.18955993652344 0.82480955 1.749952 0.61339396 8.93165 1.4012531 22.306309 -0.6539795398712158 0.5852296352386475
Pedestrian 0.0 0 -0.5536956787109375 844.2798461914062 167.63998413085938 874.46484375 218.5083770751953 0.7452587 1.7400901 0.6803861 8.623825 1.5620891 25.093481 -0.2226729542016983 0.3177765905857086
Pedestrian 0.0 0 -0.40489116311073303 789.4253540039062 139.94677734375 837.5671997070312 209.42904663085938 1.1214911 1.8593248 0.5891644 5.493653 0.97909546 19.671497 -0.13255980610847473 0.2219052016735077
Cyclist 0.0 0 -2.0988082885742188 1051.685546875 142.81939697265625 1135.865234375 230.86402893066406 1.9627204 1.7864071 0.60062814 10.3757715 1.1773694 15.6342 -1.5128910541534424 0.867774248123169
Cyclist 0.0 0 -1.3527522087097168 503.9357604980469 168.91986083984375 517.7503662109375 198.9430389404297 1.7909746 1.7483572 0.4392538 -5.9246182 1.5196162 42.925293 -1.4899072647094727 0.2876666188240051
Cyclist 0.0 0 -1.3363170623779297 495.71112060546875 173.52284240722656 511.1158142089844 205.00389099121094 1.7492495 1.7233424 0.46214688 -5.9981294 1.7620015 40.42511 -1.4836187362670898 0.18258772790431976
Cyclist 0.0 0 -1.733508825302124 477.3852233886719 168.5611114501953 494.4869079589844 204.07492065429688 1.8128171 1.7108284 0.54442096 -6.18632 1.5043827 35.70188 -1.90508234500885 0.1723027378320694
Cyclist 0.0 0 -1.3159866333007812 735.2357788085938 150.32923889160156 754.7076416015625 190.08755493164062 1.6440932 1.7850659 0.4851334 6.187535 0.774109 33.24001 -1.1319458484649658 0.1710539311170578
Cyclist 0.0 0 -1.7847083806991577 842.6495971679688 168.39271545410156 870.2247314453125 219.20457458496094 1.1977069 1.7307385 0.66998386 8.553677 1.5791373 25.206924 -1.457563042640686 0.15626752376556396
Cyclist 0.0 0 -0.3178327679634094 791.1304931640625 138.2696533203125 841.7328491210938 207.16476440429688 1.1977385 1.8454725 0.5964218 5.5646176 0.91943014 19.647873 -0.04184314236044884 0.13837282359600067
Cyclist 0.0 0 -1.4759365320205688 887.1796875 161.12913513183594 912.6653442382812 219.81556701660156 0.9045908 1.7694403 0.6499073 8.920978 1.4162848 22.303028 -1.0954391956329346 0.11606302112340927
Car 0.0 0 1.822448968887329 306.30401611328125 187.12533569335938 526.984130859375 342.641845703125 4.0882487 1.4312818 1.6234334 -2.1757293 1.6518259 9.072472 1.5870773792266846 0.9005754590034485
