Pedestrian 0.0 0 1.470338225364685 566.3594360351562 150.21939086914062 637.4876098632812 313.8569641113281 0.9280943 1.713504 0.69681835 -0.105784796 1.3981166 7.899394 1.4569475650787354 0.7272941470146179
Pedestrian 0.0 0 -1.521536946296692 839.3101196289062 174.7349395751953 869.423095703125 244.0498046875 0.8006617 1.7015053 0.680313 6.2652373 1.5615853 17.85038 -1.1839838027954102 0.34681543707847595
Pedestrian 0.0 0 1.7760701179504395 525.8582153320312 167.9386749267578 566.57373046875 264.597900390625 0.7317967 1.7223076 0.61202854 -1.1148419 1.500128 12.993289 1.6904783248901367 0.18015101552009583
Pedestrian 0.0 0 2.0553932189941406 250.0961151123047 172.54991149902344 308.990966796875 266.0989074707031 0.9436412 1.7506893 0.67858934 -6.3393335 1.6035467 13.7155485 1.6224398612976074 0.17762218415737152
Pedestrian 0.0 0 -0.4961831867694855 757.5023803710938 137.72906494140625 821.0587768554688 243.14170837402344 0.88731116 1.7810109 0.61590827 3.166458 1.0600184 12.34747 -0.24514707922935486 0.14860893785953522
Pedestrian 0.0 0 -0.5022256374359131 49.441890716552734 188.93577575683594 107.0670166015625 248.47781372070312 1.1793962 1.6497446 0.6303572 -15.249913 1.9032167 20.441643 -1.1431759595870972 0.14792901277542114
Pedestrian 0.0 0 -1.9608765840530396 1118.76025390625 190.3748779296875 1224.0 370.0 0.67850566 1.6686673 0.65522194 4.326568 1.7504154 5.3064322 -1.2768492698669434 0.13548000156879425
Cyclist 0.0 0 0.3751760721206665 37.168949127197266 188.33517456054688 109.9716796875 248.80287170410156 1.5415226 1.685953 0.6658303 -15.322104 1.9191504 20.371387 -0.2696923017501831 0.3281351625919342
Cyclist 0.0 0 -1.7555394172668457 843.5859985351562 150.54745483398438 897.9420166015625 258.9682922363281 1.8249633 1.7446091 0.5490704 4.5510874 1.2642941 12.317886 -1.4016258716583252 0.1976824253797531
Cyclist 0.0 0 -1.4857902526855469 79.88384246826172 151.04916381835938 120.58767700195312 247.14476013183594 1.7050918 1.6822805 0.4806614 -9.466089 1.1683493 13.228551 -2.10689640045166 0.14113958179950714
Car 0.0 0 2.268746852874756 0.0 183.8614501953125 126.12899780273438 234.7658233642578 4.207336 1.5440032 1.649944 -18.49483 1.6691045 23.855953 1.6092673540115356 0.2564457356929779
