Pedestrian 0.0 0 -0.9409250020980835 894.5327758789062 160.1651611328125 958.89892578125 274.9908447265625 0.6928798 1.7181562 0.625793 4.964888 1.4155439 11.018039 -0.5175601840019226 0.21485535800457
Pedestrian 0.0 0 -1.2180598974227905 0.0 196.3340301513672 17.878265380859375 241.61477661132812 0.81658757 1.7608142 0.67878115 -24.153095 2.4082854 28.340078 -1.9238641262054443 0.20214542746543884
Pedestrian 0.0 0 -1.8586429357528687 876.3375854492188 140.04762268066406 899.5470581054688 188.41156005859375 1.0450519 1.8571746 0.56868064 11.050189 0.30531022 27.692102 -1.478966474533081 0.17450125515460968
Pedestrian 0.0 0 -1.0957353115081787 845.1045532226562 161.80833435058594 903.577880859375 274.3526306152344 0.7342895 1.7371571 0.61338544 4.292932 1.4503036 11.382273 -0.7350727319717407 0.14996854960918427
Pedestrian 0.0 0 1.0550851821899414 820.65966796875 146.40505981445312 848.174072265625 186.2632293701172 1.6048312 1.8128777 0.490912 10.6737585 0.26359007 32.989304 1.368006944656372 0.13587656617164612
Pedestrian 0.0 0 2.2457356452941895 15.049849510192871 137.2886962890625 70.46129608154297 215.63758850097656 0.97184676 1.885256 0.5987582 -13.934581 0.847093 17.49489 1.5731360912322998 0.13091306388378143
Pedestrian 0.0 0 -1.8524231910705566 920.1994018554688 99.02681732177734 1001.4329833984375 260.6151123046875 1.0450146 1.8196048 0.6010456 4.210269 0.9038418 8.524209 -1.3936522006988525 0.12311245501041412
Cyclist 0.0 0 -1.1539021730422974 415.2550048828125 178.7938995361328 432.3922119140625 207.7783966064453 1.6505114 1.6840693 0.3476911 -10.739185 1.5863174 41.91893 -1.4046976566314697 0.42761242389678955
Cyclist 0.0 0 1.0550851821899414 820.65966796875 146.40505981445312 848.174072265625 186.2632293701172 1.6048312 1.8128777 0.490912 10.6737585 0.26359007 32.989304 1.368006944656372 0.2786552608013153
Cyclist 0.0 0 -0.15084001421928406 598.108642578125 166.41183471679688 622.7291259765625 189.98220825195312 1.8162729 1.7974085 0.6452744 0.4235353 0.72434247 54.36135 -0.14304906129837036 0.203922301530838
Cyclist 0.0 0 -1.8786777257919312 875.747802734375 139.8068389892578 900.1150512695312 188.8107147216797 1.1476316 1.8777704 0.56213593 11.043983 0.31996283 27.680803 -1.499054193496704 0.14384688436985016
Car 0.0 0 -1.3823298215866089 537.3489379882812 168.5857696533203 571.757080078125 191.65484619140625 4.1359615 1.5437398 1.656783 -3.4779158 0.7477798 49.460705 -1.4525309801101685 0.44802162051200867
Car 0.0 0 2.6641242504119873 835.5542602539062 148.71820068359375 932.0195922851562 182.07276916503906 4.160523 1.6099516 1.6717659 13.811941 0.07735491 35.16856 3.0383524894714355 0.26624229550361633
Car 0.0 0 3.6190972328186035 13.749130249023438 191.66725158691406 100.29547882080078 219.06787109375 3.8878758 1.5988486 1.6148396 -33.518055 2.3026707 43.32795 2.9606688022613525 0.15723495185375214
Car 0.0 0 1.5528063774108887 130.135498046875 180.2272491455078 171.89097595214844 213.56427001953125 3.8175738 1.4863406 1.5897837 -21.59272 1.4756451 33.547405 0.9809095859527588 0.15699322521686554
Car 0.0 0 -0.4283562898635864 599.6754150390625 167.27764892578125 654.28271484375 187.33529663085938 3.9704144 1.5326525 1.6278876 1.7390351 0.5235573 55.540627 -0.3970554769039154 0.12516506016254425
