Pedestrian 0.0 0 -1.6902250051498413 634.8989868164062 168.1009979248047 685.7118530273438 287.02294921875 0.88685954 1.6730942 0.63784415 0.80610627 1.4859035 10.560329 -1.6140393018722534 0.7552487254142761
Pedestrian 0.0 0 1.671423316001892 694.2696533203125 163.32110595703125 746.1207275390625 283.6693115234375 0.97120965 1.7021196 0.6725086 1.7412176 1.4463271 10.713083 1.8325462341308594 0.6429855823516846
Pedestrian 0.0 0 2.2021498680114746 302.86883544921875 162.83067321777344 384.7646484375 288.9276123046875 0.8626052 1.702037 0.72877795 -3.6895714 1.451366 10.209618 1.8553714752197266 0.6384132504463196
Pedestrian 0.0 0 -1.6815860271453857 733.4859008789062 163.58299255371094 757.595458984375 224.69105529785156 0.80584043 1.7597412 0.6070023 4.19938 1.2449198 21.110806 -1.4852283000946045 0.5982478260993958
Pedestrian 0.0 0 2.5283327102661133 756.9962158203125 148.94692993164062 800.88671875 224.87705993652344 0.88508046 1.8477385 0.5883734 4.3899865 1.0567615 17.913069 2.768667697906494 0.5013720989227295
Pedestrian 0.0 0 -1.840295672416687 680.0001831054688 164.6000213623047 705.5298461914062 221.7620849609375 0.71781844 1.7455503 0.6169565 2.8069673 1.2305949 22.332666 -1.715262532234192 0.451223224401474
Pedestrian 0.0 0 0.9227186441421509 157.0234375 165.21563720703125 216.8612823486328 256.8240051269531 0.8566764 1.7296153 0.61923623 -8.120618 1.423417 14.011214 0.397449254989624 0.44543856382369995
Pedestrian 0.0 0 2.471945285797119 743.0684204101562 148.1514129638672 785.5682983398438 219.5386505126953 0.93181324 1.8237364 0.5717146 4.23138 0.9729551 18.808323 2.69323468208313 0.40242481231689453
Pedestrian 0.0 0 -1.1185017824172974 305.5272216796875 153.54176330566406 342.0135498046875 218.05856323242188 0.8672522 1.8134186 0.66802716 -8.00163 1.028724 20.64783 -1.4882111549377441 0.3843870759010315
Pedestrian 0.0 0 -0.25737839937210083 770.3965454101562 144.10873413085938 809.1770629882812 211.6573944091797 0.9083002 1.845029 0.6335385 5.18879 0.8248776 19.936062 -0.002755992114543915 0.32190343737602234
Pedestrian 0.0 0 1.4459569454193115 504.0871276855469 167.2484130859375 533.4987182617188 226.49647521972656 1.7800168 1.7448027 0.6769783 -2.5860944 1.3262366 22.096834 1.3294522762298584 0.10904103517532349
Pedestrian 0.0 0 1.7374147176742554 531.25 166.03598022460938 565.2630004882812 235.89317321777344 1.7807465 1.7534076 0.611257 -1.4143487 1.3664458 18.942219 1.6628865003585815 0.1079973429441452
Cyclist 0.0 0 1.7172743082046509 450.6450500488281 167.65843200683594 501.1361999511719 273.3759765625 1.8060982 1.7693734 0.6426293 -2.269412 1.538995 12.931482 1.5435482263565063 0.89481520652771
Cyclist 0.0 0 1.4557876586914062 504.9807434082031 167.60885620117188 533.5635375976562 226.98826599121094 1.7878481 1.7509105 0.6684295 -2.5743432 1.3424348 22.125483 1.339956521987915 0.7851420640945435
Cyclist 0.0 0 1.7374147176742554 531.25 166.03598022460938 565.2630004882812 235.89317321777344 1.7807465 1.7534076 0.611257 -1.4143487 1.3664458 18.942219 1.6628865003585815 0.7578355669975281
Cyclist 0.0 0 -1.7055572271347046 669.5324096679688 164.79302978515625 703.98779296875 237.91017150878906 1.9249293 1.7604861 0.60856235 2.113322 1.3594183 18.261404 -1.5903435945510864 0.561150074005127
Cyclist 0.0 0 -1.3134965896606445 367.738525390625 184.9962158203125 386.34820556640625 225.72958374023438 1.5222304 1.5797809 0.33742526 -8.991588 1.7244802 28.756323 -1.6165473461151123 0.32348397374153137
Cyclist 0.0 0 -1.6959701776504517 634.5628662109375 168.15000915527344 685.7627563476562 287.74273681640625 0.9022915 1.6836957 0.6380713 0.80506265 1.4970644 10.576811 -1.6200008392333984 0.14187116920948029
Cyclist 0.0 0 2.0091474056243896 304.83892822265625 153.20230102539062 342.2971496582031 218.55958557128906 0.94471914 1.8324118 0.6672981 -7.9996634 1.0401812 20.63131 1.6392511129379272 0.1365419179201126
Cyclist 0.0 0 0.9255178570747375 153.978271484375 165.3374786376953 219.01669311523438 258.15655517578125 1.0049151 1.7520652 0.62059695 -8.145718 1.4482384 14.038156 0.39974284172058105 0.13611271977424622
Cyclist 0.0 0 1.671423316001892 694.2696533203125 163.32110595703125 746.1207275390625 283.6693115234375 0.97120965 1.7021196 0.6725086 1.7412176 1.4463271 10.713083 1.8325462341308594 0.11212790757417679
