Pedestrian 0.0 0 -0.9877832531929016 199.84596252441406 159.4288330078125 314.9728088378906 347.71368408203125 0.9208583 1.6488628 0.570019 -3.2659047 1.4569621 6.78248 -1.4365384578704834 0.6068000793457031
Pedestrian 0.0 0 -1.8342125415802002 939.447021484375 163.09837341308594 1007.7882080078125 291.13287353515625 0.8367794 1.6850086 0.6382735 5.076608 1.4441613 9.926662 -1.3614776134490967 0.6060184240341187
Pedestrian 0.0 0 -1.8143677711486816 769.0928955078125 171.89903259277344 810.6782836914062 246.74591064453125 0.897435 1.718742 0.75170183 4.3980165 1.4994801 16.945417 -1.5604305267333984 0.5942206978797913
Pedestrian 0.0 0 -3.1758856773376465 860.1065673828125 169.2061004638672 890.330810546875 233.8891143798828 0.76527876 1.7672238 0.60916805 7.5977693 1.4324946 20.034887 -2.8134143352508545 0.4248349666595459
Pedestrian 0.0 0 -2.2432587146759033 830.9912719726562 157.5713348388672 869.1600341796875 215.05999755859375 0.99107313 1.8021837 0.69180375 7.960707 1.0531629 23.098732 -1.9113683700561523 0.41768959164619446
Pedestrian 0.0 0 2.0379676818847656 495.56182861328125 175.85702514648438 517.9342651367188 219.7303924560547 0.87585634 1.7773237 0.5834691 -3.9146843 1.5497204 29.60696 1.906508445739746 0.3850002884864807
Pedestrian 0.0 0 -2.037461757659912 876.1553344726562 164.65118408203125 912.709228515625 228.1705780029297 0.84752434 1.765295 0.6479218 8.285661 1.298193 20.409534 -1.6518193483352661 0.37050387263298035
Pedestrian 0.0 0 -2.7948427200317383 667.1595458984375 174.11981201171875 681.467041015625 201.92337036132812 0.787619 1.8590959 0.6488083 4.9320636 1.3662901 48.49214 -2.6934828758239746 0.36433666944503784
Pedestrian 0.0 0 2.8691389560699463 482.877197265625 180.32899475097656 507.8383483886719 224.08717346191406 0.8402299 1.7219896 0.66190606 -4.264501 1.6769168 28.739025 2.7218267917633057 0.3368017077445984
Pedestrian 0.0 0 0.5920264720916748 1056.4970703125 110.01197814941406 1154.977294921875 265.9765319824219 0.7647248 1.7690381 0.59396154 5.981633 0.95953166 8.60924 1.1992487907409668 0.3291115164756775
Pedestrian 0.0 0 -0.6017672419548035 828.088134765625 184.82485961914062 885.7957153320312 281.34954833984375 0.6706384 1.6478225 0.72277856 4.4759808 1.7100261 12.726668 -0.263577938079834 0.2884657084941864
Pedestrian 0.0 0 -2.1285176277160645 1031.9405517578125 99.4677505493164 1204.13916015625 298.76727294921875 1.7883614 1.7322857 0.5005606 4.9837723 1.0206555 7.1468797 -1.5195821523666382 0.12353548407554626
Pedestrian 0.0 0 -0.3735791742801666 716.9352416992188 136.1773223876953 929.3146362304688 345.6418762207031 1.68099 1.7210096 0.55050516 1.8478085 1.3500172 6.245768 -0.0859343484044075 0.11220571398735046
Pedestrian 0.0 0 -1.4988902807235718 420.35150146484375 174.66554260253906 450.78643798828125 254.47914123535156 1.848981 1.7620631 0.5671459 -3.897911 1.6123973 16.813541 -1.726697564125061 0.10355079174041748
Cyclist 0.0 0 -2.0099072456359863 1025.243408203125 94.03031158447266 1169.57568359375 286.8282470703125 1.7943953 1.7555169 0.49858883 5.012712 0.9604422 7.462806 -1.4184333086013794 0.5731634497642517
Cyclist 0.0 0 -1.5674790143966675 422.05767822265625 176.5001983642578 449.1425476074219 255.8838653564453 1.8908002 1.745351 0.58281314 -3.9080002 1.6366451 16.77752 -1.796329140663147 0.5400440096855164
Cyclist 0.0 0 -0.3735791742801666 716.9352416992188 136.1773223876953 929.3146362304688 345.6418762207031 1.68099 1.7210096 0.55050516 1.8478085 1.3500172 6.245768 -0.0859343484044075 0.29548144340515137
Cyclist 0.0 0 0.831122875213623 828.9571533203125 158.33982849121094 872.2858276367188 216.5632781982422 1.2194715 1.8128604 0.6635374 7.959417 1.0928491 23.054926 1.1635483503341675 0.20554548501968384
Cyclist 0.0 0 -0.9877832531929016 199.84596252441406 159.4288330078125 314.9728088378906 347.71368408203125 0.9208583 1.6488628 0.570019 -3.2659047 1.4569621 6.78248 -1.4365384578704834 0.15121132135391235
Cyclist 0.0 0 -2.029705286026001 875.1139526367188 164.3737030029297 912.8683471679688 228.4846954345703 0.95007765 1.7781628 0.63685024 8.274893 1.3043047 20.418148 -1.6446627378463745 0.11709914356470108
Car 0.0 0 1.6835381984710693 554.0104370117188 169.2673797607422 598.3001708984375 208.1409912109375 4.254498 1.781225 1.6947615 -1.1806729 1.2216458 35.09974 1.6499131917953491 0.7156355977058411
Car 0.0 0 1.4662799835205078 621.2488403320312 170.47203063964844 646.240234375 191.56387329101562 4.114626 1.7024552 1.661796 2.6953607 0.8128217 60.08196 1.5111113786697388 0.37708666920661926
Car 0.0 0 2.240114688873291 121.20748138427734 196.44247436523438 366.85931396484375 313.2352294921875 3.5085652 1.4240824 1.5349047 -5.3130517 1.6957961 11.117832 1.7943146228790283 0.309058278799057
