Pedestrian 0.0 0 2.3762974739074707 996.6246337890625 154.17897033691406 1107.5810546875 308.58111572265625 1.0171124 1.7473526 0.5460612 5.232364 1.4511658 8.368123 2.935093402862549 0.5512731671333313
Pedestrian 0.0 0 -1.7394517660140991 837.2371826171875 169.59234619140625 869.2987670898438 240.8442840576172 0.8714947 1.7559748 0.6258012 6.2394605 1.4887573 17.901594 -1.4040762186050415 0.1564551740884781
Pedestrian 0.0 0 -0.6914476156234741 50.0052375793457 189.5986785888672 107.41692352294922 249.1802520751953 1.236927 1.6497924 0.5971128 -15.237544 1.9232153 20.449478 -1.3318253755569458 0.15080109238624573
Pedestrian 0.0 0 -3.330437183380127 824.2147216796875 188.9258270263672 866.1846313476562 279.37969970703125 0.6707346 1.7315329 0.661143 4.694929 1.9041643 13.972058 -3.00626802444458 0.14232006669044495
Pedestrian 0.0 0 -0.7083116769790649 983.2158203125 191.72779846191406 1122.23583984375 370.0 0.65906435 1.6225675 0.5787876 3.268829 1.7135167 5.2783594 -0.15382984280586243 0.1397804468870163
Pedestrian 0.0 0 -2.1992433071136475 1111.4642333984375 185.04164123535156 1224.0 370.0 0.68276554 1.6721108 0.6514441 4.315919 1.710246 5.3076267 -1.5165327787399292 0.12721514701843262
Pedestrian 0.0 0 -2.2651543617248535 1161.1734619140625 164.469482421875 1224.0 264.8409423828125 0.96107 1.6417612 0.59997064 10.108994 1.3812045 12.041853 -1.566794753074646 0.1205497533082962
Pedestrian 0.0 0 1.606619954109192 759.6880493164062 132.6033172607422 799.2568359375 242.69650268554688 0.906816 1.8630496 0.64964384 3.0474663 1.0541675 12.484668 1.8460348844528198 0.11940858513116837
Pedestrian 0.0 0 0.47201499342918396 236.84222412109375 174.1081085205078 303.114013671875 268.0683898925781 0.9592765 1.7625005 0.65757626 -6.474349 1.644238 13.599749 0.027698993682861328 0.10932733863592148
Pedestrian 0.0 0 -1.3410673141479492 73.25682067871094 159.27574157714844 126.94441986083984 252.52557373046875 1.6133187 1.633965 0.46485108 -9.454476 1.2637086 13.2185955 -1.9619488716125488 0.10353440046310425
Cyclist 0.0 0 -1.3452088832855225 72.39149475097656 158.9121856689453 127.1600112915039 253.68284606933594 1.6870478 1.654278 0.47001606 -9.449541 1.2790949 13.205931 -1.966296911239624 0.3111044764518738
Cyclist 0.0 0 0.42499953508377075 42.07041931152344 189.595947265625 106.64118957519531 249.638916015625 1.3392863 1.6789126 0.65260214 -15.304445 1.9485687 20.370161 -0.21934384107589722 0.17711880803108215
Cyclist 0.0 0 -2.0901310443878174 0.0 181.03831481933594 60.56781768798828 264.9912109375 1.8064214 1.6142778 0.6087759 -11.908949 1.6271672 14.1962185 -2.788134813308716 0.14354601502418518
Cyclist 0.0 0 1.5934484004974365 968.8369140625 146.26539611816406 1009.1835327148438 261.60894775390625 1.6943861 1.7361012 0.54017305 6.2220883 1.2224774 11.506937 2.0891427993774414 0.13518217206001282
Cyclist 0.0 0 2.396003484725952 990.4263305664062 151.18728637695312 1107.72412109375 308.935791015625 1.1008883 1.7876545 0.5462166 5.2029204 1.4571593 8.379642 2.9516491889953613 0.12190601974725723
Car 0.0 0 1.8303518295288086 54.15515899658203 187.4839324951172 139.009765625 230.60305786132812 4.0375524 1.4460763 1.603884 -19.013474 1.7316355 26.581995 1.209446668624878 0.1619878113269806
