Pedestrian 0.0 0 1.6733477115631104 492.85028076171875 177.2705841064453 517.2882080078125 235.7578582763672 1.8334373 1.7643732 0.58417153 -3.3510194 1.9101905 22.832424 1.5276222229003906 0.10792940109968185
Cyclist 0.0 0 1.6289567947387695 493.8315734863281 176.5884552001953 515.9146118164062 234.6694793701172 1.8161163 1.7513614 0.58973753 -3.3546507 1.8745784 22.804424 1.4828990697860718 0.8634918332099915
Car 0.0 0 2.4401776790618896 980.3319091796875 189.88002014160156 1242.0 353.2418212890625 3.6611118 1.456236 1.578342 5.9932246 1.6516615 7.4331403 3.118738889694214 0.8432000875473022
Car 0.0 0 -1.6966216564178467 631.3372192382812 179.22103881835938 681.3258666992188 216.36669921875 4.0596313 1.4501802 1.6281366 1.8787587 1.7420809 30.957466 -1.6360076665878296 0.7996906042098999
Car 0.0 0 2.6338677406311035 810.22021484375 189.2719268798828 1081.8126220703125 281.85955810546875 4.045533 1.4544572 1.6246828 5.7222095 1.7650923 12.655946 3.0584964752197266 0.794925332069397
Car 0.0 0 3.625185012817383 0.0 176.6399383544922 322.0889892578125 285.81671142578125 4.0297956 1.5693365 1.6673173 -6.941322 1.6345371 11.395285 3.0780720710754395 0.7904874086380005
Car 0.0 0 -0.42594078183174133 761.6575317382812 184.53880310058594 967.2904663085938 257.0355529785156 3.8776057 1.4357663 1.5881649 5.35702 1.7041597 15.574677 -0.09465957432985306 0.7749989032745361
Car 0.0 0 -0.6463088393211365 904.4815063476562 182.37857055664062 1235.9425048828125 300.8548583984375 3.7191858 1.4754928 1.5894485 6.2482133 1.621931 10.100827 -0.09233634173870087 0.7326667904853821
Car 0.0 0 0.42899343371391296 107.88182067871094 156.43295288085938 376.89666748046875 250.491455078125 4.316303 1.6997588 1.7376978 -6.9995575 1.4033669 13.980601 -0.03518376499414444 0.7035498023033142
Car 0.0 0 -2.344425678253174 0.0 177.86119079589844 165.30752563476562 355.44744873046875 3.783452 1.4712903 1.5945517 -6.6639233 1.525237 6.8711824 -3.1145124435424805 0.7015458941459656
Car 0.0 0 -0.35355624556541443 755.33154296875 168.0709228515625 937.0052490234375 231.66822814941406 3.9607842 1.4972014 1.6237792 5.7140236 1.384957 17.882376 -0.04427627846598625 0.6862856149673462
Car 0.0 0 0.2599698305130005 381.1444091796875 179.9817352294922 494.11865234375 220.75978088378906 3.9485145 1.5052983 1.6301174 -6.625237 1.7888764 27.801357 0.02602696418762207 0.6409136056900024
Car 0.0 0 -2.86691951751709 351.3234558105469 177.0545196533203 478.0805358886719 223.07931518554688 3.968711 1.5410188 1.6477922 -6.7839737 1.6927725 25.15672 -3.130322217941284 0.6372449398040771
