Pedestrian 0.0 0 1.6810505390167236 433.4476013183594 164.87828063964844 447.7318420410156 200.42726135253906 0.7044694 1.8638735 0.66412497 -9.006539 1.446055 38.218086 1.4496115446090698 0.25061172246932983
Pedestrian 0.0 0 -1.231186866760254 331.9332580566406 153.59378051757812 350.8941345214844 193.2218475341797 0.69023675 1.9210418 0.6797213 -13.184537 0.9877261 35.326138 -1.5883989334106445 0.23429420590400696
Pedestrian 0.0 0 -2.551558256149292 530.6624145507812 177.71112060546875 553.2711791992188 218.86001586914062 0.7081527 1.6921664 0.6377469 -2.8896582 1.8990191 30.223757 -2.6468772888183594 0.1554419845342636
Cyclist 0.0 0 -1.9316003322601318 846.99462890625 152.80909729003906 912.0327758789062 242.42503356933594 1.9391981 1.7680204 0.6304591 5.586246 1.3729151 15.2046795 -1.579506516456604 0.8930094242095947
Cyclist 0.0 0 -1.7369633913040161 815.89697265625 178.62037658691406 831.0700073242188 220.4986572265625 1.5956929 1.6768781 0.34099573 8.804735 1.9229069 29.92513 -1.4508126974105835 0.20650434494018555
Cyclist 0.0 0 0.0016801953315734863 406.6566162109375 182.24571228027344 444.2528991699219 219.15316772460938 1.7817113 1.7782016 0.7863278 -9.155585 2.2506804 35.66787 -0.24958494305610657 0.12379723787307739
Car 0.0 0 -1.6379328966140747 575.7374877929688 180.79872131347656 674.1421508789062 267.4424133300781 3.7487316 1.4324757 1.641559 0.11854677 1.6103265 14.197742 -1.6295833587646484 0.7988945841789246
Car 0.0 0 1.6354038715362549 402.0487365722656 182.74551391601562 437.87896728515625 213.29660034179688 3.5124524 1.4373889 1.5562893 -9.744319 1.9711018 37.030106 1.3780914545059204 0.1776118278503418
Car 0.0 0 -1.5648478269577026 596.7987670898438 168.02139282226562 619.31005859375 189.6595458984375 4.1166053 1.6389198 1.7051567 -0.16772047 1.273245 56.70887 -1.5678054094314575 0.1618339866399765
Car 0.0 0 2.261422634124756 0.0 0.0 301.58642578125 375.0 4.095393 1.7001067 1.6677994 -3.8223572 1.0063331 4.756854 1.5845224857330322 0.13893985748291016
