Pedestrian 0.0 0 -0.6866850852966309 1066.6541748046875 130.54132080078125 1109.2728271484375 200.2568817138672 0.77380747 1.8672554 0.58246636 12.964884 0.7343144 19.652508 -0.10351661592721939 0.22820205986499786
Pedestrian 0.0 0 1.0522687435150146 1183.94189453125 127.61592102050781 1231.17333984375 198.22166442871094 0.95332223 1.8972722 0.61003625 16.424463 0.6820216 19.907633 1.7420886754989624 0.15127462148666382
Pedestrian 0.0 0 3.084247350692749 251.0058135986328 185.81398010253906 290.8178405761719 225.9225616455078 1.5612836 1.7159343 0.6143098 -15.041579 2.3012905 31.92405 2.643930435180664 0.13023938238620758
Pedestrian 0.0 0 -2.0732877254486084 780.92724609375 166.43687438964844 802.8319702148438 208.6605224609375 0.82024044 1.8064989 0.60096604 7.855215 1.5323067 31.340591 -1.8277064561843872 0.12828612327575684
Cyclist 0.0 0 3.0400772094726562 285.82342529296875 182.08535766601562 327.1263122558594 219.84945678710938 1.8305439 1.8122388 0.60166574 -15.039135 2.2779853 35.66962 2.6410703659057617 0.754173994064331
Cyclist 0.0 0 3.1088767051696777 248.5714874267578 185.36061096191406 290.56500244140625 225.6429901123047 1.660599 1.7230365 0.6321278 -15.104267 2.2883599 31.93097 2.6670379638671875 0.37767916917800903
Car 0.0 0 -1.6617497205734253 585.035400390625 173.0092010498047 620.9014892578125 202.18748474121094 4.0024266 1.5523498 1.6454262 -0.47703132 1.5618616 40.481762 -1.6735330820083618 0.5182340741157532
Car 0.0 0 1.7263919115066528 324.6577453613281 181.82894897460938 404.55194091796875 241.48895263671875 3.720179 1.4781517 1.5779512 -6.8885236 1.7571578 20.432497 1.4012231826782227 0.15321533381938934
Car 0.0 0 1.897982120513916 0.0 194.99365234375 57.56455993652344 225.89369201660156 3.7906086 1.4838133 1.6882647 -32.13959 2.7653992 39.682484 1.2172223329544067 0.14266861975193024
Car 0.0 0 1.7183574438095093 237.06393432617188 187.20257568359375 274.9919128417969 211.9373779296875 3.9834144 1.4637146 1.6675684 -23.200441 2.4483302 47.341274 1.2626869678497314 0.13024182617664337
Car 0.0 0 1.9162065982818604 177.9698944091797 182.26048278808594 222.61300659179688 204.70567321777344 3.8666918 1.5061353 1.5923209 -29.587185 2.2131915 52.16512 1.4002666473388672 0.12277942895889282
Car 0.0 0 -1.6488120555877686 283.2284851074219 186.0189666748047 323.7689514160156 218.80360412597656 3.8776464 1.511248 1.6096588 -15.805269 2.225411 37.027946 -2.05224609375 0.11975748091936111
Car 0.0 0 1.7271819114685059 112.96221923828125 183.98255920410156 149.23387145996094 206.22085571289062 4.0969768 1.520985 1.6343287 -35.651325 2.384427 53.75404 1.1415619850158691 0.11942481249570847
Car 0.0 0 3.4901018142700195 187.38043212890625 182.79513549804688 293.65478515625 218.44454956054688 3.9292624 1.5229256 1.6590744 -16.595839 1.9855249 32.481327 3.017744779586792 0.11862316727638245
