Pedestrian 0.0 0 1.6207822561264038 802.8522338867188 177.07168579101562 816.747802734375 214.9348602294922 1.5962421 1.6899949 0.53997296 9.170137 1.8895532 33.232796 1.8900188207626343 0.1571427285671234
Cyclist 0.0 0 1.6527342796325684 802.8335571289062 176.2266845703125 817.7461547851562 214.01246643066406 1.6714866 1.6821088 0.5274447 9.170254 1.841523 33.149635 1.9226171970367432 0.48339229822158813
Cyclist 0.0 0 -1.686377763748169 819.1602172851562 173.5345458984375 834.76806640625 217.34274291992188 1.7387364 1.7232444 0.4054611 8.759303 1.7520806 29.298841 -1.3958715200424194 0.27488768100738525
Cyclist 0.0 0 -1.7577506303787231 829.94775390625 154.44183349609375 855.3988647460938 207.77455139160156 1.8345212 1.8261076 0.524485 8.209828 1.1960346 25.645124 -1.4479278326034546 0.26141026616096497
Car 0.0 0 -1.912786602973938 863.0311279296875 184.8164520263672 1242.0 375.0 3.585452 1.4848943 1.5656068 3.0309145 1.6081651 5.516223 -1.4103621244430542 0.8328479528427124
Car 0.0 0 1.7200065851211548 550.1885986328125 178.31967163085938 616.6908569335938 228.56845092773438 4.2863483 1.5672809 1.6988825 -0.87899244 1.7755094 25.212702 1.6851576566696167 0.8183280229568481
Car 0.0 0 1.5365071296691895 722.3832397460938 178.07525634765625 759.8527221679688 213.7376251220703 3.954223 1.593466 1.6371902 6.2533927 1.8615235 34.91772 1.7137179374694824 0.7469844818115234
Car 0.0 0 1.7367503643035889 605.1676025390625 178.28860473632812 645.6370239257812 206.7530975341797 4.245504 1.5370919 1.680879 0.9177983 1.8711478 42.059086 1.758568525314331 0.6178138256072998
Car 0.0 0 -1.7418746948242188 801.5404052734375 187.71360778808594 950.5795288085938 306.5092468261719 3.1685684 1.4411982 1.5339377 3.778406 1.7000568 10.861178 -1.4070881605148315 0.49151697754859924
Car 0.0 0 1.423586368560791 711.5866088867188 177.28485107421875 749.3057250976562 205.67266845703125 3.8358886 1.5504022 1.608017 6.916386 1.8201652 41.937557 1.5870361328125 0.31626155972480774
