Pedestrian 0.0 0 -0.30862486362457275 1172.4127197265625 144.53485107421875 1242.0 341.0184020996094 0.7108849 1.7581389 0.6207482 5.8454633 1.5050964 6.8770213 0.39586877822875977 0.5536726117134094
Car 0.0 0 -2.0100860595703125 794.585205078125 187.07321166992188 1200.4061279296875 375.0 4.1518345 1.4097303 1.5892297 3.0772483 1.5875199 6.909221 -1.5910784006118774 0.9019318222999573
Car 0.0 0 1.9491647481918335 130.38404846191406 175.05067443847656 416.4765930175781 354.95465087890625 3.6502059 1.5308486 1.5602669 -3.4346912 1.5612679 8.026786 1.544837236404419 0.8722490072250366
Car 0.0 0 -1.882993459701538 726.4700927734375 177.70993041992188 878.463134765625 280.9976806640625 3.2082047 1.4778523 1.5123004 3.020309 1.5709685 12.128273 -1.6389275789260864 0.8632239103317261
Car 0.0 0 1.7160837650299072 449.38739013671875 167.2799835205078 516.50048828125 217.5548553466797 4.075997 1.5465765 1.6439968 -4.220459 1.3754646 24.25296 1.5437908172607422 0.8512465357780457
Car 0.0 0 -1.7149208784103394 649.9796142578125 168.61062622070312 716.3680419921875 220.692626953125 3.686039 1.5585508 1.6153345 2.2519765 1.4319261 23.469202 -1.619259238243103 0.8502825498580933
Car 0.0 0 -1.7772278785705566 673.2286376953125 172.13052368164062 761.760986328125 236.92945861816406 3.4947846 1.5392497 1.58923 2.6690476 1.522422 18.933088 -1.6371781826019287 0.7730333209037781
Car 0.0 0 2.2458150386810303 0.0 0.0 279.7215881347656 375.0 3.5808027 1.4717643 1.5197306 -2.9578412 1.1259642 3.1459582 1.4912267923355103 0.6417855620384216
Car 0.0 0 -1.6954660415649414 635.3978881835938 168.48910522460938 689.81494140625 209.88880920410156 4.3387403 1.5558869 1.6599982 2.0165026 1.3922031 29.326574 -1.6268138885498047 0.5863219499588013
Car 0.0 0 1.7361130714416504 476.5277099609375 173.1329345703125 530.935546875 211.66250610351562 4.002557 1.5009309 1.6112521 -4.4077067 1.5137259 30.151293 1.5909550189971924 0.4675217866897583
