Pedestrian 0.0 0 3.2545974254608154 116.875 110.08875274658203 205.91854858398438 250.02284240722656 0.9827259 1.8427997 0.6403116 -6.1726804 0.9172234 9.807813 2.692866325378418 0.4186757802963257
Pedestrian 0.0 0 -2.330035924911499 267.6759033203125 177.862548828125 325.4913024902344 266.6293029785156 0.81810826 1.7578605 0.72141904 -6.356347 1.7072603 14.4879 -2.7434823513031006 0.30850455164909363
Pedestrian 0.0 0 -0.06818586587905884 995.7156372070312 117.1831283569336 1066.926513671875 253.0993194580078 0.8035585 1.7947252 0.5367436 5.814332 0.9603212 9.752453 0.46942877769470215 0.2791946530342102
Pedestrian 0.0 0 -1.98130464553833 985.0919799804688 151.08168029785156 1027.36181640625 221.8330535888672 0.88804954 1.7779278 0.6455793 10.301134 1.0402619 18.237667 -1.4671489000320435 0.22839339077472687
Pedestrian 0.0 0 -0.027710258960723877 773.5128173828125 155.622802734375 795.0071411132812 188.44993591308594 1.1788325 1.864745 0.58188486 10.273479 0.45298082 40.571655 0.22029495239257812 0.13345998525619507
Pedestrian 0.0 0 -1.8303409814834595 879.5791015625 156.66885375976562 901.8987426757812 194.85353088378906 1.7925713 1.7628402 0.5368613 13.532892 0.66410255 33.55935 -1.4470338821411133 0.12016556411981583
Cyclist 0.0 0 1.272963047027588 879.2506103515625 154.87655639648438 902.7054443359375 192.7621307373047 1.7514842 1.7477131 0.53695744 13.522987 0.5671242 33.507683 1.6565507650375366 0.3770797550678253
Cyclist 0.0 0 -0.027710258960723877 773.5128173828125 155.622802734375 795.0071411132812 188.44993591308594 1.1788325 1.864745 0.58188486 10.273479 0.45298082 40.571655 0.22029495239257812 0.21708326041698456
Cyclist 0.0 0 -2.3671672344207764 262.8619384765625 177.70956420898438 325.729736328125 266.39971923828125 0.9731607 1.7600924 0.6964019 -6.4189997 1.7063441 14.523414 -2.7833282947540283 0.1477561593055725
Cyclist 0.0 0 3.293640375137329 112.4328842163086 110.91963195800781 212.0228729248047 251.74342346191406 1.0891814 1.852657 0.63367736 -6.154615 0.9389413 9.803967 2.733053207397461 0.10577920824289322
Car 0.0 0 0.6715762615203857 504.3182678222656 171.8966064453125 627.0811767578125 214.6847686767578 4.5332456 1.4838561 1.6720982 -1.5532694 1.1870286 26.502783 0.6130354404449463 0.7433785796165466
Car 0.0 0 -0.7942399978637695 0.0 213.14535522460938 292.034912109375 370.0 4.0489016 1.4291474 1.6047322 -3.2167876 1.6767217 3.2932868 -1.567887783050537 0.6946147084236145
Car 0.0 0 1.699239730834961 355.3412780761719 178.68128967285156 387.462646484375 202.11151123046875 3.9453006 1.529751 1.5909408 -15.891499 1.4123374 48.245296 1.381042718887329 0.4995599091053009
Car 0.0 0 1.5346338748931885 458.7175598144531 172.654052734375 480.620849609375 192.26512145996094 3.6127725 1.4744647 1.5416969 -10.558362 0.8858281 55.087784 1.3452661037445068 0.3014444410800934
