Car 0.0 0 3.4458463191986084 158.8609619140625 173.63670349121094 392.8656311035156 260.9745178222656 3.816988 1.5718032 1.6431973 -6.388956 1.588543 14.050128 3.0190694332122803 0.8098076581954956
Car 0.0 0 -0.7119997143745422 921.7083740234375 179.8403778076172 1242.0 301.8839416503906 3.7780476 1.459875 1.5945361 6.3878574 1.5651422 9.789816 -0.13386882841587067 0.7974836826324463
Car 0.0 0 -2.630402088165283 80.02757263183594 192.9599151611328 370.0550537109375 297.5685119628906 3.7739983 1.4938296 1.607701 -6.0311627 1.8381603 11.485621 -3.113931894302368 0.7776637077331543
Car 0.0 0 -0.3263357877731323 736.4939575195312 181.435302734375 914.189697265625 246.4927520751953 4.269742 1.6494076 1.7327808 5.6774807 1.8931051 19.500443 -0.043021347373723984 0.7773844599723816
Car 0.0 0 0.6419340372085571 0.0 189.81263732910156 339.7933044433594 321.8938293457031 4.0851054 1.4625388 1.6188303 -5.841015 1.7017229 9.196271 0.07606887817382812 0.7575715780258179
Car 0.0 0 -1.6779534816741943 635.8286743164062 181.91983032226562 678.1884155273438 215.41062927246094 3.6498134 1.4338301 1.584746 2.107498 1.881668 33.752995 -1.6155955791473389 0.732567310333252
Car 0.0 0 -0.8742308616638184 1016.3379516601562 194.1226806640625 1242.0 366.98284912109375 3.6103272 1.4687579 1.589129 6.3447037 1.7220321 7.486894 -0.17122408747673035 0.7102277278900146
Car 0.0 0 0.2319730818271637 378.4585876464844 182.9409942626953 498.8617858886719 224.99514770507812 4.185659 1.5277927 1.6652285 -6.4909735 1.923487 27.443031 -0.0002839416265487671 0.62045818567276
Car 0.0 0 0.27981331944465637 284.087158203125 184.71246337890625 449.4568176269531 242.49734497070312 3.881128 1.4382085 1.5874541 -6.4180326 1.7684251 19.191507 -0.04291532561182976 0.6127426624298096
Car 0.0 0 -2.6329121589660645 225.29217529296875 182.5010528564453 425.48858642578125 251.73724365234375 4.058831 1.4809101 1.6363457 -6.6082687 1.720587 16.8144 -3.007380247116089 0.5864660739898682
Car 0.0 0 1.4053460359573364 548.0431518554688 178.16036987304688 575.9738159179688 197.87074279785156 4.033664 1.4969625 1.5956835 -3.9232805 1.9404001 58.09885 1.3379206657409668 0.47887328267097473
