Pedestrian 0.0 0 -2.7210261821746826 729.6400756835938 165.90594482421875 778.0137939453125 243.02064514160156 0.99406546 1.8451716 0.64760935 3.501595 1.6792791 17.813105 -2.5269269943237305 0.24211078882217407
Pedestrian 0.0 0 1.717292070388794 12.98808479309082 132.78770446777344 54.9128303527832 217.18728637695312 0.87153417 1.8790716 0.63493145 -13.287528 0.987394 16.59796 1.0422146320343018 0.22030536830425262
Pedestrian 0.0 0 -2.5543103218078613 239.75003051757812 179.38075256347656 275.77520751953125 236.14694213867188 0.7326518 1.7187505 0.709177 -10.9435215 1.9247845 22.335283 -3.0098981857299805 0.19097669422626495
Pedestrian 0.0 0 -1.8502730131149292 754.2735595703125 171.375732421875 788.3755493164062 243.55987548828125 0.90875536 1.8035793 0.6242738 4.0777717 1.7670017 18.498442 -1.6333043575286865 0.15183457732200623
Pedestrian 0.0 0 -1.8623629808425903 302.736083984375 161.76231384277344 319.0642395019531 197.36505126953125 0.6351779 1.914982 0.6660021 -16.313389 1.3187462 39.263603 -2.256145715713501 0.1431463658809662
Cyclist 0.0 0 -2.5589747428894043 237.02452087402344 180.04124450683594 278.1405029296875 236.7165069580078 0.8931985 1.7132881 0.7236276 -10.945501 1.9402411 22.330048 -3.0147268772125244 0.10453962534666061
Cyclist 0.0 0 1.7840957641601562 12.138495445251465 131.56211853027344 57.99066162109375 215.9060516357422 1.0997891 1.8720242 0.6098558 -13.290992 0.95590365 16.639997 1.1101250648498535 0.10031279176473618
Car 0.0 0 3.2893619537353516 16.257747650146484 187.81240844726562 292.4298400878906 291.1079406738281 4.0579476 1.6009092 1.6970147 -8.094761 1.9078424 13.210627 2.7396228313446045 0.8453495502471924
Car 0.0 0 1.7049623727798462 405.573486328125 187.68148803710938 482.94915771484375 246.33563232421875 4.163123 1.4430623 1.6415507 -4.751789 1.9187164 20.980179 1.4822306632995605 0.8433648943901062
Car 0.0 0 1.4104071855545044 440.8360595703125 176.82086181640625 473.0757141113281 199.87489318847656 3.8377523 1.5201279 1.6033366 -10.746638 1.8088431 50.368134 1.2001973390579224 0.44982126355171204
Car 0.0 0 1.0086209774017334 536.0087890625 164.98074340820312 590.9923706054688 194.01754760742188 4.2226562 1.8960031 1.7681124 -3.2548425 1.3822639 49.339054 0.9427475929260254 0.18515963852405548
Car 0.0 0 0.8971386551856995 1047.2779541015625 114.83911895751953 1242.0 375.0 3.7495108 1.5053453 1.5410361 4.6790495 1.2683613 4.885612 1.6609437465667725 0.1490735113620758
