Car 0.0 0 -1.8442054986953735 746.397705078125 182.98590087890625 862.7476196289062 260.2982177734375 3.3954678 1.465051 1.5742729 4.084701 1.7118459 15.833273 -1.5917284488677979 0.8925246596336365
Car 0.0 0 1.8039945363998413 459.36944580078125 184.05352783203125 530.6355590820312 232.06451416015625 4.0216165 1.5265478 1.6442231 -4.087938 1.9621825 25.972137 1.6478782892227173 0.8728215098381042
Car 0.0 0 -1.9322774410247803 806.0634155273438 189.68673706054688 1041.4105224609375 328.0985412597656 3.9056222 1.4544635 1.6244725 3.9853477 1.7346038 10.023885 -1.5538545846939087 0.8522030711174011
Car 0.0 0 -1.7215313911437988 723.7255249023438 180.95037841796875 802.8854370117188 241.35491943359375 3.933798 1.5434786 1.6512737 4.300882 1.8017908 20.978981 -1.5193240642547607 0.765755832195282
Car 0.0 0 -1.668993592262268 707.5457153320312 181.00112915039062 763.0363159179688 226.47283935546875 3.817118 1.4957187 1.6154114 4.4644446 1.8162551 26.393362 -1.5014294385910034 0.5744923949241638
Car 0.0 0 0.8348683714866638 948.6013793945312 187.62652587890625 1242.0 375.0 3.8583484 1.4933168 1.5759898 3.7733257 1.6247174 4.4443965 1.5387859344482422 0.5566263794898987
Car 0.0 0 1.7704604864120483 562.7265014648438 180.7215576171875 593.8076171875 202.41212463378906 3.7815843 1.492854 1.5674136 -2.324811 2.0938213 53.089962 1.726698398590088 0.4985482096672058
Car 0.0 0 1.7602505683898926 499.2059020996094 183.96238708496094 552.970703125 222.78871154785156 4.0038996 1.5351834 1.6248455 -3.6622725 2.0562205 31.760654 1.645449161529541 0.45985278487205505
Car 0.0 0 1.7193052768707275 517.9078369140625 183.1582794189453 561.68212890625 215.62315368652344 4.088895 1.4998622 1.631615 -3.5517251 2.054696 36.73918 1.6229307651519775 0.3995036482810974
Car 0.0 0 -1.645992398262024 696.9712524414062 180.4234619140625 741.1813354492188 216.8553466796875 3.859856 1.4525244 1.6134272 4.6718106 1.804919 31.571356 -1.4990822076797485 0.3726290762424469
