Pedestrian 0.0 0 -2.378159523010254 182.9464874267578 194.0593719482422 266.9801025390625 328.1646728515625 0.636954 1.6377782 0.7283119 -4.900815 1.8092178 9.289594 -2.8636109828948975 0.5024375319480896
Pedestrian 0.0 0 -2.0127549171447754 824.30029296875 135.62127685546875 942.5325927734375 338.91278076171875 0.87502253 1.7058146 0.6787483 2.4638197 1.3222344 6.487854 -1.6498186588287354 0.35630863904953003
Pedestrian 0.0 0 -2.814345121383667 1147.3154296875 164.06100463867188 1238.0 374.0 0.6067068 1.6520106 0.66323316 4.9828405 1.5192633 5.954447 -2.117548704147339 0.23412787914276123
Pedestrian 0.0 0 -3.3306243419647217 849.06201171875 131.7848358154297 943.9974975585938 296.44586181640625 0.8467437 1.7126166 0.6756159 3.1631887 1.1968987 7.8813014 -2.9489517211914062 0.23127156496047974
Pedestrian 0.0 0 -1.668799638748169 1001.7425537109375 153.72235107421875 1069.7305908203125 305.6553649902344 0.76288354 1.694079 0.61017567 5.05985 1.3857069 8.481985 -1.130927562713623 0.2110496610403061
Pedestrian 0.0 0 0.8542687892913818 1135.8680419921875 108.28593444824219 1238.0 277.06591796875 0.7676043 1.8138111 0.70759493 6.632311 1.0283673 8.111671 1.5396651029586792 0.17248523235321045
Pedestrian 0.0 0 -1.8743667602539062 911.0438232421875 131.0934295654297 961.8980712890625 235.78038024902344 0.6766475 1.8441637 0.6616426 6.024208 0.9574766 13.029776 -1.4412970542907715 0.12832288444042206
Pedestrian 0.0 0 0.904513955116272 925.3104858398438 151.44476318359375 1045.69091796875 290.09661865234375 1.5328345 1.7311476 0.6225014 5.1246257 1.3572279 9.776549 1.3873142004013062 0.11827652156352997
Cyclist 0.0 0 0.9578197598457336 0.0 117.42607879638672 280.26416015625 374.0 1.6750503 1.655022 0.67190444 -3.02371 1.2995112 4.620531 0.37835240364074707 0.1843358278274536
Cyclist 0.0 0 0.904513955116272 925.3104858398438 151.44476318359375 1045.69091796875 290.09661865234375 1.5328345 1.7311476 0.6225014 5.1246257 1.3572279 9.776549 1.3873142004013062 0.17627692222595215
Cyclist 0.0 0 2.3838319778442383 1125.9808349609375 108.44600677490234 1238.0 279.643798828125 1.1245846 1.8101412 0.6826488 6.579946 1.0390732 7.971194 3.073909044265747 0.13473749160766602
Cyclist 0.0 0 -2.0149707794189453 823.7485961914062 134.3413543701172 946.2178344726562 341.43145751953125 0.9396648 1.7189623 0.6785394 2.4611852 1.3289077 6.4553814 -1.6507223844528198 0.10707668960094452
Car 0.0 0 -1.5243974924087524 995.329345703125 156.16729736328125 1054.900146484375 205.4675750732422 3.6564782 1.5435168 1.5789787 14.443228 0.75149614 24.449278 -0.9908127784729004 0.15385782718658447
