Pedestrian 0.0 0 1.9381835460662842 948.2440185546875 156.37266540527344 1009.5513916015625 273.1214599609375 0.81003916 1.7218006 0.58716893 5.7816377 1.3525344 11.079374 2.4191484451293945 0.6176857948303223
Pedestrian 0.0 0 0.6703064441680908 180.20265197753906 182.54989624023438 273.2879333496094 331.7469177246094 0.72793674 1.6473374 0.6195402 -4.3660502 1.6613661 8.305787 0.1863393783569336 0.5270581245422363
Pedestrian 0.0 0 1.9004676342010498 0.0 112.24710083007812 130.0264129638672 374.0 0.88999206 1.6313518 0.632175 -2.9382772 1.3317913 3.6457295 1.2221089601516724 0.3184138536453247
Pedestrian 0.0 0 -1.662306308746338 1061.467041015625 157.9102783203125 1146.39208984375 335.3082580566406 0.67588013 1.694063 0.6440341 5.039161 1.4701657 7.309503 -1.0587308406829834 0.19334053993225098
Pedestrian 0.0 0 -2.0906476974487305 871.0540771484375 142.4896240234375 1010.958251953125 374.0 0.7797181 1.64842 0.64254296 2.4649854 1.3793402 5.3956075 -1.662111520767212 0.18463487923145294
Pedestrian 0.0 0 -1.8532987833023071 985.4567260742188 156.0124053955078 1068.489013671875 298.7146911621094 0.8439436 1.6943549 0.68408895 5.2692847 1.3930762 9.019052 -1.324548602104187 0.18040713667869568
Pedestrian 0.0 0 -0.6385027170181274 869.42919921875 112.89061737060547 1006.60205078125 309.6426696777344 0.9131216 1.7045999 0.7010839 3.0473921 1.1115729 6.658571 -0.2092932015657425 0.10888795554637909
Cyclist 0.0 0 1.8686504364013672 0.0 121.32616424560547 128.54025268554688 374.0 1.1335067 1.6299049 0.6130216 -2.9307127 1.3817248 3.61749 1.1877505779266357 0.1584361344575882
Cyclist 0.0 0 -0.759299635887146 980.2196655273438 149.4286346435547 1113.6732177734375 293.8297424316406 1.2960933 1.6889671 0.669722 5.432748 1.3151957 8.861503 -0.20932306349277496 0.1113969087600708
Car 0.0 0 2.3930468559265137 842.7705078125 152.5526123046875 951.5986328125 195.25364685058594 3.8738143 1.5857573 1.6178477 11.5501375 0.5117954 28.111082 2.7828927040100098 0.16003824770450592
Car 0.0 0 1.66398024559021 84.7307357788086 179.83499145507812 166.96697998046875 239.30282592773438 3.683697 1.487182 1.5639151 -13.129878 1.4467279 19.954979 1.0820190906524658 0.10716219991445541
