Pedestrian 0.0 0 0.11112070083618164 344.4371643066406 138.7879638671875 393.6273498535156 240.55564880371094 0.8190336 1.8688664 0.64233094 -4.5524044 1.0173963 13.597452 -0.21194776892662048 0.5026842951774597
Pedestrian 0.0 0 2.9960575103759766 423.1645202636719 150.3872833251953 476.9613342285156 250.49156188964844 0.905405 1.8275707 0.6590828 -3.036705 1.1928508 13.589676 2.776212453842163 0.46056827902793884
Pedestrian 0.0 0 -2.120496988296509 312.6454162597656 166.85513305664062 361.8490905761719 223.83253479003906 1.7879093 1.7512575 0.620684 -8.665043 1.1880583 22.883791 -2.4824674129486084 0.14518891274929047
Cyclist 0.0 0 -2.120496988296509 312.6454162597656 166.85513305664062 361.8490905761719 223.83253479003906 1.7879093 1.7512575 0.620684 -8.665043 1.1880583 22.883791 -2.4824674129486084 0.36327284574508667
Cyclist 0.0 0 3.0702123641967773 421.5421447753906 153.45333862304688 475.5988464355469 253.27935791015625 0.95381033 1.8298252 0.6524514 -3.0733995 1.2487477 13.6231165 2.848325252532959 0.1073494404554367
Car 0.0 0 -1.5738890171051025 578.16943359375 177.06736755371094 618.5081176757812 213.4980926513672 3.5180476 1.4880514 1.6483895 -0.45235977 1.156356 31.13192 -1.5884183645248413 0.844434380531311
Car 0.0 0 -1.175614833831787 221.83689880371094 181.2717742919922 344.7165222167969 247.7465057373047 3.4587328 1.4916127 1.5647331 -7.966366 1.404247 17.874187 -1.5948796272277832 0.815157949924469
Car 0.0 0 -1.2724525928497314 211.28463745117188 185.12985229492188 294.562255859375 230.86268615722656 3.641387 1.4734377 1.6022614 -12.310695 1.4718038 25.080648 -1.7287489175796509 0.6637932062149048
Car 0.0 0 2.186572551727295 0.0 189.54295349121094 215.4529266357422 309.6478271484375 4.1725993 1.4263418 1.6309338 -7.866172 1.5050299 10.782292 1.5562914609909058 0.6469170451164246
Car 0.0 0 1.7022311687469482 448.7634582519531 189.73031616210938 517.2540893554688 242.08172607421875 3.785733 1.4226174 1.5579177 -3.732184 1.5726444 21.783329 1.5325466394424438 0.4796674847602844
Car 0.0 0 2.3387720584869385 0.0 0.0 218.71212768554688 376.0 4.0797844 1.4544924 1.6052904 -3.067701 0.98545384 2.448835 1.4416570663452148 0.2844071686267853
Car 0.0 0 1.6392266750335693 639.0189208984375 173.3018035888672 678.0712890625 206.0327911376953 4.1198955 1.5104287 1.6372194 2.5159774 0.9617727 35.322865 1.7103346586227417 0.25872090458869934
