Pedestrian 0.0 0 -2.7381508350372314 461.4537048339844 175.30897521972656 484.0432434082031 221.84254455566406 0.64201826 1.7375425 0.6416397 -5.244473 1.8323026 27.36111 -2.92753005027771 0.28298506140708923
Pedestrian 0.0 0 1.6786954402923584 579.6729736328125 169.27490234375 605.1759033203125 227.49130249023438 1.7760621 1.7515417 0.6149214 -0.5818048 1.6442165 22.616243 1.6529760360717773 0.12017066031694412
Cyclist 0.0 0 1.6648894548416138 579.5535278320312 167.73228454589844 604.4508666992188 225.9395751953125 1.7574301 1.747951 0.6194121 -0.5941637 1.5945052 22.562525 1.638561487197876 0.6356222629547119
Cyclist 0.0 0 -2.101191282272339 1143.22509765625 112.92538452148438 1242.0 231.56956481933594 1.8336576 1.7041531 0.46173146 9.091171 0.84372246 11.301863 -1.4237756729125977 0.4936879873275757
Car 0.0 0 -1.6953612565994263 697.9104614257812 187.44400024414062 813.3223266601562 286.6929626464844 3.5423584 1.504609 1.6067225 2.4848843 1.8104063 13.286153 -1.5104691982269287 0.8336193561553955
Car 0.0 0 -2.6757490634918213 119.36711883544922 170.67820739746094 377.27301025390625 253.48793029785156 4.311401 1.5553428 1.6799204 -7.124591 1.5148348 14.403187 -3.13511061668396 0.8106305599212646
Car 0.0 0 1.7410472631454468 462.4483337402344 171.52664184570312 545.5658569335938 237.8867645263672 4.1240153 1.7023351 1.6623548 -2.9550846 1.6686425 20.591095 1.5985077619552612 0.7965718507766724
Car 0.0 0 -1.4233684539794922 516.3016357421875 179.47048950195312 569.2775268554688 219.69097900390625 3.6092668 1.4529625 1.5712477 -2.6342907 1.7317508 28.515182 -1.5154889822006226 0.7687948346138
Car 0.0 0 -1.8671165704727173 734.1968383789062 193.72967529296875 945.9979858398438 346.5665283203125 3.0869904 1.3881181 1.4734918 2.4423974 1.6804214 8.531773 -1.588302493095398 0.7624507546424866
Car 0.0 0 1.6253480911254883 638.7554931640625 176.08267211914062 667.6067504882812 201.9200439453125 3.908628 1.5341634 1.6025915 2.720928 1.7466986 45.381596 1.6852329969406128 0.5847533345222473
