Pedestrian 0.0 0 -1.98187255859375 1208.93896484375 130.01040649414062 1242.0 188.6002655029297 1.0718886 1.880116 0.59420115 20.297394 0.50564694 23.750307 -1.2747046947479248 0.2367745041847229
Pedestrian 0.0 0 -2.4829587936401367 633.2352905273438 168.9604949951172 662.5634765625 201.2862091064453 1.6263694 1.7569232 0.54666555 2.0565782 1.5456667 39.950665 -2.4315261840820312 0.14394406974315643
Pedestrian 0.0 0 0.3066583275794983 304.66436767578125 178.53317260742188 334.86614990234375 210.93478393554688 1.5162004 1.8538628 0.5845779 -16.822607 2.1856167 41.751858 -0.07636167109012604 0.11242949217557907
Cyclist 0.0 0 -2.48565411567688 631.9781494140625 169.57374572753906 663.3201904296875 201.7848358154297 1.7628909 1.7497903 0.5509232 2.0426848 1.5719564 39.97504 -2.4345993995666504 0.3214834928512573
Cyclist 0.0 0 0.240732342004776 304.37994384765625 179.0470733642578 339.0986328125 211.06507873535156 1.778794 1.8276138 0.58280075 -16.707155 2.189929 41.755363 -0.13987746834754944 0.3161349594593048
Cyclist 0.0 0 -1.98187255859375 1208.93896484375 130.01040649414062 1242.0 188.6002655029297 1.0718886 1.880116 0.59420115 20.297394 0.50564694 23.750307 -1.2747046947479248 0.1320791393518448
Car 0.0 0 1.6669687032699585 516.923583984375 175.3622589111328 558.2827758789062 209.81578063964844 3.752137 1.5108383 1.5751134 -3.3760266 1.6351995 33.79004 1.567387342453003 0.6303781867027283
Car 0.0 0 1.5773371458053589 579.3042602539062 175.1667938232422 605.72314453125 199.88543701171875 4.0829473 1.5243834 1.6434342 -1.157176 1.681783 46.934795 1.552687168121338 0.43056175112724304
Car 0.0 0 2.012876510620117 401.81549072265625 181.899169921875 460.5144348144531 210.46343994140625 4.190814 1.5184498 1.6834582 -10.363253 2.0729551 41.98097 1.7708591222763062 0.4041821360588074
Car 0.0 0 1.9778454303741455 79.21884155273438 164.01657104492188 248.2593231201172 263.9151306152344 4.2462583 1.9421263 1.6637859 -9.837234 1.7706758 16.241793 1.4332642555236816 0.396408349275589
