Pedestrian 0.0 0 -2.18361496925354 870.342041015625 166.9937744140625 897.9097290039062 216.20350646972656 0.65784425 1.7911004 0.7012248 10.083616 1.5781623 26.665041 -1.8220778703689575 0.31165826320648193
Pedestrian 0.0 0 -3.7042274475097656 1077.5302734375 177.6046142578125 1115.7767333984375 231.80401611328125 0.8138991 1.7833015 0.69909483 16.243906 1.9451418 24.16236 -3.1123478412628174 0.2188054323196411
Pedestrian 0.0 0 -3.5839788913726807 1034.8123779296875 176.0110626220703 1070.19775390625 222.93191528320312 0.92489463 1.7266327 0.68176585 16.5008 1.846791 26.98927 -3.035231113433838 0.21754251420497894
Pedestrian 0.0 0 -1.5155528783798218 871.2144775390625 180.89407348632812 911.7876586914062 260.1629943847656 0.8817342 1.7772298 0.8383115 6.537807 1.9719498 16.865335 -1.145740270614624 0.20570147037506104
Pedestrian 0.0 0 2.5192818641662598 954.4964599609375 165.43325805664062 1003.5864868164062 229.5085906982422 1.1105474 1.8360753 0.64214545 10.725153 1.6237924 21.0741 2.990044593811035 0.19140338897705078
Pedestrian 0.0 0 -0.2252349853515625 608.468994140625 151.8074188232422 621.0633544921875 188.81561279296875 0.5404307 1.990005 0.7008958 0.22055598 0.858646 39.196686 -0.2196081429719925 0.13556531071662903
Pedestrian 0.0 0 2.1709961891174316 1060.85693359375 147.64505004882812 1089.4915771484375 196.9930877685547 0.81674814 1.9160606 0.5910669 18.294674 0.93761826 28.443737 2.742567777633667 0.12374616414308548
Pedestrian 0.0 0 -2.58815598487854 903.431396484375 179.7465362548828 951.0286254882812 220.43067932128906 1.7441788 1.684049 0.7496394 13.621442 1.9905019 31.109884 -2.175452470779419 0.12267103046178818
Cyclist 0.0 0 -2.58815598487854 903.431396484375 179.7465362548828 951.0286254882812 220.43067932128906 1.7441788 1.684049 0.7496394 13.621442 1.9905019 31.109884 -2.175452470779419 0.3135001063346863
Cyclist 0.0 0 -3.558300495147705 1030.8524169921875 175.1824188232422 1080.5736083984375 222.80560302734375 1.4138088 1.7507111 0.7181389 16.632147 1.8397189 27.017355 -3.0064821243286133 0.23173636198043823
Cyclist 0.0 0 -0.6015657186508179 945.061279296875 168.0302734375 1000.1468505859375 231.2216796875 1.3013927 1.8073232 0.64094806 10.519547 1.6697189 21.040699 -0.13794861733913422 0.1595660150051117
Car 0.0 0 -1.7591272592544556 682.663330078125 183.13223266601562 765.8699951171875 239.93959045410156 4.09025 1.4366013 1.632986 3.17428 1.7667065 21.070436 -1.6096007823944092 0.8927702903747559
Car 0.0 0 2.4939191341400146 844.221923828125 178.3917694091797 959.0686645507812 220.9989776611328 3.883761 1.5389155 1.6453238 11.132107 1.761899 27.700527 2.876039505004883 0.14284847676753998
