Pedestrian 0.0 0 0.8608753085136414 119.02853393554688 139.56968688964844 219.76364135742188 289.77935791015625 0.9737647 1.7554988 0.5484995 -5.383125 1.2788296 8.66611 0.3050351142883301 0.6020385026931763
Pedestrian 0.0 0 -1.6905231475830078 839.1558837890625 174.36090087890625 870.42431640625 244.56446838378906 0.77921623 1.7283841 0.65358734 6.261824 1.5788394 17.853273 -1.3531908988952637 0.21944467723369598
Pedestrian 0.0 0 -3.4355132579803467 822.9430541992188 187.85354614257812 870.5658569335938 276.22930908203125 0.72855127 1.6992562 0.6641245 4.7315373 1.8500154 13.990651 -3.1093955039978027 0.21310783922672272
Pedestrian 0.0 0 -1.3059372901916504 168.8045654296875 173.40821838378906 218.43670654296875 269.05731201171875 0.75747114 1.699953 0.6146462 -7.5986433 1.575555 13.0070505 -1.8346538543701172 0.15187229216098785
Pedestrian 0.0 0 2.7811789512634277 759.1766967773438 145.55508422851562 823.3785400390625 250.17605590820312 0.92425823 1.7792282 0.626333 3.2066796 1.1865882 12.38011 3.034627676010132 0.1459130197763443
Pedestrian 0.0 0 -1.3401849269866943 1134.8988037109375 197.8097381591797 1224.0 370.0 0.75842834 1.6794176 0.67318577 5.2740493 1.8498205 6.388722 -0.6500725746154785 0.13929444551467896
Pedestrian 0.0 0 -3.6216564178466797 1134.3614501953125 143.15892028808594 1205.1939697265625 254.6821746826172 0.69363993 1.7511629 0.60815024 9.095456 1.1664814 11.4615755 -2.9508543014526367 0.13593727350234985
Pedestrian 0.0 0 2.839913845062256 638.26220703125 172.10069274902344 698.6171264648438 271.2151794433594 0.96933705 1.7673537 0.60087657 1.1152191 1.6192243 13.000101 2.925489664077759 0.13425031304359436
Car 0.0 0 -2.3872451782226562 218.53172302246094 197.695068359375 374.4876403808594 255.8217010498047 3.9760516 1.4381233 1.5975834 -8.64291 1.9545332 19.746323 -2.799821138381958 0.21357758343219757
Car 0.0 0 -0.202105313539505 460.89471435546875 193.45745849609375 637.6260375976562 263.88739013671875 3.8674734 1.4657519 1.5965141 -1.3680745 1.7938292 16.500795 -0.28482574224472046 0.15351055562496185
