Pedestrian 0.0 0 1.1603208780288696 744.9241943359375 162.900634765625 819.3470458984375 301.3134460449219 0.9134259 1.7940813 0.6732437 2.4039512 1.5543311 9.815464 1.4005076885223389 0.7717693448066711
Pedestrian 0.0 0 1.4520927667617798 647.0277709960938 164.63253784179688 677.0236206054688 235.552001953125 0.7921336 1.8492827 0.7050007 1.5745322 1.4106215 19.137262 1.5341836214065552 0.4633176028728485
Pedestrian 0.0 0 -1.3319146633148193 437.5569152832031 152.2662353515625 453.3410339355469 188.87449645996094 0.6211108 1.9818953 0.71614605 -8.513491 0.40006864 39.205986 -1.5457427501678467 0.3632146418094635
Pedestrian 0.0 0 1.7455261945724487 383.4909362792969 142.50762939453125 409.4903564453125 207.28619384765625 0.76873004 1.882097 0.6183938 -6.0940313 0.75033563 21.282543 1.4666486978530884 0.26938962936401367
Pedestrian 0.0 0 1.9895864725112915 368.49151611328125 164.9414825439453 393.22882080078125 211.5453643798828 0.85454446 1.8009422 0.63797224 -8.677862 1.1620796 28.21896 1.6912460327148438 0.2676672339439392
Pedestrian 0.0 0 -1.4315963983535767 714.6180419921875 166.8223419189453 745.9525756835938 235.1820831298828 0.96103173 1.790598 0.70770085 3.4527266 1.407305 19.37987 -1.2552858591079712 0.23993965983390808
Pedestrian 0.0 0 -1.3472785949707031 577.2769165039062 166.87550354003906 615.143310546875 252.571533203125 0.88685983 1.8060064 0.64628357 -0.1411517 1.4990337 15.638028 -1.3563045263290405 0.23413068056106567
Pedestrian 0.0 0 -1.459963083267212 490.67095947265625 159.45809936523438 501.8648376464844 189.38133239746094 0.7159677 1.9741324 0.66217357 -6.97961 0.5206406 47.757423 -1.6050828695297241 0.22649019956588745
Pedestrian 0.0 0 1.730947732925415 399.74365234375 162.5426483154297 436.44921875 240.18861389160156 1.7764564 1.8097782 0.6021039 -4.516745 1.3691243 17.652164 1.4804474115371704 0.16519010066986084
Pedestrian 0.0 0 1.6779992580413818 450.78619384765625 163.89080810546875 479.8721008300781 231.2937469482422 1.7836598 1.8215355 0.6250001 -3.8630667 1.3468146 20.324186 1.490167498588562 0.160503551363945
Cyclist 0.0 0 1.6103044748306274 452.2705383300781 164.29173278808594 477.6455993652344 231.61746215820312 1.7857718 1.8152366 0.638245 -3.8702295 1.3524278 20.295486 1.4218727350234985 0.7756656408309937
Cyclist 0.0 0 1.7238045930862427 400.16961669921875 163.25013732910156 435.9582824707031 240.4451141357422 1.7905197 1.8000678 0.590659 -4.521848 1.3757144 17.667616 1.473243236541748 0.7630656361579895
Cyclist 0.0 0 -1.5845602750778198 126.61380767822266 187.88560485839844 174.74713134765625 292.2466735839844 1.8281195 1.6450877 0.66001564 -7.8267665 1.7648557 12.382348 -2.148242235183716 0.22498606145381927
Cyclist 0.0 0 -1.5072838068008423 715.8259887695312 168.0691375732422 744.146240234375 236.26271057128906 1.1675706 1.787543 0.6857723 3.4638984 1.4366527 19.47541 -1.3312643766403198 0.11671162396669388
Car 0.0 0 2.569119930267334 0.0 199.53265380859375 206.02818298339844 374.0 4.0380106 1.4281126 1.6150124 -3.121645 1.532101 2.0562377 1.580792784690857 0.4815176725387573
Car 0.0 0 -1.5548045635223389 752.6651000976562 161.29574584960938 811.5769653320312 215.18165588378906 3.6888068 1.4847897 1.5902354 5.4691863 0.92922866 21.778038 -1.3087596893310547 0.299373596906662
Car 0.0 0 1.1485929489135742 919.2353515625 163.61647033691406 1086.2178955078125 241.80203247070312 4.0991364 1.4762306 1.5917833 8.470047 1.1398288 15.66285 1.644324541091919 0.2906433939933777
Car 0.0 0 2.3859167098999023 0.0 169.51478576660156 123.60676574707031 374.0 3.9006937 1.4874334 1.5999404 -6.233689 1.4197688 6.103233 1.5899443626403809 0.24430952966213226
Car 0.0 0 0.6306983232498169 938.3115234375 202.4269256591797 1238.0 374.0 3.9418755 1.4398189 1.6005964 5.7118006 1.7286545 7.746301 1.2660596370697021 0.22306938469409943
