Car 0.0 0 -1.7848740816116333 688.5584716796875 180.48934936523438 812.6165161132812 263.4080505371094 4.2909102 1.4436773 1.6206245 2.7168508 1.6272098 15.133622 -1.6072421073913574 0.8700505495071411
Car 0.0 0 -2.460408926010132 0.0 190.28675842285156 263.7665710449219 326.8280944824219 3.8284864 1.4100254 1.575605 -6.430268 1.6369236 8.520037 -3.1069259643554688 0.8416634798049927
Car 0.0 0 -2.1596598625183105 830.8350219726562 198.12606811523438 1242.0 375.0 3.5785701 1.4165301 1.5394278 3.0153952 1.6690447 5.3540034 -1.6467357873916626 0.8363757729530334
Car 0.0 0 0.49849167466163635 20.016773223876953 185.99847412109375 319.9709777832031 292.798095703125 3.5964813 1.4709243 1.5734771 -6.5877523 1.6874897 11.00595 -0.04087039455771446 0.8148553371429443
Car 0.0 0 0.39020153880119324 292.90777587890625 183.85501098632812 476.6422119140625 243.14605712890625 4.335692 1.4525683 1.6430172 -5.919111 1.7589936 19.06054 0.08910083770751953 0.7991699576377869
Car 0.0 0 0.5199317932128906 127.33228302001953 182.24313354492188 376.5079040527344 269.25811767578125 3.8717 1.4858593 1.6175679 -6.60866 1.6733422 13.448104 0.0631721019744873 0.7596941590309143
Car 0.0 0 1.439082145690918 667.0287475585938 177.10276794433594 726.1822509765625 220.657470703125 3.982725 1.4202555 1.5806552 2.9865377 1.5850698 25.921148 1.5537925958633423 0.7041701078414917
Car 0.0 0 3.4123735427856445 326.71209716796875 176.6846923828125 466.335205078125 227.99171447753906 3.7306056 1.4721142 1.5744183 -6.3702955 1.5916958 21.63775 3.12605619430542 0.6535590291023254
Car 0.0 0 -2.2554216384887695 0.0 194.81468200683594 123.08030700683594 375.0 3.6911871 1.4046192 1.5409592 -6.5628924 1.6210095 6.1941586 -3.069715976715088 0.5930561423301697
Car 0.0 0 0.2419940084218979 348.900390625 168.10398864746094 476.633544921875 216.7525634765625 3.8418994 1.5693524 1.6382624 -6.5674014 1.4164801 24.137657 -0.023656532168388367 0.5330172777175903
Car 0.0 0 -1.584727168083191 650.8153076171875 173.33523559570312 678.2650756835938 199.60411071777344 4.0028725 1.5731754 1.6440697 3.3615415 1.6051323 45.330444 -1.5107063055038452 0.4928831458091736
