Pedestrian 0.0 0 -0.5430009365081787 1001.0094604492188 161.00146484375 1103.7294921875 242.79324340820312 1.7710836 1.7245235 0.7260386 9.475123 1.4749787 15.576495 0.003496408462524414 0.14430713653564453
Cyclist 0.0 0 2.5205001831054688 1000.936279296875 163.49395751953125 1102.3092041015625 245.48036193847656 1.7622689 1.7186073 0.74361265 9.453002 1.5227588 15.559097 3.0664560794830322 0.44522297382354736
Car 0.0 0 -1.8614492416381836 752.4664916992188 182.52484130859375 884.876220703125 267.61700439453125 3.5666933 1.4901727 1.6222197 4.0808983 1.7136568 14.843563 -1.5931507349014282 0.9169250726699829
Car 0.0 0 -1.9683222770690918 822.2186279296875 190.87850952148438 1102.7266845703125 348.13226318359375 3.9469278 1.4156489 1.5964717 3.9253328 1.6888833 8.934429 -1.5543609857559204 0.8949816823005676
Car 0.0 0 1.7915505170822144 453.3935852050781 184.7527313232422 524.3137817382812 233.35699462890625 3.844644 1.4816226 1.6089302 -4.1368117 1.9253483 24.918518 1.6270374059677124 0.8466825485229492
Car 0.0 0 -1.7348272800445557 727.8642578125 182.44451904296875 812.7161254882812 245.86280822753906 3.8090584 1.5264888 1.6550217 4.2580376 1.8170997 19.893085 -1.5239630937576294 0.7304928302764893
Car 0.0 0 -1.6801656484603882 710.2523803710938 181.5889129638672 768.5636596679688 229.3527374267578 3.726198 1.5120842 1.608893 4.4431834 1.8436809 25.448465 -1.5073126554489136 0.6389166712760925
Car 0.0 0 1.7780956029891968 494.1722106933594 182.22805786132812 549.1588134765625 221.39585876464844 3.784596 1.5120226 1.5795128 -3.735486 1.9371574 30.739681 1.6571685075759888 0.5702749490737915
Car 0.0 0 0.7747660875320435 1028.3431396484375 184.8267364501953 1242.0 375.0 3.8477213 1.4689902 1.5601683 3.766588 1.558525 3.4196682 1.6084022521972656 0.5056783556938171
Car 0.0 0 -1.6698296070098877 696.9235229492188 177.43792724609375 745.3411254882812 214.80433654785156 4.042951 1.4501643 1.6194204 4.5977426 1.6578019 30.564587 -1.5205219984054565 0.44676822423934937
Car 0.0 0 1.7220361232757568 562.03857421875 180.1261749267578 592.1806030273438 202.302490234375 3.9403436 1.498055 1.6014016 -2.3649368 2.04437 52.122776 1.6766947507858276 0.4069667160511017
Car 0.0 0 1.7558491230010986 512.6582641601562 181.99237060546875 561.3041381835938 216.17784118652344 4.2269273 1.5439994 1.6598072 -3.6052039 2.0269578 35.92561 1.655832052230835 0.376983106136322
