Pedestrian 0.0 0 1.6989779472351074 404.2872619628906 172.2415313720703 427.8511657714844 227.8773651123047 0.9757692 1.8046979 0.6393429 -6.164525 1.5054687 23.822456 1.4457628726959229 0.6581635475158691
Pedestrian 0.0 0 0.25523173809051514 729.8922729492188 151.5577850341797 791.355712890625 258.3491516113281 0.90563834 1.7787395 0.65864915 2.7241817 1.2813019 12.460933 0.47046327590942383 0.4644434154033661
Pedestrian 0.0 0 2.536607503890991 752.3341064453125 130.49278259277344 811.33544921875 227.6060791015625 0.8806658 1.81974 0.67683166 3.4529574 0.86521125 13.9302025 2.779585838317871 0.43431103229522705
Pedestrian 0.0 0 1.6789088249206543 639.3084716796875 153.8507843017578 690.6742553710938 275.5218200683594 0.7861536 1.7342385 0.68368214 0.91308296 1.3414557 10.687607 1.764135718345642 0.4215396046638489
Pedestrian 0.0 0 0.5298890471458435 0.0 188.40480041503906 24.104394912719727 237.70913696289062 0.7854541 1.7079632 0.6316604 -21.045685 1.9564304 25.36163 -0.16277450323104858 0.3785514533519745
Pedestrian 0.0 0 -1.4389631748199463 44.0687255859375 178.43887329101562 118.15381622314453 332.1602783203125 0.7210242 1.6166875 0.58178884 -5.826871 1.5858549 8.007719 -2.0680105686187744 0.37047213315963745
Pedestrian 0.0 0 2.4724700450897217 576.1452026367188 163.2424774169922 618.4559326171875 239.87635803222656 0.82544464 1.8061271 0.6111658 -0.1340968 1.3770313 17.424011 2.4647741317749023 0.3519707918167114
Pedestrian 0.0 0 -1.5307748317718506 491.5918884277344 173.04156494140625 503.5116882324219 204.38540649414062 0.8381321 1.8040085 0.65459204 -6.0393915 1.3179665 41.79214 -1.6742914915084839 0.32632046937942505
Pedestrian 0.0 0 1.3010109663009644 561.8557739257812 171.58480834960938 597.506103515625 235.65028381347656 1.379905 1.7598904 0.6688097 -0.66435707 1.4886729 20.488401 1.2685962915420532 0.26916319131851196
Pedestrian 0.0 0 -1.4017858505249023 716.8236694335938 177.87709045410156 752.5633544921875 250.7520294189453 0.89895505 1.6800364 0.6973829 3.1452894 1.5977235 17.099606 -1.2198798656463623 0.24799683690071106
Pedestrian 0.0 0 -0.1860584169626236 542.2283325195312 169.26730346679688 573.76513671875 219.71725463867188 1.0379568 1.785216 0.6020087 -1.5881988 1.3534092 25.835262 -0.24745522439479828 0.24500401318073273
Pedestrian 0.0 0 1.641749382019043 324.60382080078125 166.27232360839844 351.3365783691406 232.93765258789062 1.5456591 1.8008236 0.60206074 -7.434847 1.3906399 20.227707 1.2895195484161377 0.14411123096942902
Pedestrian 0.0 0 -1.5777989625930786 838.4852905273438 172.64292907714844 882.532470703125 268.8243408203125 1.6258402 1.6526957 0.71851814 4.7168 1.5017835 13.226497 -1.2352410554885864 0.1197439506649971
Cyclist 0.0 0 1.3137013912200928 561.3946533203125 172.43441772460938 596.7511596679688 235.769287109375 1.438776 1.7380021 0.65977323 -0.68260914 1.4903841 20.493282 1.280404806137085 0.3885551691055298
Cyclist 0.0 0 -1.1773005723953247 586.504150390625 176.04002380371094 643.6401977539062 256.1893005371094 1.9287969 1.7146118 0.61208355 0.30517834 1.5990363 16.370766 -1.1586610078811646 0.31448590755462646
Cyclist 0.0 0 1.641749382019043 324.60382080078125 166.27232360839844 351.3365783691406 232.93765258789062 1.5456591 1.8008236 0.60206074 -7.434847 1.3906399 20.227707 1.2895195484161377 0.286711722612381
Cyclist 0.0 0 1.7021162509918213 0.0 198.29510498046875 59.99705505371094 320.79351806640625 1.7406772 1.5990437 0.595018 -8.453282 1.8673391 10.51875 1.0251600742340088 0.2785749137401581
Cyclist 0.0 0 -1.5777989625930786 838.4852905273438 172.64292907714844 882.532470703125 268.8243408203125 1.6258402 1.6526957 0.71851814 4.7168 1.5017835 13.226497 -1.2352410554885864 0.26119759678840637
Cyclist 0.0 0 1.5637744665145874 762.4609375 124.61979675292969 797.7036743164062 222.45201110839844 1.1610787 1.8218232 0.6402372 3.437527 0.7638671 14.013021 1.8043336868286133 0.1834191381931305
Cyclist 0.0 0 -0.09508305788040161 535.2825317382812 169.5922393798828 566.5686645507812 220.11007690429688 1.0649493 1.7866119 0.62889963 -1.8413498 1.3665407 25.800272 -0.16633164882659912 0.1580529361963272
Cyclist 0.0 0 -1.3733940124511719 716.5265502929688 175.4123077392578 753.901123046875 248.96340942382812 1.0385195 1.6809213 0.6827233 3.1450138 1.5430053 17.02291 -1.190702199935913 0.14105789363384247
Cyclist 0.0 0 1.6965137720108032 404.4314270019531 172.10536193847656 427.5605773925781 228.21023559570312 0.98045164 1.818577 0.62641037 -6.1632395 1.5151545 23.807508 1.4431970119476318 0.1382487267255783
Car 0.0 0 2.0272440910339355 0.0 192.0047607421875 342.8394470214844 374.0 4.1002197 1.4361756 1.6030842 -4.018553 1.5714409 7.0607276 1.5098239183425903 0.8628764748573303
