Pedestrian 0.0 0 -0.3411298394203186 611.377685546875 161.33526611328125 646.3829345703125 225.8056640625 0.7919144 1.7092482 0.59702337 0.70755893 1.1758041 19.445553 -0.3047592043876648 0.691842257976532
Pedestrian 0.0 0 1.9153332710266113 648.8262329101562 164.53887939453125 681.4385375976562 228.71771240234375 0.919082 1.7696389 0.65007824 1.7816997 1.3031136 20.357838 2.0026299953460693 0.6543961763381958
Pedestrian 0.0 0 -1.7758620977401733 568.2518920898438 162.31556701660156 601.8848266601562 233.37774658203125 1.0275557 1.7753981 0.668568 -0.46475703 1.2972844 18.520561 -1.8009508848190308 0.6435992121696472
Pedestrian 0.0 0 -3.305596351623535 984.3731689453125 120.57398223876953 1080.2640380859375 298.337646484375 0.78051823 1.7765746 0.5794004 4.476629 1.169046 7.5874114 -2.772556781768799 0.6428322792053223
Pedestrian 0.0 0 1.9667795896530151 835.96875 139.1401824951172 948.8651123046875 371.7326965332031 0.75811005 1.6857729 0.58380485 2.2551932 1.3801606 5.6788077 2.344804525375366 0.5220887064933777
Pedestrian 0.0 0 -0.11245883256196976 597.88671875 161.4515380859375 625.6587524414062 212.14683532714844 0.9577959 1.8452295 0.6401304 0.35513708 1.1165423 26.509514 -0.09906304627656937 0.5065776109695435
Pedestrian 0.0 0 -1.3636776208877563 302.3460998535156 184.46629333496094 368.8336486816406 323.04034423828125 0.6680443 1.6471285 0.6546818 -3.3354619 1.686917 8.93115 -1.7211008071899414 0.42801952362060547
Pedestrian 0.0 0 2.98649263381958 624.0885620117188 156.93299865722656 657.38134765625 227.51376342773438 0.76108205 1.7694304 0.6193065 0.96493983 1.1547297 18.35273 3.0390217304229736 0.4179293215274811
Pedestrian 0.0 0 -1.5573607683181763 473.0028381347656 168.37216186523438 486.4835205078125 208.3897705078125 0.68692446 1.7775147 0.5896201 -5.4796686 1.1953454 32.289394 -1.725464105606079 0.3249959945678711
Pedestrian 0.0 0 -1.6518909931182861 751.4539794921875 142.69815063476562 775.4188232421875 202.2399139404297 0.82791233 1.835226 0.6681417 5.061724 0.64036936 22.594595 -1.4315060377120972 0.31536462903022766
Pedestrian 0.0 0 1.8253533840179443 387.0596923828125 167.4231414794922 441.3796691894531 282.8200378417969 0.7677275 1.7024134 0.6332735 -2.8914428 1.4960514 10.979545 1.5678516626358032 0.27793169021606445
Pedestrian 0.0 0 0.8962544202804565 375.48748779296875 159.29278564453125 401.97308349609375 208.3462677001953 0.750869 1.8219055 0.62864673 -8.059425 0.99813926 27.149635 0.6076881885528564 0.26814165711402893
Pedestrian 0.0 0 -0.7754361629486084 810.3386840820312 130.35585021972656 867.7578735351562 223.1896514892578 0.9372608 1.8252605 0.62849903 4.7922125 0.8209346 14.610203 -0.45848917961120605 0.26634153723716736
Pedestrian 0.0 0 -2.843820095062256 362.88995361328125 184.9477996826172 440.1073913574219 310.1888122558594 0.8415455 1.6326386 0.7053071 -2.7399604 1.6824769 9.743976 -3.117936849594116 0.26384565234184265
Pedestrian 0.0 0 -1.2413662672042847 683.7725830078125 159.7783966064453 721.406494140625 216.43991088867188 1.6324701 1.702775 0.67619777 3.1519363 1.0511268 22.465502 -1.1019749641418457 0.18414251506328583
Pedestrian 0.0 0 3.25571870803833 472.5213317871094 157.24095153808594 542.3422241210938 242.24818420410156 1.4438308 1.8059014 0.59380025 -2.0595655 1.2917702 15.5671835 3.124180793762207 0.17660090327262878
Cyclist 0.0 0 -0.48917049169540405 674.8263549804688 161.44863891601562 731.0323486328125 216.44723510742188 1.5994443 1.668402 0.6867045 3.1341324 1.0612565 22.385138 -0.3500652313232422 0.3961465358734131
Cyclist 0.0 0 3.275975465774536 456.2983703613281 157.29930114746094 539.9119873046875 242.43898010253906 1.730912 1.8079797 0.5819919 -2.2570212 1.2952974 15.550974 3.131844997406006 0.360023558139801
Cyclist 0.0 0 -0.9084311127662659 1086.1668701171875 114.24345397949219 1238.0 286.06170654296875 1.9714142 1.723843 0.73023266 6.337707 1.050429 7.7800956 -0.2248477190732956 0.2527931332588196
Cyclist 0.0 0 -1.785698413848877 568.0406494140625 162.0841064453125 601.9262084960938 233.5424346923828 1.0230893 1.7857555 0.66775775 -0.46696198 1.3017337 18.52496 -1.8109002113342285 0.22263988852500916
Cyclist 0.0 0 -1.3713494539260864 614.0512084960938 161.4123077392578 642.0630493164062 225.9342041015625 0.83522004 1.7026118 0.6056452 0.6952435 1.1737032 19.429585 -1.3355820178985596 0.17601053416728973
Cyclist 0.0 0 -0.1534942239522934 597.6051635742188 161.74623107910156 625.518310546875 211.8416290283203 0.94333 1.821949 0.6302049 0.34767717 1.1045585 26.500929 -0.1403755396604538 0.13113237917423248
Cyclist 0.0 0 1.9153332710266113 648.8262329101562 164.53887939453125 681.4385375976562 228.71771240234375 0.919082 1.7696389 0.65007824 1.7816997 1.3031136 20.357838 2.0026299953460693 0.11404484510421753
Cyclist 0.0 0 1.4718234539031982 751.6460571289062 142.93487548828125 775.50146484375 203.02406311035156 0.99389637 1.8485597 0.63512075 5.072356 0.66327226 22.62774 1.6923433542251587 0.10352371633052826
Car 0.0 0 1.628715991973877 545.0703735351562 170.5792694091797 571.716552734375 193.67808532714844 3.9190562 1.5222608 1.6032829 -2.9056184 0.8032465 49.29751 1.5698436498641968 0.6359879374504089
Car 0.0 0 -0.4169228672981262 663.5512084960938 170.5106201171875 823.9114990234375 231.51885986328125 3.7829757 1.4905273 1.5960218 3.642048 1.2232311 18.747414 -0.22504359483718872 0.38533008098602295
