Pedestrian 0.0 0 2.015288829803467 452.0071105957031 154.43370056152344 505.4865417480469 258.2675476074219 0.84209937 1.8194019 0.66444165 -2.2632904 1.3464152 13.079287 1.8439416885375977 0.7677357792854309
Pedestrian 0.0 0 2.1432323455810547 558.4791259765625 159.3519744873047 614.8197631835938 263.5135498046875 0.77682984 1.7686467 0.68632126 -0.29685795 1.393859 12.705012 2.119871139526367 0.7590547800064087
Pedestrian 0.0 0 1.4376935958862305 856.9816284179688 139.2530975341797 925.0386352539062 289.49560546875 0.8795535 1.7563156 0.6649306 3.5186298 1.2638015 8.901553 1.81412672996521 0.6718149781227112
Pedestrian 0.0 0 1.5551512241363525 743.9886474609375 144.6891326904297 790.4959106445312 254.8911590576172 0.90696806 1.7681162 0.7317348 2.725483 1.1788046 12.041561 1.777740478515625 0.6494842171669006
Pedestrian 0.0 0 -1.350916862487793 288.2005310058594 187.47093200683594 377.99200439453125 342.7700500488281 0.8234746 1.5977234 0.7650174 -2.965593 1.6684588 7.8840737 -1.7106951475143433 0.6395815014839172
Pedestrian 0.0 0 -1.735679030418396 553.6785888671875 164.98590087890625 579.1567993164062 219.42886352539062 0.9873934 1.7924762 0.70274174 -1.2118187 1.249855 24.205067 -1.7857019901275635 0.5980827212333679
Pedestrian 0.0 0 -3.1098239421844482 596.0029296875 167.0389404296875 620.3895874023438 216.8015899658203 0.8509728 1.7502481 0.60510975 0.22313792 1.2426852 25.582138 -3.1011016368865967 0.5533633828163147
Pedestrian 0.0 0 0.3115813732147217 584.3539428710938 162.2318115234375 613.5735473632812 216.09075927734375 0.8233715 1.7792486 0.6528138 -0.10392376 1.1438041 24.163475 0.3072805404663086 0.5346462726593018
Pedestrian 0.0 0 -1.6852967739105225 535.5858764648438 165.32716369628906 555.8554077148438 215.55856323242188 0.88303596 1.7749747 0.6292834 -2.034361 1.2045505 25.874094 -1.7637608051300049 0.521542489528656
Pedestrian 0.0 0 1.0432887077331543 285.90838623046875 158.5111083984375 347.7774658203125 274.8499755859375 0.6524476 1.7305981 0.6518411 -4.4558835 1.3899349 11.14062 0.6628105640411377 0.49168261885643005
Pedestrian 0.0 0 -0.9745570421218872 422.9140319824219 176.38150024414062 476.953125 269.27557373046875 0.87213516 1.7297435 0.6466587 -2.96085 1.6356963 13.898975 -1.184446096420288 0.4016719162464142
Pedestrian 0.0 0 -1.4418160915374756 893.1588745117188 134.11439514160156 957.6395263671875 272.35430908203125 1.0975305 1.7851561 0.6797271 4.4423075 1.1745758 9.919056 -1.0207467079162598 0.2896156311035156
Pedestrian 0.0 0 -1.162078619003296 785.7811279296875 148.13160705566406 824.5390625 224.4739227294922 0.85609436 1.8431059 0.64175737 5.03981 1.0386995 17.874428 -0.8872566223144531 0.26826080679893494
Pedestrian 0.0 0 0.28195497393608093 375.9677734375 175.3220672607422 430.1969909667969 265.5342102050781 0.90026057 1.7620611 0.6542648 -3.992661 1.6426424 14.360165 0.010767221450805664 0.2633551061153412
Cyclist 0.0 0 1.5657488107681274 511.0528564453125 165.09593200683594 539.917724609375 247.01126098632812 1.7895045 1.7557787 0.61677027 -1.7691181 1.4054008 16.318052 1.4577558040618896 0.7775163054466248
Cyclist 0.0 0 -2.150277614593506 90.9228744506836 163.80233764648438 206.6664276123047 275.07635498046875 1.8948715 1.7040858 0.6600215 -7.41795 1.4343606 11.690135 -2.7157135009765625 0.32660531997680664
Cyclist 0.0 0 -1.7429471015930176 553.7179565429688 164.82276916503906 579.3807983398438 219.60743713378906 1.0480162 1.8009106 0.6917794 -1.2076023 1.2537762 24.198183 -1.7928104400634766 0.18971525132656097
Cyclist 0.0 0 1.5531538724899292 746.3348388671875 144.3446502685547 791.080810546875 255.2176971435547 0.97576123 1.76811 0.6992967 2.7391672 1.1768826 12.002052 1.7775356769561768 0.13377432525157928
Cyclist 0.0 0 -0.027363736182451248 593.3147583007812 168.48681640625 620.9193725585938 217.98936462402344 0.96574837 1.7419666 0.5991427 0.17432083 1.2851006 25.584618 -0.02055034041404724 0.12593546509742737
Cyclist 0.0 0 -1.4418160915374756 893.1588745117188 134.11439514160156 957.6395263671875 272.35430908203125 1.0975305 1.7851561 0.6797271 4.4423075 1.1745758 9.919056 -1.0207467079162598 0.12351638078689575
Cyclist 0.0 0 -1.3387609720230103 285.6543884277344 187.0159149169922 378.90167236328125 344.42706298828125 0.89656675 1.6100837 0.77468246 -2.96742 1.6757054 7.873633 -1.6991794109344482 0.11610084027051926
Cyclist 0.0 0 1.40194571018219 588.2285766601562 164.557861328125 612.7110595703125 219.27957153320312 0.9628635 1.7971797 0.6675334 -0.06416909 1.2418518 24.1204 1.3992853164672852 0.10616759210824966
