Pedestrian 0.0 0 3.288759469985962 116.97526550292969 113.66181182861328 208.0547637939453 253.90493774414062 0.9954306 1.853748 0.6149092 -6.166838 0.97194695 9.8223915 2.7281243801116943 0.3452551066875458
Pedestrian 0.0 0 -0.12496691942214966 995.8973999023438 116.7945785522461 1064.1917724609375 250.06512451171875 0.74419796 1.765184 0.53311086 5.7993283 0.92307097 9.753104 0.411482572555542 0.33522626757621765
Pedestrian 0.0 0 -2.3529906272888184 267.52178955078125 177.5482940673828 325.877197265625 266.1648254394531 0.8422748 1.7558473 0.70917034 -6.354214 1.6989915 14.488764 -2.766291618347168 0.3185271620750427
Pedestrian 0.0 0 -2.033193588256836 980.6923217773438 143.3388671875 1031.0064697265625 215.5428466796875 1.3624166 1.7954272 0.5807157 10.300165 0.8729727 18.271643 -1.5198748111724854 0.11810767650604248
Pedestrian 0.0 0 -2.1581435203552246 874.9898681640625 156.15928649902344 907.0656127929688 194.27406311035156 1.7879003 1.7592268 0.50166804 13.541032 0.63721126 33.555836 -1.7745915651321411 0.11204061657190323
Cyclist 0.0 0 -2.1609277725219727 875.8292846679688 155.19520568847656 907.6249389648438 193.10635375976562 1.7515515 1.7477747 0.503863 13.552132 0.5826324 33.500076 -1.7765133380889893 0.3364803194999695
Cyclist 0.0 0 -1.983803153038025 976.2158813476562 136.09457397460938 1029.3597412109375 209.58998107910156 1.7967855 1.8222038 0.52549046 10.30882 0.72283685 18.444757 -1.4741507768630981 0.29718777537345886
Cyclist 0.0 0 -1.6518933773040771 585.4537963867188 169.12779235839844 593.4071044921875 193.3746337890625 1.7999175 1.6751468 0.4128932 -1.0965586 0.8907769 49.75957 -1.6739269495010376 0.21859236061573029
Cyclist 0.0 0 -2.394148826599121 262.731201171875 177.0882110595703 326.465087890625 265.7995300292969 0.99965864 1.7623262 0.6860743 -6.4145355 1.696177 14.528254 -2.809929609298706 0.16641570627689362
Cyclist 0.0 0 3.321307897567749 112.43844604492188 114.24592590332031 214.283203125 255.79298400878906 1.1104751 1.8686459 0.60998523 -6.1483083 0.9956598 9.818279 2.761838674545288 0.10620975494384766
Car 0.0 0 -0.012019217014312744 759.1725463867188 162.18284606933594 882.8590087890625 211.90347290039062 3.9012716 1.6021459 1.6626669 7.279124 1.0134598 24.118078 0.2810990810394287 0.7589505910873413
Car 0.0 0 -0.7930702567100525 0.0 211.8859405517578 291.1583251953125 370.0 3.9809644 1.4241261 1.594182 -3.2195837 1.6618432 3.315641 -1.56377112865448 0.6906352639198303
Car 0.0 0 1.8213036060333252 0.0 182.62088012695312 32.29205322265625 213.52841186523438 4.0977483 1.5576273 1.6293353 -32.505753 1.679986 38.126865 1.1153204441070557 0.28102394938468933
