Pedestrian 0.0 0 -0.012663405388593674 601.524658203125 154.72532653808594 687.3270263671875 296.93603515625 1.042853 1.7270489 0.6443232 0.44126064 1.4157135 8.922738 0.036749839782714844 0.42694470286369324
Pedestrian 0.0 0 -1.6150445938110352 839.9173583984375 172.17462158203125 868.9798583984375 242.35055541992188 0.8161961 1.7248852 0.6540175 6.2552223 1.5218495 17.858984 -1.2781413793563843 0.29191523790359497
Pedestrian 0.0 0 -0.5312726497650146 819.486083984375 189.87704467773438 870.9837646484375 280.1893005371094 0.7128497 1.7225716 0.68717295 4.698252 1.9150392 13.975402 -0.20696216821670532 0.1700027585029602
Pedestrian 0.0 0 -0.6173732280731201 53.02900314331055 190.5209197998047 104.90251922607422 251.1759490966797 1.0167971 1.6865636 0.6472068 -15.223953 1.9860324 20.431082 -1.2577546834945679 0.1664411723613739
Pedestrian 0.0 0 -0.8612779378890991 983.2369384765625 192.742919921875 1120.9710693359375 370.0 0.6533598 1.6187011 0.5865574 3.2700248 1.7184498 5.2788625 -0.3066750168800354 0.12540540099143982
Pedestrian 0.0 0 -3.226506471633911 757.422119140625 170.32705688476562 790.695556640625 256.8982849121094 0.5984923 1.7030635 0.6351238 3.3610086 1.5045676 14.262221 -2.9950709342956543 0.12370429933071136
Pedestrian 0.0 0 -2.4172558784484863 1139.3294677734375 162.5045166015625 1224.0 262.68255615234375 1.5195978 1.6079272 0.56779474 10.064566 1.3207413 12.138035 -1.7249763011932373 0.11627701669931412
Cyclist 0.0 0 0.4856311082839966 38.520992279052734 191.0299530029297 105.61377716064453 253.19949340820312 1.3882533 1.7373724 0.6760081 -15.354835 2.048695 20.349361 -0.16078263521194458 0.1835935264825821
Cyclist 0.0 0 -2.4172558784484863 1139.3294677734375 162.5045166015625 1224.0 262.68255615234375 1.5195978 1.6079272 0.56779474 10.064566 1.3207413 12.138035 -1.7249763011932373 0.16391824185848236
Cyclist 0.0 0 -0.01001741737127304 597.9959106445312 155.10235595703125 688.5662231445312 297.61468505859375 1.0991875 1.7277701 0.6655129 0.42718953 1.4215379 8.920347 0.03783535957336426 0.13830390572547913
Cyclist 0.0 0 -1.65284264087677 850.237060546875 142.7519989013672 891.6806030273438 250.55760192871094 1.8063301 1.7464864 0.5227162 4.5903597 1.1366094 12.389634 -1.298022985458374 0.13018503785133362
Car 0.0 0 1.9489712715148926 52.25175476074219 186.58619689941406 146.4805450439453 229.61846923828125 3.869315 1.4473218 1.5410408 -18.786465 1.6940352 26.420559 1.330864429473877 0.2386801391839981
Car 0.0 0 1.8662326335906982 485.85986328125 143.35232543945312 581.0521240234375 205.37522888183594 4.182574 1.6566464 1.6704905 -2.0412614 0.6660067 21.095598 1.7697705030441284 0.1245444118976593
