Pedestrian 0.0 0 0.6958476305007935 961.655029296875 165.12689208984375 1046.3238525390625 240.20396423339844 1.776612 1.7347171 0.7000263 9.534885 1.5565339 17.62374 1.1917742490768433 0.1473163664340973
Cyclist 0.0 0 0.6958476305007935 961.655029296875 165.12689208984375 1046.3238525390625 240.20396423339844 1.776612 1.7347171 0.7000263 9.534885 1.5565339 17.62374 1.1917742490768433 0.41120216250419617
Car 0.0 0 -1.8766947984695435 793.4542846679688 190.3634490966797 992.7307739257812 315.1116943359375 4.0498834 1.4692844 1.6277189 4.0307713 1.7897153 11.129969 -1.5292329788208008 0.9015825390815735
Car 0.0 0 -1.855311393737793 742.509521484375 184.04653930664062 854.8267822265625 258.3876953125 3.4200232 1.4912617 1.594381 4.196279 1.7782365 16.734592 -1.6096224784851074 0.8363333940505981
Car 0.0 0 1.8046330213546753 467.3001708984375 185.16043090820312 535.8138427734375 230.50613403320312 4.0730734 1.4986973 1.6403048 -4.021301 1.9968524 27.083855 1.6572339534759521 0.8301522731781006
Car 0.0 0 -1.7301318645477295 719.60009765625 182.97703552246094 795.7138061523438 240.05555725097656 3.8692513 1.5288253 1.6536287 4.349204 1.865179 21.98281 -1.53480863571167 0.8160088658332825
Car 0.0 0 -2.1576790809631348 912.0723266601562 185.9093475341797 1242.0 375.0 4.1412163 1.4788265 1.6193196 3.792982 1.6134303 5.320949 -1.5383878946304321 0.6205044984817505
Car 0.0 0 -1.690809726715088 704.070068359375 182.72500610351562 759.4043579101562 226.64324951171875 3.73715 1.5016915 1.6216688 4.5116167 1.9032958 27.425297 -1.5277643203735352 0.5968050360679626
Car 0.0 0 1.7608964443206787 505.58892822265625 183.77720642089844 557.3203125 220.58255004882812 3.9728482 1.5111667 1.6217358 -3.5511513 2.0403666 32.88365 1.6533219814300537 0.5712531208992004
Car 0.0 0 1.6546919345855713 566.801025390625 180.6473388671875 591.8497314453125 202.4844207763672 3.7869108 1.5387588 1.567953 -2.296211 2.1446824 54.138603 1.6123037338256836 0.4320041835308075
Car 0.0 0 1.3638728857040405 929.4849853515625 175.8701934814453 974.0228881835938 202.84884643554688 3.915419 1.4924885 1.5899395 20.018251 1.6791186 42.469036 1.8043479919433594 0.3969537913799286
