Pedestrian 0.0 0 1.589159369468689 544.4619750976562 167.3624267578125 556.3017578125 203.76718139648438 1.8606306 1.7981026 0.5668728 -3.0526206 1.5272207 36.582157 1.505906581878662 0.14184704422950745
Cyclist 0.0 0 1.5996989011764526 544.96728515625 168.43637084960938 557.3765258789062 204.80935668945312 1.865987 1.7917013 0.57443845 -3.0044482 1.5744513 36.486534 1.5175402164459229 0.7482737302780151
Car 0.0 0 -1.956613540649414 791.550048828125 191.3724365234375 1149.572021484375 375.0 3.6086645 1.3917847 1.5529828 2.8319955 1.6102059 6.677714 -1.5555083751678467 0.9168174266815186
Car 0.0 0 0.6368416547775269 0.0 178.0328369140625 320.8675842285156 303.1095275878906 3.8933783 1.4200257 1.5656512 -5.98142 1.4925574 9.158004 0.05826520919799805 0.8812808394432068
Car 0.0 0 -0.4245031476020813 857.9649658203125 168.61021423339844 1155.746337890625 265.1304626464844 3.964458 1.455109 1.5910908 6.2456737 1.3914887 11.792836 0.06255555152893066 0.8339980244636536
Car 0.0 0 -2.6960020065307617 160.74195861816406 178.71490478515625 393.93365478515625 258.1597900390625 3.8349736 1.4495567 1.58649 -6.4358983 1.5712804 14.111565 -3.123894453048706 0.7834750413894653
Car 0.0 0 0.49265193939208984 36.569297790527344 174.19580078125 319.9623718261719 269.1339416503906 3.6522472 1.4259224 1.5447229 -6.8906255 1.4496163 11.70214 -0.039517272263765335 0.7830591201782227
Car 0.0 0 -0.35564813017845154 785.03076171875 177.5358123779297 968.6814575195312 242.82521057128906 3.7683115 1.46492 1.5815163 6.1812053 1.5815582 17.110107 -0.008977146819233894 0.7104825973510742
Car 0.0 0 2.759371757507324 732.3828125 177.1016387939453 879.2294921875 227.1754608154297 4.0650897 1.4605099 1.613785 5.940842 1.5981358 22.2674 3.020094394683838 0.6986278295516968
Car 0.0 0 -2.726550579071045 224.12701416015625 172.8825225830078 423.60931396484375 242.22927856445312 3.934231 1.5043607 1.6156985 -6.507892 1.5054076 16.536613 -3.1014795303344727 0.6819337010383606
Car 0.0 0 0.35776254534721375 306.80572509765625 170.85337829589844 457.5296936035156 225.7786865234375 3.8990796 1.5437888 1.6306477 -6.666081 1.4879153 21.195105 0.05304718017578125 0.6477449536323547
Car 0.0 0 2.696714401245117 707.1970825195312 174.8028106689453 827.9302368164062 218.53945922851562 3.8093865 1.4465809 1.5741638 5.4261312 1.5181941 25.174246 2.9090094566345215 0.6329993605613708
Car 0.0 0 0.8264017701148987 0.0 184.66717529296875 201.39688110351562 359.25018310546875 3.6904912 1.4038992 1.533429 -6.185564 1.5319103 6.8600364 0.09265875816345215 0.6124885082244873
Car 0.0 0 -1.6442712545394897 638.1697998046875 173.84239196777344 672.0026245117188 201.4600067138672 3.982194 1.4714664 1.6013603 2.4547095 1.5301648 40.585407 -1.5838623046875 0.5225908756256104
