Cyclist 0.0 0 1.6077197790145874 501.4844970703125 176.60179138183594 522.2775268554688 232.17498779296875 1.8452959 1.7740867 0.62430197 -3.3102133 1.9046115 24.108316 1.4712671041488647 0.8660585284233093
Car 0.0 0 2.480276584625244 940.3702392578125 186.706298828125 1242.0 328.4353942871094 3.7191143 1.4594513 1.5899953 6.0440426 1.6391827 8.469033 3.100114107131958 0.8440671563148499
Car 0.0 0 3.570446491241455 61.621368408203125 173.01507568359375 342.4989013671875 272.1435546875 3.8716207 1.5701342 1.643301 -6.8747997 1.5734766 12.398068 3.06415057182312 0.8226525187492371
Car 0.0 0 -0.43141990900039673 751.8196411132812 183.5861053466797 946.3773193359375 251.95993041992188 3.91371 1.4359572 1.5998341 5.3420897 1.6969917 16.497744 -0.11826716363430023 0.8223059177398682
Car 0.0 0 -1.6938049793243408 632.7940673828125 178.9613800048828 680.5362548828125 215.04319763183594 3.9787433 1.4621422 1.6200565 1.9628558 1.7502803 31.960678 -1.632467269897461 0.7974814772605896
Car 0.0 0 2.6322853565216064 797.2317504882812 186.24281311035156 1046.0179443359375 273.2310791015625 4.0431304 1.4835674 1.6412627 5.7484236 1.7567888 13.662566 3.0305445194244385 0.7888615131378174
Car 0.0 0 -2.43202543258667 0.0 186.49459838867188 219.06747436523438 342.8167724609375 3.7417297 1.4948568 1.6071293 -6.6199355 1.6594365 7.862238 -3.1318514347076416 0.7711639404296875
Car 0.0 0 0.3778514266014099 145.77706909179688 160.2495880126953 391.0355224609375 246.4160614013672 4.268675 1.6716247 1.725021 -6.9764495 1.4274578 14.979829 -0.05800047516822815 0.675839364528656
Car 0.0 0 -0.5840792655944824 882.8106689453125 186.02291870117188 1176.142333984375 292.30908203125 3.6336102 1.4620503 1.5667123 6.2432446 1.6808317 11.0563 -0.07003717869520187 0.6676071882247925
Car 0.0 0 -0.8035319447517395 1094.9593505859375 192.49871826171875 1242.0 375.0 3.9359431 1.4637297 1.6070042 6.229211 1.6401802 5.591704 0.035744428634643555 0.6101709604263306
Car 0.0 0 -2.76271653175354 397.6280822753906 178.14976501464844 498.7227783203125 216.85011291503906 3.635539 1.4812502 1.5791087 -6.5058002 1.702087 28.971363 -2.983611822128296 0.6052228212356567
Car 0.0 0 -2.8809497356414795 359.1773681640625 178.45140075683594 483.0436706542969 221.66636657714844 4.0539656 1.5023773 1.6428832 -6.815537 1.711921 26.12991 -3.1360976696014404 0.5872201323509216
Car 0.0 0 0.8284400701522827 0.0 188.5104217529297 89.68833923339844 375.0 3.788819 1.4660641 1.586797 -6.3799906 1.6009201 5.3122697 -0.04802410677075386 0.5561501383781433
