Pedestrian 0.0 0 0.2525153160095215 201.1053009033203 140.33514404296875 300.03021240234375 282.7467041015625 1.0525291 1.7669181 0.49495184 -4.598697 1.2702658 9.121276 -0.21446478366851807 0.7745916247367859
Pedestrian 0.0 0 -1.759650468826294 836.9902954101562 171.2895050048828 870.8004150390625 241.26885986328125 0.7938485 1.7218221 0.6648016 6.2315454 1.4967979 17.833189 -1.4234788417816162 0.3814513385295868
Pedestrian 0.0 0 -1.3891066312789917 261.6904602050781 169.85809326171875 306.5516052246094 262.98162841796875 1.0070777 1.7403873 0.62720615 -6.277853 1.5431374 13.773818 -1.816758155822754 0.3060295581817627
Pedestrian 0.0 0 -0.7483878135681152 982.6317138671875 193.6753692626953 1122.375 370.0 0.6628932 1.6229724 0.5835043 3.2709434 1.7297329 5.282465 -0.19396451115608215 0.12113675475120544
Pedestrian 0.0 0 -2.301948070526123 1163.1260986328125 164.75975036621094 1224.0 265.5399475097656 0.83949673 1.6559165 0.61219805 10.108307 1.3989404 12.042095 -1.603631854057312 0.11916087567806244
Pedestrian 0.0 0 -0.6863414645195007 49.310089111328125 190.33236694335938 108.796875 250.6920166015625 1.289722 1.6673231 0.6069398 -15.228327 1.9630963 20.4527 -1.326353907585144 0.11485513299703598
Pedestrian 0.0 0 -0.482196182012558 821.3619384765625 189.02459716796875 869.125732421875 280.3805847167969 0.6644847 1.7470781 0.6535612 4.694091 1.9216115 13.961388 -0.15785032510757446 0.11020408570766449
Pedestrian 0.0 0 2.815713405609131 745.8363037109375 133.2222137451172 808.4522705078125 239.72462463378906 0.92037266 1.8115007 0.59406847 2.954586 1.0090002 12.358945 3.0503737926483154 0.10906843841075897
Pedestrian 0.0 0 -3.1869213581085205 758.547119140625 172.775634765625 790.7291870117188 260.2947692871094 0.60024196 1.7190026 0.62200165 3.3684618 1.5689155 14.243845 -2.954702138900757 0.10799169540405273
Pedestrian 0.0 0 -2.199760913848877 1111.7869873046875 187.71067810058594 1224.0 370.0 0.6876022 1.6747524 0.655444 4.3181 1.7342645 5.3019843 -1.516282320022583 0.10672379285097122
Pedestrian 0.0 0 -1.2736122608184814 70.47237396240234 157.81900024414062 131.6012725830078 252.00733947753906 1.6052853 1.6473147 0.48321325 -9.41838 1.2522782 13.1988535 -1.8933913707733154 0.10634112358093262
Cyclist 0.0 0 1.860203504562378 69.64903259277344 157.52276611328125 131.57650756835938 253.1897430419922 1.673436 1.6665418 0.48537517 -9.412529 1.267918 13.18217 1.2401201725006104 0.3153435289859772
Cyclist 0.0 0 -2.1451752185821533 0.0 178.13963317871094 66.42149353027344 260.98614501953125 1.8487583 1.5997052 0.6272434 -11.873639 1.5557607 14.220986 -2.8408596515655518 0.26378336548805237
Cyclist 0.0 0 0.2525153160095215 201.1053009033203 140.33514404296875 300.03021240234375 282.7467041015625 1.0525291 1.7669181 0.49495184 -4.598697 1.2702658 9.121276 -0.21446478366851807 0.17271028459072113
Cyclist 0.0 0 -1.3891066312789917 261.6904602050781 169.85809326171875 306.5516052246094 262.98162841796875 1.0070777 1.7403873 0.62720615 -6.277853 1.5431374 13.773818 -1.816758155822754 0.1641879379749298
Cyclist 0.0 0 0.4846545457839966 34.262420654296875 191.52874755859375 109.3400650024414 253.38783264160156 1.5918826 1.7260079 0.6835069 -15.362957 2.0524125 20.354778 -0.16188554465770721 0.15128988027572632
Cyclist 0.0 0 1.697715401649475 960.255126953125 142.943115234375 1015.161865234375 259.7655944824219 1.7273849 1.7659935 0.57906425 6.2319517 1.1999103 11.55416 2.192359685897827 0.1474696695804596
Car 0.0 0 -1.1393206119537354 282.6427917480469 197.7545623779297 392.21142578125 255.61154174804688 3.5804877 1.4161053 1.5748762 -7.563042 1.9567801 20.243395 -1.4968680143356323 0.13581502437591553
Car 0.0 0 1.9262850284576416 71.40234375 189.27622985839844 160.8557586669922 231.9886474609375 3.8154688 1.4452808 1.555118 -18.428404 1.8047756 26.797388 1.3238660097122192 0.12792910635471344
Car 0.0 0 -1.2614765167236328 484.6396484375 145.70181274414062 580.8197021484375 207.49830627441406 4.1452036 1.653855 1.6657362 -2.0662844 0.7241368 21.119099 -1.3590056896209717 0.10720673203468323
